  0.10000000000000001                    (2.0000000000219522,0.0000000000000000)
  0.20000000000000001                   (1.9419358591346203,0.28935232318044318)
  0.30000000000000004                   (1.7882553503523377,0.52228457560811525)
  0.40000000000000002                   (1.5847903516893584,0.67112995797734942)
  0.50000000000000000                   (1.3746271929367668,0.73957289210380650)
  0.60000000000000009                   (1.1837495741277535,0.74706818690318488)
  0.70000000000000007                   (1.0222527039723939,0.71458457475749759)
  0.80000000000000004                  (0.89084895903755401,0.65841503347809294)
  0.90000000000000002                  (0.78622538725578395,0.58941739871540821)
   1.0000000000000000                  (0.70402606532821321,0.51421032882547280)
   1.1000000000000001                  (0.64015957745594754,0.43657131370503532)
   1.2000000000000002                  (0.59123454596436231,0.35850796737423934)
   1.3000000000000000                  (0.55461718318795150,0.28096733536401697)
   1.4000000000000001                  (0.52835506505555707,0.20427555403106756)
   1.5000000000000000                  (0.51107324311368685,0.12840235471329009)
   1.6000000000000001             (0.50188351336722692,5.31191104755761034E-002)
   1.7000000000000002            (0.50031999670296123,-2.19045400701703211E-002)
   1.8000000000000000            (0.50630391342597258,-9.70362978774642199E-002)
   1.9000000000000001                 (0.52013754373815813,-0.17262879512885679)
   2.0000000000000000                 (0.54252727589762517,-0.24896233223610756)
   2.1000000000000001                 (0.57463596491213820,-0.32616453846468529)
   2.2000000000000002                 (0.61816347975397112,-0.40408225747123050)
   2.3000000000000003                 (0.67544792382455665,-0.48206814767168382)
   2.4000000000000004                 (0.74956130459186188,-0.55862399090439430)
   2.5000000000000000                 (0.84432718917555505,-0.63081619580967119)
   2.6000000000000001                 (0.96408532574970274,-0.69336295429012773)
   2.7000000000000002                  (1.1128275598061868,-0.73734862527991829)
   2.8000000000000003                  (1.2920233725036521,-0.74882119387713764)
   2.9000000000000004                  (1.4962775381075841,-0.70841117892308803)
   3.0000000000000000                  (1.7068919975853112,-0.59476769760837600)
   3.1000000000000001                  (1.8872473440394779,-0.39549286284534313)
   3.2000000000000002                  (1.9896792401996377,-0.12398918813140693)
   3.3000000000000003                   (1.9797604161206599,0.17305621066456836)
   3.4000000000000004                   (1.8610675224463156,0.43485091065362852)
   3.5000000000000000                   (1.6723737322702539,0.61975754929897953)
   3.6000000000000001                   (1.4607624754413651,0.71977657340239765)
   3.7000000000000002                   (1.2598627301778080,0.74993464885602523)
   3.8000000000000003                   (1.0856698822887030,0.73177518637406413)
   3.9000000000000004                  (0.94201345907863065,0.68384472581431732)
   4.0000000000000000                  (0.82676447596705338,0.61916963845180906)
   4.1000000000000005                  (0.73576701803629807,0.54595226592149593)
   4.2000000000000002                  (0.66473145110281540,0.46899921390766697)
   4.2999999999999998                  (0.60995430356207914,0.39094900077271860)
   4.4000000000000004                  (0.56849178048820981,0.31312331347472233)
   4.5000000000000000                  (0.53812049861079814,0.23606623415388509)
   4.6000000000000005                  (0.51723758857418289,0.15987168791426803)
   4.7000000000000002             (0.50476185967294795,8.43790935356402427E-002)
   4.8000000000000007             (0.50005774029406636,9.29125692123748161E-003)
   4.9000000000000004            (0.50288784701555145,-6.57506496976726362E-002)
   5.0000000000000000                 (0.51339484166184923,-0.14111182367600525)
   5.1000000000000005                 (0.53211235915797317,-0.21711061888721878)
   5.2000000000000002                 (0.56000516666316391,-0.29395030807663630)
   5.3000000000000007                 (0.59853835999976301,-0.37161449728440243)
   5.4000000000000004                 (0.64977168966162158,-0.44969488862435603)
   5.5000000000000000                 (0.71646279653260980,-0.52710286618093516)
   5.6000000000000005                 (0.80213097889590446,-0.60159166511345219)
   5.7000000000000002                 (0.91095847620446957,-0.66899166160999268)
   5.8000000000000007                  (1.0472514144566292,-0.72207465629048073)
   5.9000000000000004                  (1.2139137840357781,-0.74913037064406052)
   6.0000000000000000                  (1.4090959197605677,-0.73293020078117388)
   6.1000000000000005                  (1.6204590004323300,-0.65211806105599202)
   6.2000000000000002                  (1.8189270322302062,-0.48869164092300899)
   6.3000000000000007                  (1.9594165915258388,-0.24336254084781461)
   6.4000000000000004              (1.9983031132694364,5.03947002128395244E-002)
   6.5000000000000000                   (1.9216860391200687,0.33366932454946990)
   6.6000000000000005                   (1.7561854843935851,0.55342021104484196)
   6.7000000000000002                   (1.5489749482302479,0.68783138731221771)
   6.8000000000000007                   (1.3407404597161918,0.74448945354657181)
   6.9000000000000004                   (1.1544366205919734,0.74388593966642558)
   7.0000000000000000                  (0.99811333332527652,0.70643608038252304)
   7.1000000000000005                  (0.87149883161052666,0.64748421211967933)
   7.2000000000000002                  (0.77095347367661005,0.57707321276853940)
   7.3000000000000007                  (0.69210656134287230,0.50125255761099508)
   7.4000000000000004                  (0.63096873397134978,0.42343786195509053)
   7.5000000000000000                  (0.58427769703663557,0.34541746858660605)
   7.6000000000000005                  (0.54952116875795742,0.26800909920240334)
   7.7000000000000002                  (0.52485103883726192,0.19146407662544432)
   7.8000000000000007                  (0.50897991895380423,0.11570985652582878)
   7.9000000000000004             (0.50109434052192170,4.04951233211298944E-002)
   8.0000000000000000            (0.50079518135638934,-3.45207190886464149E-002)
   8.0999999999999996                 (0.50806737027805837,-0.10970642857074417)
   8.2000000000000011                 (0.52327873219052934,-0.18540685678380542)
   8.3000000000000007                 (0.54720795242639053,-0.26188318976987940)
   8.4000000000000004                 (0.58110183911186875,-0.33922656388830730)
   8.5000000000000000                 (0.62676017090881864,-0.41721869032574244)
   8.5999999999999996                 (0.68663861608389531,-0.49509909680111980)
   8.7000000000000011                 (0.76393823620134205,-0.57117676807589601)
   8.8000000000000007                 (0.86259683874157822,-0.64219738058383546)
   8.9000000000000004                 (0.98698144503206386,-0.70236716456390236)
   9.0000000000000000                  (1.1408605894235837,-0.74201523907568079)
   9.0999999999999996                  (1.3249221873567858,-0.74624677526819483)
   9.2000000000000011                  (1.5320154796590963,-0.69495635346715046)
   9.3000000000000007                  (1.7405846663404891,-0.56729461045678997)
   9.4000000000000004                  (1.9111924952172312,-0.35400632398855925)
   9.5000000000000000             (1.9963214201187494,-7.41626065175970683E-002)
   9.6000000000000014                   (1.9666745583988914,0.22107340339053527)
   9.7000000000000011                   (1.8328913452645623,0.47194701144467049)
   9.8000000000000007                   (1.6372443886965407,0.64229172616213237)
   9.9000000000000004                   (1.4255935078549082,0.72915317679557623)
   10.000000000000000                   (1.2284853019466655,0.74968993780416671)
   10.100000000000001                   (1.0593889172528250,0.72537274108713445)
   10.200000000000001                  (0.92074935599839147,0.67386381052899125)
   10.300000000000001                  (0.80988796741109870,0.60728908964547357)
   10.400000000000000                  (0.72253612825915492,0.53317981363332467)
   10.500000000000000                  (0.65447328418047079,0.45590235199412338)
   10.600000000000001                  (0.60212026293731513,0.37782403709538875)
   10.700000000000001                  (0.56266005249959228,0.30010505698662981)
   10.800000000000001                  (0.53398104009293501,0.22319533446817419)
   10.900000000000000                  (0.51457451707691071,0.14713498464636918)
   11.000000000000000             (0.50343879384403512,7.17337344458723325E-002)
   11.100000000000001            (0.50000777196345081,-3.32043414011436904E-003)
   11.200000000000001            (0.50410844902432805,-7.83910232354101816E-002)
   11.300000000000001                 (0.51594767417116105,-0.15383925883590013)
   11.400000000000000                 (0.53612796989013334,-0.22996959882304877)
   11.500000000000000                 (0.56569262747397175,-0.30695706913566823)
   11.600000000000001                 (0.60619958770604598,-0.38473386135838489)
   11.700000000000001                 (0.65981894065584223,-0.46280154428761872)
   11.800000000000001                 (0.72943423964802223,-0.53991667558873369)
   11.900000000000000                 (0.81869052083357308,-0.61357198171316851)
   12.000000000000000                 (0.93184683306388616,-0.67917351461064435)
   12.100000000000001                  (1.0731183879136634,-0.72884194431371996)
   12.200000000000001                  (1.2449073387578300,-0.74998080557892777)
   12.300000000000001                  (1.4440615766551417,-0.72445604049458612)
   12.400000000000000                  (1.6558047206696611,-0.63072829697021437)
   12.500000000000000                  (1.8479602823174488,-0.45270123245002930)
   12.600000000000001                  (1.9739498002519127,-0.19593645423840025)
   12.700000000000001                   (1.9932354555403076,0.10047594467635004)
   12.800000000000001                   (1.8988745945414787,0.37610708914489643)
   12.900000000000000                   (1.7229582435465083,0.58207043345941845)
   13.000000000000000                   (1.5131764698191308,0.70230648395042627)
   13.100000000000001                   (1.3075093910672528,0.74778981318694138)
   13.200000000000001                   (1.1259902783339690,0.73967497717382202)
   13.300000000000001                  (0.97482141113719434,0.69769236935371304)
   13.400000000000000                  (0.85288740391197559,0.63623879447386866)
   13.500000000000000                  (0.75629425716577081,0.56458225816568430)
   13.600000000000001                  (0.68068619578960454,0.48824226678609783)
   13.700000000000001                  (0.62218473045266653,0.41030096657993381)
   13.800000000000001                  (0.57765683696792325,0.33234574164666286)
   13.900000000000000                  (0.54470910942875850,0.25507619856418245)
   14.000000000000000                  (0.52159474926610128,0.17867555813668354)
   14.100000000000001                  (0.50711145003679681,0.10303300789187750)
   14.200000000000001             (0.50051878924897031,2.78770142455589363E-002)
   14.300000000000001            (0.50148354546515739,-4.71415665674260673E-002)
   14.400000000000000                 (0.51005432390652983,-0.12239111217864189)
   14.500000000000000                 (0.52666528411857061,-0.19820704632608963)
   14.600000000000001                 (0.55216902902258602,-0.27482905882711023)
   14.700000000000001                 (0.58789873380570556,-0.35230794468329796)
   14.800000000000001                 (0.63575705514874536,-0.43035384554238093)
   14.900000000000000                 (0.69831992661979836,-0.50808238279743989)
   15.000000000000000                 (0.77891765107020716,-0.58359209353407415)
   15.100000000000001                 (0.88159453599907456,-0.65328045726973927)
   15.200000000000001                  (1.0107175333917742,-0.71080333962989573)
   15.300000000000001                  (1.1697638688731482,-0.74569367867800973)
   15.400000000000000                  (1.3585053521231900,-0.74210696190885528)
   15.500000000000000                  (1.5678398666221609,-0.67931810465268216)
   15.600000000000001                  (1.7732287575252981,-0.53733231813083326)
   15.700000000000001                  (1.9326781518459335,-0.31055461305924442)
   15.800000000000001             (1.9996153410393924,-2.38782770165748594E-002)
   15.900000000000000                   (1.9505651901718783,0.26777231855290340)
   16.000000000000000                   (1.8029629203982516,0.50668169039546929)
   16.100000000000001                   (1.6017044270322942,0.66241923683881587)
   16.199999999999999                   (1.3908776019069016,0.73664756730999792)
   16.300000000000001                   (1.1979253147265247,0.74818787385869145)
   16.400000000000002                   (1.0339804468313885,0.71821512162889856)
   16.500000000000000                  (0.90027406658507647,0.66346784334403819)
   16.600000000000001                  (0.79367600321326892,0.59520294853652644)
   16.699999999999999                  (0.70984916398327835,0.52032249248294504)
   16.800000000000001                  (0.64465758742938117,0.44278573915329794)
   16.900000000000002                  (0.59464917509158677,0.36471099838488485)
   17.000000000000000                  (0.55713179985146999,0.28711076342525743)
   17.100000000000001                  (0.53010260582913538,0.21034912224312041)
   17.199999999999999                  (0.51214429683725904,0.13441733978839909)
   17.300000000000001             (0.50233265569925034,5.90984479677881119E-002)
   17.400000000000002            (0.50016985568218097,-1.59324580275797233E-002)
   17.500000000000000            (0.50554690235210475,-9.10420719232354486E-002)
   17.600000000000001                 (0.51873527882397241,-0.16658614708266539)
   17.699999999999999                 (0.54040766906890525,-0.24285324330827579)
   17.800000000000001                 (0.57168798399741882,-0.31998700958279458)
   17.900000000000002                 (0.61422980294836227,-0.39786303114900146)
   18.000000000000000                 (0.67031653731601004,-0.47588403092355014)
   18.100000000000001                 (0.74295931898019762,-0.55263730500292729)
   18.199999999999999                 (0.83592545512220706,-0.62533202800928678)
   18.300000000000001                 (0.95353356145598278,-0.68891586323613263)
   18.400000000000002                  (1.0998600117263166,-0.73481618935357174)
   18.500000000000000                  (1.2767009001648195,-0.74952195896941409)
   18.600000000000001                  (1.4794254157903628,-0.71404421951714570)
   18.699999999999999                  (1.6906359821004979,-0.60690532912822270)
   18.800000000000001                  (1.8751128847888108,-0.41439969751076461)
   18.900000000000002                  (1.9853813867459098,-0.14733251911579526)
   19.000000000000000                   (1.9848546172242145,0.14993788259734306)
   19.100000000000001                   (1.8737226478229931,0.41648933048246695)
   19.200000000000003                   (1.6888031802008052,0.60823189419160417)
   19.300000000000001                   (1.4775399026879927,0.71464737213651908)
   19.400000000000002                   (1.2749936134283848,0.74958086521344303)
   19.500000000000000                   (1.0984184009667211,0.73452016484823424)
   19.600000000000001                  (0.95236198786907789,0.68841048822635031)
   19.700000000000003                  (0.83499326435697507,0.62471369549431088)
   19.800000000000001                  (0.74222715097559888,0.55196454006145235)
   19.900000000000002                  (0.66974773298545953,0.47519017404583541)
   20.000000000000000                  (0.61379409383825601,0.39716576851918767)
   20.100000000000001                  (0.57136189681434313,0.31929464777430550)
   20.200000000000003                  (0.54017381438736489,0.24216860449186264)
   20.300000000000001                  (0.51858141481027886,0.16590890626600105)
   20.400000000000002             (0.50546512126921739,9.03701500573344807E-002)
   20.500000000000000             (0.50015600981538499,1.52628785887921822E-002)
   20.600000000000001            (0.50238604436485956,-5.97689877950988366E-002)
   20.700000000000003                 (0.51226761166448065,-0.13509200846142219)
   20.800000000000001                 (0.53030213422657579,-0.21103044911309365)
   20.900000000000002                 (0.55741789206675274,-0.28779993202618664)
   21.000000000000000                 (0.59503696440352960,-0.36540671638184896)
   21.100000000000001                 (0.64516789912346240,-0.44348234614359561)
   21.200000000000003                 (0.71050940088164394,-0.52100680224870888)
   21.300000000000001                 (0.79452037438651923,-0.59584908580316576)
   21.400000000000002                 (0.90134159346017451,-0.66402912134591097)
   21.500000000000000                  (1.0353074826179278,-0.71861248702792691)
   21.600000000000001                  (1.1995265147825331,-0.74829703501850098)
   21.700000000000003                  (1.3927072800405678,-0.73629457027871625)
   21.800000000000001                  (1.6035977976799802,-0.66140952265888064)
   21.900000000000002                  (1.8045909464162435,-0.50489775186264718)
   22.000000000000000                  (1.9514926520751528,-0.26533010966128190)
   22.100000000000001              (1.9995242528399184,2.65541970356315861E-002)
   22.200000000000003                   (1.9316018905054606,0.31290737537995233)
   22.300000000000001                   (1.7715251959180012,0.53898477349858398)
   22.400000000000002                   (1.5659378961555117,0.68020402002238967)
   22.500000000000000                   (1.3567061636476385,0.74236725449007190)
   22.600000000000001                   (1.1682077471489152,0.74552415231199620)
   22.700000000000003                   (1.0094361944038632,0.71037029102107507)
   22.800000000000001                  (0.88056749257274847,0.65269977481049568)
   22.900000000000002                  (0.77810712525878079,0.58293642503513132)
   23.000000000000000                  (0.69768738166777056,0.50739418744485787)
   23.100000000000001                  (0.63526937352826462,0.42965637814450808)
   23.200000000000003                  (0.58752965298982085,0.35161281544272249)
   23.300000000000001                  (0.55189873732932215,0.27414100469816394)
   23.400000000000002                  (0.52647950677730526,0.19752682852959266)
   23.500000000000000                  (0.50994343503512751,0.12171724832277138)
   23.600000000000001             (0.50144188757454800,4.64713733434742454E-002)
   23.700000000000003            (0.50054424970051259,-2.85467605668868196E-002)
   23.800000000000001                 (0.50720529914761614,-0.10370558650163865)
   23.900000000000002                 (0.52176173735458831,-0.17935383592100812)
   24.000000000000000                 (0.54495782463445308,-0.25576202652946334)
   24.100000000000001                 (0.57800032191615791,-0.33303902807610986)
   24.200000000000003                 (0.62264132845531606,-0.41099815332549661)
   24.300000000000001                 (0.68128048735785862,-0.48893377930959203)
   24.400000000000002                 (0.75705766460279589,-0.56524827705433756)
   24.500000000000000                 (0.85385740884463268,-0.63684247906676217)
   24.600000000000001                 (0.97603694051087475,-0.69816972283336232)
   24.700000000000003                  (1.1274783825687784,-0.73992191090118553)
   24.800000000000001                  (1.3092556167649356,-0.74765218583031245)
   24.900000000000002                  (1.5150731729423765,-0.70159109551971721)
   25.000000000000000                  (1.7247460370499466,-0.58061071730907043)
   25.100000000000001                  (1.9001444078725644,-0.37390339832118197)
   25.200000000000003             (1.9935860494600719,-9.78298011711265514E-002)
   25.300000000000001                   (1.9732526733661793,0.19848577433716105)
   25.400000000000002                   (1.8464622408062366,0.45466987492485444)
   25.500000000000000                   (1.6539382025643985,0.63192330583323297)
   25.600000000000001                   (1.4421936599105798,0.72495239860392757)
   25.700000000000003                   (1.2432412390162626,0.74996650925957464)
   25.800000000000001                   (1.0717231887444307,0.72850095800540848)
   25.900000000000002                  (0.93071816718372924,0.67864275636474580)
   26.000000000000000                  (0.81779488215624341,0.61294052754743500)
   26.100000000000001                  (0.72873218227680470,0.53923798890345165)
   26.200000000000003                  (0.65927472934183484,0.46210574425898981)
   26.300000000000001                  (0.60578409391223120,0.38403667064446917)
   26.400000000000002                  (0.56538344789773443,0.30626563504552839)
   26.500000000000000                  (0.53590863694171342,0.22928607210460789)
   26.600000000000001                  (0.51580672244676928,0.15316293416548463)
   26.700000000000003             (0.50403863562345275,7.77196178941022414E-002)
   26.800000000000001             (0.50000554419177756,2.65087989024937127E-003)
   26.900000000000002            (0.50350401872609551,-7.24047500959998369E-002)
   27.000000000000000                 (0.51471046958937250,-0.14781055933858683)
   27.100000000000001                 (0.53419465079443273,-0.22387782412470608)
   27.200000000000003                 (0.56296241804442848,-0.30079531608164906)
   27.300000000000001                 (0.60252740439718921,-0.37852018557967698)
   27.400000000000002                 (0.65500707375488265,-0.45659771027320911)
   27.500000000000000                 (0.72322512276486739,-0.53385946996351108)
   27.600000000000001                 (0.81076739387380858,-0.60792430200839409)
   27.700000000000003                 (0.92185846806409444,-0.67440328930078541)
   27.800000000000001                  (1.0607620883513247,-0.72573062235830366)
   27.900000000000002                  (1.2301302589404624,-0.74973337744203272)
   28.000000000000000                  (1.4274488336313376,-0.72870133277224980)
   28.100000000000001                  (1.6391192400762713,-0.64115408056481449)
   28.200000000000003                  (1.8344302432734374,-0.47003431940807433)
   28.300000000000001                  (1.9674427322406782,-0.21855410366687020)
   28.400000000000002              (1.9960483666926376,7.68217855573740394E-002)
   28.500000000000000                   (1.9099775850067362,0.35625835298668601)
   28.600000000000001                   (1.7388176829313156,0.56881364939483492)
   28.700000000000003                   (1.5301131262560812,0.69572247934452336)
   28.800000000000001                   (1.3231570950301732,0.74641977539046389)
   28.900000000000002                   (1.1393501639461772,0.74178980079869539)
   29.000000000000000                  (0.98574503578663997,0.70190140963596193)
   29.100000000000001                  (0.86160911095073067,0.64159907242579350)
   29.200000000000003                  (0.76316045831194723,0.57051256367679581)
   29.300000000000001                  (0.68603288061373513,0.49440752562309953)
   29.400000000000002                  (0.62629445046919485,0.41652057900997036)
   29.500000000000000                  (0.58075098130656222,0.33853207712701217)
   29.600000000000001                  (0.54695313047848582,0.26119622032052864)
   29.700000000000003                  (0.52310650566901207,0.18472768019766658)
   29.800000000000001                  (0.50796881990199094,0.10903329093694934)
   29.900000000000002             (0.50076526780449593,3.38508002282714437E-002)
   30.000000000000000            (0.50113152398734251,-4.11650897338365976E-002)
   30.100000000000001                 (0.50908603996341228,-0.11638311202397703)
   30.200000000000003                 (0.52503145937009554,-0.19214336085668246)
   30.300000000000001                 (0.54978517417754236,-0.26869600787033060)
   30.400000000000002                 (0.58463915393420851,-0.34611144352773804)
   30.500000000000000                 (0.63144696615301033,-0.42413452780205507)
   30.600000000000001                 (0.69272726777799443,-0.50194094662338717)
   30.700000000000003                 (0.77174917568589663,-0.57773116138719360)
   30.800000000000001                 (0.87250765096508864,-0.64807104843239305)
   30.900000000000002                 (0.99937336602264848,-0.70688195419067934)
   31.000000000000000                  (1.1559704715523034,-0.74407880412038852)
   31.100000000000001                  (1.3425220482035978,-0.74426690065707291)
   31.200000000000003                  (1.5508745629991760,-0.68699819785157668)
   31.300000000000001                  (1.7579150653717797,-0.55182668121777045)
   31.400000000000002                  (1.9228219367691848,-0.33136030109226017)
   31.500000000000000             (1.9984722634599603,-4.77243120952538583E-002)
   31.600000000000001                   (1.9585555992252890,0.24584073594909700)
   31.700000000000003                   (1.8173334333236060,0.49053309714956062)
   31.800000000000001                   (1.6185690602859801,0.65318329856091484)
   31.900000000000002                   (1.4072511847104083,0.73332477198679080)
   32.000000000000000                   (1.2122907269540519,0.74904771619830590)
   32.100000000000001                   (1.0459024989864827,0.72169223251694192)
   32.200000000000003                  (0.90987185962381079,0.66843777827691320)
   32.300000000000004                  (0.80127094854781289,0.60094845515040662)
   32.399999999999999                  (0.71579004400725299,0.52641904465471601)
   32.500000000000000                  (0.64925143930402163,0.44899757876920149)
   32.600000000000001                  (0.59814261350128062,0.37091761541377299)
   32.700000000000003                  (0.55971257203246616,0.29325993550741741)
   32.800000000000004                  (0.53190734948975049,0.21642828616710122)
   32.899999999999999                  (0.51326670889754844,0.14043647421992286)
   33.000000000000000             (0.50282999839123488,6.50798162480051012E-002)
   33.100000000000001            (0.50006720935467275,-9.96071864043790098E-003)
   33.200000000000003            (0.50483907922242865,-8.50504909771224032E-002)
   33.300000000000004                 (0.51738642281039837,-0.16054803172908960)
   33.399999999999999                 (0.53834853427929086,-0.23674968270229357)
   33.500000000000000                 (0.56881087962103904,-0.31381435131683555)
   33.600000000000001                 (0.61038139666343172,-0.39164509504686007)
   33.700000000000003                 (0.66528946641850772,-0.46969256445938451)
   33.800000000000004                 (0.73648562939215001,-0.54662606321821461)
   33.899999999999999                 (0.82767980624353021,-0.61979200116699351)
   34.000000000000000                 (0.94316472766673176,-0.68435943356364182)
   34.100000000000001                  (1.0870888774972975,-0.73208926807569441)
   34.200000000000003                  (1.2615490144313659,-0.74990669228262652)
   34.300000000000004                  (1.4626370607726817,-0.71921991588155187)
   34.399999999999999                  (1.6742184890175276,-0.61848900112638527)
   34.500000000000000                  (1.8625029289211792,-0.43281446500725146)
   34.600000000000001                  (1.9803598273020391,-0.17047444877283643)
   34.700000000000003                   (1.9892264731907103,0.12661417747943973)
   34.800000000000004                   (1.8859052639624097,0.39763360002439668)
   34.899999999999999                   (1.7050739372882717,0.59615218916540769)
   35.000000000000000                   (1.4943828885526613,0.70906176395927156)
   35.100000000000001                   (1.2902959907041747,0.74891218032308360)
   35.200000000000003                   (1.1113636726350631,0.73707155969679217)
   35.300000000000004                  (0.96289346044236679,0.69286745983753995)
   35.399999999999999                  (0.84337804713203512,0.63020219210558481)
   35.500000000000000                  (0.74881555108183173,0.55795246369296403)
   35.600000000000001                  (0.67486838037959562,0.48137395534548555)
   35.700000000000003                  (0.61771923586537314,0.40338398660798652)
   35.800000000000004                  (0.57430297799203478,0.32547102238182279)
   35.899999999999999                  (0.54228768922792236,0.24827668443750051)
   36.000000000000000                  (0.51997873254510352,0.17195084625571253)
   36.100000000000001             (0.50621764944485814,9.63640513400245285E-002)
   36.200000000000003             (0.50030184887744789,2.12350598977746260E-002)
   36.300000000000004            (0.50193251121316440,-5.37891170606972571E-002)
   36.399999999999999                 (0.51119180128093111,-0.12907607652187561)
   36.500000000000000                 (0.52854916793722928,-0.20495558424681831)
   36.600000000000001                 (0.55489682922158479,-0.28165498493748137)
   36.700000000000003                 (0.59161444288784037,-0.35920216236452862)
   36.800000000000004                 (0.64066003780097014,-0.43726678144334741)
   36.899999999999999                 (0.70467388360999716,-0.51489456890592178)
   37.000000000000000                 (0.78705410518564145,-0.59006567771399843)
   37.100000000000001                 (0.89189716539263630,-0.65898256160208435)
   37.200000000000003                  (1.0235572496189553,-0.71499535344654397)
   37.300000000000004                  (1.1853276746204460,-0.74720202346188669)
   37.399999999999999                  (1.3764395180718088,-0.73925959838976896)
   37.500000000000000                  (1.5866834332280628,-0.67017458479788639)
   37.600000000000001                  (1.7899130099366487,-0.52055888178158694)
   37.700000000000003                  (1.9429256113713504,-0.28694948608524645)
   37.800000000000004              (1.9999853938074130,2.67656958089243242E-003)
   37.899999999999999                   (1.9409203348536923,0.29174481901168658)
   38.000000000000000                   (1.7865799011421191,0.52399397396337344)
   38.100000000000001                   (1.5828877374173318,0.67206810815251827)
   38.200000000000003                   (1.3728114189614127,0.73987101848632453)
   38.300000000000004                   (1.1821716931484669,0.74692215299110309)
   38.400000000000006                   (1.0209503198829264,0.71416443855854939)
   38.500000000000000                  (0.88980389943951499,0.65784062751320282)
   38.600000000000001                  (0.78540028778953530,0.58876426008966254)
   38.700000000000003                  (0.70338196307621903,0.51352267283507869)
   38.800000000000004                  (0.63966271801131414,0.43587342565857656)
   38.900000000000006                  (0.59085807855903039,0.35781207303877277)
   39.000000000000000                  (0.55434080171141453,0.28027852936339603)
   39.100000000000001                  (0.52816408891674793,0.20359480665976631)
   39.200000000000003                  (0.51095771040426063,0.12772830729046233)
   39.300000000000004             (0.50183747403556800,5.24491412964362969E-002)
   39.400000000000006            (0.50034106617297958,-2.25736342161471024E-002)
   39.500000000000000            (0.50639308995929277,-9.77078032143975650E-002)
   39.600000000000001                 (0.52029928408207127,-0.17330561345821013)
   39.700000000000003                 (0.54276983113161181,-0.24964639664351254)
   39.800000000000004                 (0.57497197420574986,-0.32685592621349513)
   39.900000000000006                 (0.61861079598826285,-0.40477773182005705)
   40.000000000000000                 (0.67603053901227550,-0.48275872147120613)
   40.100000000000001                 (0.75030998878071231,-0.55929085104618437)
   40.200000000000003                 (0.84527888389343320,-0.63142414067890229)
   40.300000000000004                 (0.96527898299542081,-0.69385056650813903)
   40.400000000000006                  (1.1142917479122405,-0.73761552218712212)
   40.500000000000000                  (1.2937482263597111,-0.74871743572493710)
   40.600000000000001                  (1.4981648007528856,-0.70774560979770984)
   40.700000000000003                  (1.7086955934477737,-0.59336803889244549)
   40.800000000000004                  (1.8885671493596774,-0.39334095428650084)
   40.900000000000006                  (1.9901048149419707,-0.12136175970015589)
   41.000000000000000                   (1.9791351442723726,0.17563002638380767)
   41.100000000000001                   (1.8596131587764435,0.43687216618530250)
   41.200000000000003                   (1.6705184661305728,0.62100883053958011)
   41.300000000000004                   (1.4588841195178353,0.72031762265711841)
   41.400000000000006                   (1.2581768685347636,0.74995011138978684)
   41.500000000000000                   (1.0842535047244297,0.73145175857356748)
   41.600000000000001                  (0.94086578883743699,0.68332333260916911)
   41.700000000000003                  (0.82585305367063877,0.61854263308371582)
   41.800000000000004                  (0.73505227689764030,0.54527529935827923)
   41.900000000000006                  (0.66417712415730401,0.46830374066361885)
   42.000000000000000                  (0.60953066991438365,0.39025153205154317)
   42.100000000000001                  (0.56817591416407776,0.31243145709440051)
   42.200000000000003                  (0.53789549972036643,0.23538240491893447)
   42.300000000000004                  (0.51709163295568472,0.15919532718368751)
   42.400000000000006             (0.50468739833044940,8.37079986478633242E-002)
   42.500000000000000             (0.50005094436418807,8.62240069397382167E-003)
   42.600000000000001            (0.50294831383287175,-6.64205703422354882E-002)
   42.700000000000003                 (0.51352556243357683,-0.14178592994515998)
   42.800000000000004                 (0.53231994622042467,-0.21779133462940517)
   42.900000000000006                 (0.56030034174356025,-0.29463862381378131)
   43.000000000000000                 (0.59893669053963972,-0.37230878740057050)
   43.100000000000001                 (0.65029450119745924,-0.45038893916295075)
   43.200000000000003                 (0.71713801510989950,-0.52778257971455034)
   43.300000000000004                 (0.80299321083833908,-0.60222965861819922)
   43.400000000000006                 (0.91204670083005535,-0.66953884556518029)
   43.500000000000000                  (1.0486008120948382,-0.72244849322250837)
   43.600000000000001                  (1.2155352488612148,-0.74920223636056060)
   43.700000000000003                  (1.4109353850073776,-0.73252269935017877)
   43.800000000000004                  (1.6223379155247917,-0.65103892821839038)
   43.900000000000006                  (1.8205024018950327,-0.48683844153497885)
   44.000000000000000                  (1.9602533961389805,-0.24087931916760799)
   44.100000000000001              (1.9981088162550111,5.30603485099337205E-002)
   44.200000000000003                   (1.9205301212374972,0.33596528125678815)
   44.300000000000004                   (1.7544440051059667,0.55499712567532722)
   44.400000000000006                   (1.5470707039923348,0.68864878716923761)
   44.500000000000000                   (1.3389590148599251,0.74469914020966799)
   44.600000000000001                   (1.1529054337357438,0.74368343841571150)
   44.700000000000003                  (0.99685704281311149,0.70598334444175670)
   44.800000000000004                  (0.87049408288193597,0.64689270572883306)
   44.900000000000006                  (0.77016180314521343,0.57641222274977166)
   45.000000000000000                  (0.69148964528860035,0.50056225190960291)
   45.100000000000001                  (0.63049398339854090,0.42274005574085871)
   45.200000000000003                  (0.58391943544663938,0.34472291153283441)
   45.300000000000004                  (0.54926011510293793,0.26732202192796511)
   45.400000000000006                  (0.52467337018243787,0.19078495356377062)
   45.500000000000000                  (0.50887639257060169,0.11503705193444598)
   45.600000000000001             (0.50105963081977078,3.98258776059870132E-002)
   45.700000000000003            (0.50082747830684327,-3.51896531338036778E-002)
   45.800000000000004                 (0.50816824035056773,-0.11037830446286161)
   45.900000000000006                 (0.52345323708836700,-0.18608445957284478)
   46.000000000000000                 (0.54746502786828088,-0.26256821529144792)
   46.100000000000001                 (0.58145492989194814,-0.33991865648917829)
   46.200000000000003                 (0.62722808704323352,-0.41791385439476392)
   46.300000000000004                 (0.68724645046263444,-0.49578703659417694)
   46.400000000000006                 (0.76471788983950229,-0.57183646082682449)
   46.500000000000000                 (0.86358603300060144,-0.64279002495971171)
   46.600000000000001                 (0.98821856952818654,-0.70282577529189827)
   46.700000000000003                  (1.1423702402499682,-0.74223166288731945)
   46.800000000000004                  (1.3266837288550839,-0.74606268964998779)
   46.900000000000006                  (1.5339097094361336,-0.69417767987054169)
   47.000000000000000                  (1.7423372122711087,-0.56576376563903663)
   47.100000000000001                  (1.9123865996559992,-0.35174719229243406)
   47.200000000000003             (1.9965707347217867,-7.15048617836099576E-002)
   47.300000000000004                   (1.9658856214327636,0.22358236358088357)
   47.400000000000006                   (1.8313389455020721,0.47384423793290248)
   47.500000000000000                   (1.6353636316376656,0.64341351839971950)
   47.600000000000001                   (1.4237377139913072,0.72959166395206065)
   47.700000000000003                   (1.2268428995310887,0.74963644971126664)
   47.800000000000004                   (1.0580196354461817,0.72500782708101141)
   47.900000000000006                  (0.91964451267122849,0.67331966890204731)
   48.000000000000000                  (0.80901268815301175,0.60665089862412691)
   48.100000000000001                  (0.72185095599108740,0.53249833345541586)
   48.200000000000003                  (0.65394297339287288,0.45520598063393286)
   48.300000000000004                  (0.60171628535132404,0.37712744410227056)
   48.400000000000006                  (0.56236057051475863,0.29941476445373472)
   48.500000000000000                  (0.53377007549617417,0.22251313265429173)
   48.600000000000001                  (0.51444101661522945,0.14645996464256056)
   48.700000000000003             (0.50337586676843837,7.10635078169867679E-002)
   48.800000000000004            (0.50001217954645405,-3.98897479155555304E-003)
   48.900000000000006            (0.50418035497888603,-7.90611810046712715E-002)
   49.000000000000000                 (0.51609065500257534,-0.15451407652040713)
   49.100000000000001                 (0.53634928479436039,-0.23065132016166184)
   49.200000000000003                 (0.56600374898388806,-0.30764634563095361)
   49.300000000000004                 (0.60661697644335255,-0.38542846541386444)
   49.400000000000006                 (0.66036497215388923,-0.46349421712799649)
   49.500000000000000                 (0.73013799147637926,-0.54059153744958932)
   49.600000000000001                 (0.81958761030596150,-0.61419869918111414)
   49.700000000000003                 (0.93297640978986174,-0.67969830691518274)
   49.800000000000004                  (1.0745134006615815,-0.72917535247539700)
   49.900000000000006                  (1.2465712243807192,-0.74998565567573439)
   50.000000000000000                  (1.4459237980478781,-0.72394859437346226)
   50.100000000000001                  (1.6576602830643652,-0.62952191647258382)
   50.200000000000003                  (1.8494411434058216,-0.45072402476709894)
   50.300000000000004                  (1.9746253389635391,-0.19338540517640548)
   50.400000000000006                   (1.9928639173828480,0.10311499995982180)
   50.500000000000000                   (1.8975896390194307,0.37829716597767415)
   50.600000000000001                   (1.7211628760833912,0.58351468412892316)
   50.700000000000003                   (1.5112782792235095,0.70300818944727927)
   50.800000000000004                   (1.3057652934911121,0.74791694445916868)
   50.900000000000006                   (1.1245059471597800,0.73942063947835956)
   51.000000000000000                  (0.97361012429295180,0.69721005639778022)
   51.100000000000001                  (0.85192154784974705,0.63563193884477120)
   51.200000000000003                  (0.75553470171237946,0.56391435213764518)
   51.300000000000004                  (0.68009540048560491,0.48754975813520557)
   51.400000000000006                  (0.62173127381819637,0.40960338924627182)
   51.500000000000000                  (0.57731617646606481,0.33165248672294134)
   51.600000000000001                  (0.54446295052036453,0.25439071016723558)
   51.700000000000003                  (0.52143009782355798,0.17799786144259938)
   51.800000000000004                  (0.50701976313346542,0.10236121880397446)
   51.900000000000006             (0.50049535529732536,2.72082534407814165E-002)
   52.000000000000000            (0.50152712624640927,-4.78105776115715086E-002)
   52.100000000000001                 (0.51016705782060756,-0.12306358357827542)
   52.200000000000003                 (0.52685284823352752,-0.19888563131261641)
   52.300000000000004                 (0.55244106190729914,-0.27551518933846758)
   52.400000000000006                 (0.58826951344854916,-0.35300078601918228)
   52.500000000000000                 (0.63624638366996455,-0.43104856381267403)
   52.600000000000001                 (0.69895402944009066,-0.50876724570698362)
   52.700000000000003                 (0.77972954690360208,-0.58424367488934648)
   52.800000000000004                 (0.88262256712202936,-0.65385604898144345)
   52.900000000000006                  (1.0119991021878205,-0.71122996920591097)
   53.000000000000000                  (1.1713187444457231,-0.74585511989267461)
   53.100000000000001                  (1.3603006213189526,-0.74183684375257930)
   53.200000000000003                  (1.5697335902298430,-0.67842137115614864)
   53.300000000000004                  (1.7749182848406413,-0.53567032581221607)
   53.400000000000006                  (1.9337350367664883,-0.30819735744376059)
   53.500000000000000             (1.9996855027811327,-2.12060196524518317E-002)
   53.600000000000001                   (1.9496207213353407,0.27020326017803703)
   53.700000000000003                   (1.8013250338194411,0.50845079992232345)
   53.800000000000004                   (1.5998078929637858,0.66341477066960164)
   53.900000000000006                   (1.3890491526128179,0.73698921307150655)
   54.000000000000000                   (1.1963275339675203,0.74807054275065932)
   54.100000000000001                   (1.0326576001689742,0.71781227538847914)
   54.200000000000003                  (0.89921075723287291,0.66290309899790567)
   54.300000000000004                  (0.79283554796757616,0.59455475760740861)
   54.400000000000006                  (0.70919245199067371,0.51963710156565246)
   54.500000000000000                  (0.64415043081426715,0.44208871807085687)
   54.600000000000001                  (0.59426420723828544,0.36401531827370626)
   54.700000000000003                  (0.55684823600669686,0.28642195363590361)
   54.800000000000004                  (0.52990536035369351,0.20966840094010961)
   54.900000000000006                  (0.51202306494952354,0.13374347779849011)
   55.000000000000000             (0.50228119073541633,5.84288924664283990E-002)
   55.100000000000001            (0.50018550221975855,-1.66008786045282082E-002)
   55.200000000000003            (0.50563038968160245,-9.17126480471022465E-002)
   55.300000000000004                 (0.51889077485496993,-0.16726182760808000)
   55.400000000000006                 (0.54064309441052905,-0.24353606654763005)
   55.500000000000000                 (0.57201558611606351,-0.32067724705097533)
   55.600000000000001                 (0.61466696660264253,-0.39855778708741890)
   55.700000000000003                 (0.67088671591741322,-0.47657489654490270)
   55.800000000000004                 (0.74369273437067007,-0.55330645559345959)
   55.900000000000006                 (0.83685862697075153,-0.62594591748255923)
   56.000000000000000                 (0.95470551706968831,-0.68941564432432501)
   56.100000000000001                  (1.1013008396008808,-0.73510512106707027)
   56.200000000000003                  (1.2784053341562522,-0.74945430430064208)
   56.300000000000004                  (1.4813046010137145,-0.71343102672399694)
   56.400000000000006                  (1.6924573522420232,-0.60556894360397384)
   56.500000000000000                  (1.8764860426793202,-0.41230360697310564)
   56.600000000000001                  (1.9858878161870481,-0.14472771245332691)
   56.700000000000003                   (1.9843093618684828,0.15253456177873431)
   56.800000000000004                   (1.8723201835821273,0.41856507204529109)
   56.900000000000006                   (1.6869652768088166,0.60954386834826357)
   57.000000000000000                   (1.4756545522447568,0.71523827540206986)
   57.100000000000001                   (1.2732893582341456,0.74963077596926864)
   57.200000000000003                   (1.0969809353600617,0.73421805258531836)
   57.300000000000004                  (0.95119469519521416,0.68790121699562057)
   57.400000000000006                  (0.83406508545333446,0.62409304325903492)
   57.500000000000000                  (0.74149862956879464,0.55129059029387506)
   57.600000000000001                  (0.66918219110206389,0.47449590591233493)
   57.700000000000003                  (0.61336126652835199,0.39646860191948241)
   57.800000000000004                  (0.57103835077139431,0.31860272760657599)
   57.900000000000006                  (0.53994221497979933,0.24148465347475037)
   58.000000000000000                  (0.51842957275101542,0.16523254038064253)
   58.100000000000001             (0.50538517653884318,8.96992662825292636E-002)
   58.200000000000003             (0.50014385451039689,1.45944967530145190E-002)
   58.300000000000004            (0.50244100746350306,-6.04381650698669337E-002)
   58.400000000000006                 (0.51239240611527193,-0.13576513379858904)
   58.500000000000000                 (0.53050306317391160,-0.21171002304108982)
   58.600000000000001                 (0.55770531567114467,-0.28848709057101007)
   58.700000000000003                 (0.59542601806144335,-0.36610009545943178)
   58.800000000000004                 (0.64567939962584331,-0.44417619236845096)
   58.900000000000006                 (0.71117070680080530,-0.52168781694350819)
   59.000000000000000                 (0.79536556024466354,-0.59649122563268575)
   59.100000000000001                 (0.90240943901179915,-0.66458545132237234)
   59.200000000000003                  (1.0366339618787297,-0.71900367924979602)
   59.300000000000004                  (1.2011255990616876,-0.74839857199537785)
   59.400000000000006                  (1.3945321110151661,-0.73593255133499214)
   59.500000000000000                  (1.6054820152088090,-0.66039028705118807)
   59.600000000000001                  (1.8062043861892738,-0.50310622008149397)
   59.700000000000003                  (1.9524011571059281,-0.26288586354333360)
   59.800000000000004              (1.9994140192268015,2.92242208312052179E-002)
   59.900000000000006                   (1.9305113357916024,0.31524775085778511)
   60.000000000000000                   (1.7698144751298419,0.54062261976942316)
