           1  0.40976107572025633     
           2  0.56976214360837407     
           3   8.1174481711422872E-002
           4   3.5961002753129717E-002
           5   2.2113845793687973E-002
           6   1.5980731067704444E-002
           7   1.2765014307726658E-002
           8   1.0955145907095213E-002
           9   9.9548531452281486E-003
          10   9.5052149893449824E-003
          11   5.8787118644574080E-004
          12   7.0233283498530334E-003
          13   3.9719743557978332E-002
          14  0.54522727674731375     
          15  0.73597049549552751     
          16  0.10388649048837384     
          17   4.6035309300861436E-002
          18   2.8466521122649649E-002
          19   2.0757513846590962E-002
          20   1.6776002611195492E-002
          21   1.4604754821665943E-002
          22   1.3500918339460592E-002
          23   6.5804783063794755E-003
          24   1.9446151466181614E-003
          25   1.1113757088016808E-002
