           1   1.1260025644949826E-005  0.15491933384829673     
           2   1.9603161384510253E-033  0.15491933384829673     
           3   6.7317761651204833E-003  0.15491933384829673     
           4   4.4968951123023910E-033  0.15491933384829673     
           5   4.9831555080866348E-003  0.15491933384829673     
           6   9.2972514626956567E-035  0.15491933384829673     
           7   4.2728893698008408E-005  0.15491933384829673     
           8   4.5881359658681830E-035  0.15491933384829673     
           9   3.5300542641209911E-005  0.15491933384829673     
          10   2.2995848923682910E-036  0.15491933384829673     
          11   2.1125071791766557E-005  0.15491933384829673     
          12   1.4498931598166305E-037  0.15491933384829673     
          13   1.4068095964146558E-005  0.15491933384829673     
          14   1.8122573179890027E-035  0.15491933384829673     
          15   1.0082121736440179E-005  0.15491933384829673     
          16   1.9073659053902773E-036  0.15491933384829673     
          17   7.6044162195395550E-006  0.15491933384829673     
          18   1.6959440439213077E-037  0.15491933384829673     
          19   5.9535826369862625E-006  0.15491933384829673     
          20   1.6640726467986821E-036  0.15491933384829673     
          21   4.7952975094588748E-006  0.15491933384829673     
          22   6.5376797552075812E-035  0.15491933384829673     
          23   3.9495700728560489E-006  0.15491933384829673     
          24   1.4462752565612517E-035  0.15491933384829673     
          25   3.3122325371565918E-006  0.15491933384829673     
          26   1.0099617494448249E-035  0.15491933384829673     
          27   2.8194436719967144E-006  0.15491933384829673     
          28   6.3365359322762791E-035  0.15491933384829673     
          29   2.4302210761566641E-006  0.15491933384829673     
          30   2.0820433402826819E-039  0.15491933384829673     
          31   2.1172318808017436E-006  0.15491933384829673     
          32   2.8633288127659288E-036  0.15491933384829673     
          33   1.8616535708738293E-006  0.15491933384829673     
          34   9.0493834890193723E-035  0.15491933384829673     
          35   1.6501665588272349E-006  0.15491933384829673     
          36   3.2572861681788271E-035  0.15491933384829673     
          37   1.4731219401722582E-006  0.15491933384829673     
          38   3.3691736333217103E-035  0.15491933384829673     
          39   1.3233859864533112E-006  0.15491933384829673     
          40   1.4546709126329543E-035  0.15491933384829673     
          41   1.1955892687007837E-006  0.15491933384829673     
          42   1.6449391636182863E-033  0.15491933384829673     
          43   1.0856257587011816E-006  0.15491933384829673     
          44   6.5094508300329541E-034  0.15491933384829673     
          45   9.9031086399210490E-007  0.15491933384829673     
          46   3.5962689190000495E-035  0.15491933384829673     
          47   9.0714311266881750E-007  0.15491933384829673     
          48   7.9203316182665890E-036  0.15491933384829673     
          49   8.3413498300553434E-007  0.15491933384829673     
          50   7.9588947114978332E-034  0.15491933384829673     
          51   7.6969080658398339E-007  0.15491933384829673     
          52   6.1672494597160587E-034  0.15491933384829673     
          53   7.1251731188621507E-007  0.15491933384829673     
          54   6.3394567647461326E-036  0.15491933384829673     
          55   6.6155718006466995E-007  0.15491933384829673     
          56   1.4380872355101497E-034  0.15491933384829673     
          57   6.1593907244326956E-007  0.15491933384829673     
          58   1.8518314845010345E-034  0.15491933384829673     
          59   5.7493961281583324E-007  0.15491933384829673     
          60   1.8377458557349553E-034  0.15491933384829673     
          61   5.3795415747971945E-007  0.15491933384829673     
          62   6.1171752528396057E-039  0.15491933384829673     
          63   5.0447410126398953E-007  0.15491933384829673     
          64   2.1805337646494329E-037  0.15491933384829673     
          65   4.7406909788540409E-007  0.15491933384829673     
          66   1.5542539585352387E-035  0.15491933384829673     
          67   4.4637301275020259E-007  0.15491933384829673     
          68   4.8566392257853888E-035  0.15491933384829673     
          69   4.2107273726864865E-007  0.15491933384829673     
          70   2.0221267994896431E-034  0.15491933384829673     
          71   3.9789921624771537E-007  0.15491933384829673     
          72   8.1670216956442049E-035  0.15491933384829673     
          73   3.7662020092629049E-007  0.15491933384829673     
          74   4.0088378309066180E-034  0.15491933384829673     
          75   3.5703435793113563E-007  0.15491933384829673     
          76   1.0042445114007836E-034  0.15491933384829673     
          77   3.3896645134600392E-007  0.15491933384829673     
          78   2.0955803780906382E-037  0.15491933384829673     
          79   3.2226337984559104E-007  0.15491933384829673     
          80   1.4387870013553878E-034  0.15491933384829673     
          81   3.0679089952068782E-007  0.15491933384829673     
          82   7.1487952527332914E-034  0.15491933384829673     
          83   2.9243089989728811E-007  0.15491933384829673     
          84   1.6489154177985202E-034  0.15491933384829673     
          85   2.7907912881172686E-007  0.15491933384829673     
          86   5.2791799323932481E-034  0.15491933384829673     
          87   2.6664328345645987E-007  0.15491933384829673     
          88   1.2056408722902763E-034  0.15491933384829673     
          89   2.5504140168239805E-007  0.15491933384829673     
          90   8.2682938230091955E-034  0.15491933384829673     
          91   2.4420050070934879E-007  0.15491933384829673     
          92   1.7305610814235486E-036  0.15491933384829673     
          93   2.3405542065016264E-007  0.15491933384829673     
          94   1.5135416526560677E-034  0.15491933384829673     
          95   2.2454783833361282E-007  0.15491933384829673     
          96   6.1115535003423942E-034  0.15491933384829673     
          97   2.1562542333013202E-007  0.15491933384829673     
          98   3.5860120357226560E-033  0.15491933384829673     
          99   2.0724111319601781E-007  0.15491933384829673     
         100   1.0691203327618412E-034  0.15491933384829673     
         101   1.9935248905257194E-007  0.15491933384829673     
         102   4.4146254287340486E-034  0.15491933384829673     
         103   1.9192123592023221E-007  0.15491933384829673     
         104   6.6248277452916480E-034  0.15491933384829673     
         105   1.8491267489704544E-007  0.15491933384829673     
         106   4.2923221382032131E-035  0.15491933384829673     
         107   1.7829535644921306E-007  0.15491933384829673     
         108   1.9290469785761730E-032  0.15491933384829673     
         109   1.7204070584511782E-007  0.15491933384829673     
         110   5.0277916070189331E-032  0.15491933384829673     
         111   1.6612271322839841E-007  0.15491933384829673     
         112   2.8619109625094616E-033  0.15491933384829673     
         113   1.6051766201428037E-007  0.15491933384829673     
         114   1.6539246025407042E-032  0.15491933384829673     
         115   1.5520389028202575E-007  0.15491933384829673     
         116   5.0437577533211197E-032  0.15491933384829673     
         117   1.5016158066018259E-007  0.15491933384829673     
         118   1.5453589426789509E-034  0.15491933384829673     
         119   1.4537257487686349E-007  0.15491933384829673     
         120   7.9200655274431105E-032  0.15491933384829673     
         121   1.4082020971722044E-007  0.15491933384829673     
         122   6.5500386280855525E-033  0.15491933384829673     
         123   1.3648917161160534E-007  0.15491933384829673     
         124   5.4837571066595555E-032  0.15491933384829673     
         125   1.3236536747097831E-007  0.15491933384829673     
         126   1.0454917380724580E-032  0.15491933384829673     
         127   1.2843580972483783E-007  0.15491933384829673     
         128   2.0413414443554726E-033  0.15491933384829673     
         129   1.2468851380607810E-007  0.15491933384829673     
         130   4.8698514830084189E-034  0.15491933384829673     
         131   1.2111240656493524E-007  0.15491933384829673     
         132   7.2375671095856745E-034  0.15491933384829673     
         133   1.1769724429822354E-007  0.15491933384829673     
         134   8.9679261547470522E-034  0.15491933384829673     
         135   1.1443353925694163E-007  0.15491933384829673     
         136   2.9478003469670702E-034  0.15491933384829673     
         137   1.1131249364551674E-007  0.15491933384829673     
         138   3.9782156348862976E-039  0.15491933384829673     
         139   1.0832594025019983E-007  0.15491933384829673     
         140   1.0654499746405900E-034  0.15491933384829673     
         141   1.0546628894712756E-007  0.15491933384829673     
         142   3.3893360532802448E-034  0.15491933384829673     
         143   1.0272647843343106E-007  0.15491933384829673     
         144   1.5953198918741073E-034  0.15491933384829673     
         145   1.0009993260555449E-007  0.15491933384829673     
         146   7.6067650225228941E-037  0.15491933384829673     
         147   9.7580521081658755E-008  0.15491933384829673     
         148   4.2831168174959914E-034  0.15491933384829673     
         149   9.5162523421781294E-008  0.15491933384829673     
         150   3.3056098958903773E-033  0.15491933384829673     
         151   9.2840596657773104E-008  0.15491933384829673     
         152   4.4548643433811463E-033  0.15491933384829673     
         153   9.0609745784407292E-008  0.15491933384829673     
         154   9.7148030811422217E-034  0.15491933384829673     
         155   8.8465296909975086E-008  0.15491933384829673     
         156   1.8600852388237064E-033  0.15491933384829673     
         157   8.6402872792878791E-008  0.15491933384829673     
         158   8.6343813487495207E-035  0.15491933384829673     
         159   8.4418370527608155E-008  0.15491933384829673     
         160   6.6400455314887982E-033  0.15491933384829673     
         161   8.2507941164461569E-008  0.15491933384829673     
         162   1.1786581928486761E-033  0.15491933384829673     
         163   8.0667971075554312E-008  0.15491933384829673     
         164   6.0554065120573240E-033  0.15491933384829673     
         165   7.8895064896638611E-008  0.15491933384829673     
         166   1.6871570852845370E-034  0.15491933384829673     
         167   7.7186029896000028E-008  0.15491933384829673     
         168   3.4564918676324300E-033  0.15491933384829673     
         169   7.5537861633410467E-008  0.15491933384829673     
         170   3.6039742178246330E-034  0.15491933384829673     
         171   7.3947730790930152E-008  0.15491933384829673     
         172   3.3383057828226789E-034  0.15491933384829673     
         173   7.2412971065071601E-008  0.15491933384829673     
         174   2.2585953172617515E-033  0.15491933384829673     
         175   7.0931068026576741E-008  0.15491933384829673     
         176   7.8265495862024109E-036  0.15491933384829673     
         177   6.9499648857194167E-008  0.15491933384829673     
         178   8.2623781973700194E-036  0.15491933384829673     
         179   6.8116472888112196E-008  0.15491933384829673     
         180   1.6963898764813410E-033  0.15491933384829673     
         181   6.6779422867257990E-008  0.15491933384829673     
         182   1.4509478568870157E-033  0.15491933384829673     
         183   6.5486496893620852E-008  0.15491933384829673     
         184   2.3270608320673720E-034  0.15491933384829673     
         185   6.4235800959252461E-008  0.15491933384829673     
         186   3.6401548155541472E-033  0.15491933384829673     
         187   6.3025542049223127E-008  0.15491933384829673     
         188   1.0912829640980977E-033  0.15491933384829673     
         189   6.1854021750103185E-008  0.15491933384829673     
         190   1.1246685030800958E-034  0.15491933384829673     
         191   6.0719630326353323E-008  0.15491933384829673     
         192   7.9947876295344166E-033  0.15491933384829673     
         193   5.9620841225214183E-008  0.15491933384829673     
         194   6.3484227727492613E-033  0.15491933384829673     
         195   5.8556205974417591E-008  0.15491933384829673     
         196   3.2636474503545370E-034  0.15491933384829673     
         197   5.7524349442113222E-008  0.15491933384829673     
         198   1.3848677179560540E-033  0.15491933384829673     
         199   5.6523965428983200E-008  0.15491933384829673     
         200   4.6613712750494282E-033  0.15491933384829673     
         201   5.5553812566957316E-008  0.15491933384829673     
         202   7.2908462377375387E-034  0.15491933384829673     
         203   5.4612710499277384E-008  0.15491933384829673     
         204   2.1547059785164698E-033  0.15491933384829673     
         205   5.3699536321595297E-008  0.15491933384829673     
         206   8.4814784358809131E-034  0.15491933384829673     
         207   5.2813221262123060E-008  0.15491933384829673     
         208   2.0151191375217674E-033  0.15491933384829673     
         209   5.1952747584680828E-008  0.15491933384829673     
         210   4.1422004740836864E-034  0.15491933384829673     
         211   5.1117145695747275E-008  0.15491933384829673     
         212   2.1677142575568801E-032  0.15491933384829673     
         213   5.0305491441702576E-008  0.15491933384829673     
         214   1.7705185216988401E-033  0.15491933384829673     
         215   4.9516903581028879E-008  0.15491933384829673     
         216   4.0096136088283088E-035  0.15491933384829673     
         217   4.8750541420699778E-008  0.15491933384829673     
         218   5.5762523236771095E-034  0.15491933384829673     
         219   4.8005602599898067E-008  0.15491933384829673     
         220   8.6224233483382980E-032  0.15491933384829673     
         221   4.7281321018454192E-008  0.15491933384829673     
         222   1.2154039782930445E-033  0.15491933384829673     
         223   4.6576964891126335E-008  0.15491933384829673     
         224   8.8777180997774669E-032  0.15491933384829673     
         225   4.5891834923601601E-008  0.15491933384829673     
         226   1.1178886542125069E-034  0.15491933384829673     
         227   4.5225262603577084E-008  0.15491933384829673     
         228   2.9213808275268318E-032  0.15491933384829673     
         229   4.4576608590220211E-008  0.15491933384829673     
         230   1.0785138005404671E-031  0.15491933384829673     
         231   4.3945261206703417E-008  0.15491933384829673     
         232   3.1679279015780592E-033  0.15491933384829673     
         233   4.3330635020825038E-008  0.15491933384829673     
         234   3.7433237712534052E-033  0.15491933384829673     
         235   4.2732169508227821E-008  0.15491933384829673     
         236   1.4721547518024588E-031  0.15491933384829673     
         237   4.2149327798260271E-008  0.15491933384829673     
         238   1.1854994805497875E-031  0.15491933384829673     
         239   4.1581595488710940E-008  0.15491933384829673     
         240   2.5189568872178751E-033  0.15491933384829673     
         241   4.1028479534842158E-008  0.15491933384829673     
         242   1.6060207945014208E-032  0.15491933384829673     
         243   4.0489507194225150E-008  0.15491933384829673     
         244   5.9229717236204282E-032  0.15491933384829673     
         245   3.9964225041276950E-008  0.15491933384829673     
         246   2.3448301144541416E-033  0.15491933384829673     
         247   3.9452198029044235E-008  0.15491933384829673     
         248   3.3599540864207450E-034  0.15491933384829673     
         249   3.8953008610015295E-008  0.15491933384829673     
         250   1.7719387003082155E-033  0.15491933384829673     
         251   3.8466255900949480E-008  0.15491933384829673     
         252   1.2636575351480068E-033  0.15491933384829673     
         253   3.7991554897448445E-008  0.15491933384829673     
         254   3.9320858531973097E-035  0.15491933384829673     
         255   3.7528535729602336E-008  0.15491933384829673     
         256   4.8702116810629992E-034  0.15491933384829673     
         257   3.7076842958801556E-008  0.15491933384829673     
         258   4.2448394306986330E-034  0.15491933384829673     
         259   3.6636134911981324E-008  0.15491933384829673     
         260   8.9378315831860392E-034  0.15491933384829673     
         261   3.6206083052404681E-008  0.15491933384829673     
         262   4.3565073510305913E-034  0.15491933384829673     
         263   3.5786371382830301E-008  0.15491933384829673     
         264   4.0691024933650055E-034  0.15491933384829673     
         265   3.5376695880986784E-008  0.15491933384829673     
         266   4.3244640498837896E-033  0.15491933384829673     
         267   3.4976763964015063E-008  0.15491933384829673     
         268   1.1818212842555148E-033  0.15491933384829673     
         269   3.4586293981291230E-008  0.15491933384829673     
         270   1.1787194477623670E-033  0.15491933384829673     
         271   3.4205014732730733E-008  0.15491933384829673     
         272   2.6206199050459731E-033  0.15491933384829673     
         273   3.3832665012581475E-008  0.15491933384829673     
         274   6.3003893055819609E-034  0.15491933384829673     
         275   3.3468993175620325E-008  0.15491933384829673     
         276   1.0369229560547838E-032  0.15491933384829673     
         277   3.3113756725297838E-008  0.15491933384829673     
         278   4.7094303672018424E-032  0.15491933384829673     
         279   3.2766721924277024E-008  0.15491933384829673     
         280   4.3761524438370940E-033  0.15491933384829673     
         281   3.2427663421102495E-008  0.15491933384829673     
         282   2.7064752266715634E-033  0.15491933384829673     
         283   3.2096363898104420E-008  0.15491933384829673     
         284   6.2645794356509757E-032  0.15491933384829673     
         285   3.1772613735652338E-008  0.15491933384829673     
         286   1.0699299329178331E-031  0.15491933384829673     
         287   3.1456210692167678E-008  0.15491933384829673     
         288   1.4454476116285100E-032  0.15491933384829673     
         289   3.1146959600931579E-008  0.15491933384829673     
         290   5.0856838918511855E-034  0.15491933384829673     
         291   3.0844672080015600E-008  0.15491933384829673     
         292   1.0860605843259345E-032  0.15491933384829673     
         293   3.0549166257600174E-008  0.15491933384829673     
         294   2.5077071776258814E-033  0.15491933384829673     
         295   3.0260266508662634E-008  0.15491933384829673     
         296   4.6116666175426111E-033  0.15491933384829673     
         297   2.9977803205735606E-008  0.15491933384829673     
         298   7.1620825811058807E-033  0.15491933384829673     
         299   2.9701612480066735E-008  0.15491933384829673     
         300   4.6877963543730177E-033  0.15491933384829673     
         301   2.9431535994443702E-008  0.15491933384829673     
         302   4.4365280249224893E-033  0.15491933384829673     
         303   2.9167420726797739E-008  0.15491933384829673     
         304   1.0211164120999881E-032  0.15491933384829673     
         305   2.8909118762990188E-008  0.15491933384829673     
         306   2.6910607858787957E-034  0.15491933384829673     
         307   2.8656487099685996E-008  0.15491933384829673     
         308   1.8883465517243968E-033  0.15491933384829673     
         309   2.8409387456150066E-008  0.15491933384829673     
         310   7.7724796878447296E-034  0.15491933384829673     
         311   2.8167686094014867E-008  0.15491933384829673     
         312   1.1340883856834798E-032  0.15491933384829673     
         313   2.7931253645728194E-008  0.15491933384829673     
         314   9.7330537556620486E-033  0.15491933384829673     
         315   2.7699964950404631E-008  0.15491933384829673     
         316   3.1303087648919064E-032  0.15491933384829673     
         317   2.7473698896807804E-008  0.15491933384829673     
         318   3.4706725844648874E-034  0.15491933384829673     
         319   2.7252338273431483E-008  0.15491933384829673     
         320   4.0395169623719044E-032  0.15491933384829673     
         321   2.7035769625117668E-008  0.15491933384829673     
         322   3.1586583270959029E-032  0.15491933384829673     
         323   2.6823883115924243E-008  0.15491933384829673     
         324   1.1322277216014588E-033  0.15491933384829673     
         325   2.6616572397964545E-008  0.15491933384829673     
         326   2.6130496218998935E-032  0.15491933384829673     
         327   2.6413734485365157E-008  0.15491933384829673     
         328   5.5064560073648844E-034  0.15491933384829673     
         329   2.6215269634859264E-008  0.15491933384829673     
         330   4.5066513826474377E-036  0.15491933384829673     
         331   2.6021081230003232E-008  0.15491933384829673     
         332   3.0944937950657311E-034  0.15491933384829673     
         333   2.5831075671333858E-008  0.15491933384829673     
         334   9.1265191481540312E-033  0.15491933384829673     
         335   2.5645162270694502E-008  0.15491933384829673     
         336   3.1736243682466073E-033  0.15491933384829673     
         337   2.5463253150042754E-008  0.15491933384829673     
         338   2.9195969016150334E-032  0.15491933384829673     
         339   2.5285263144666490E-008  0.15491933384829673     
         340   3.9689843867551803E-032  0.15491933384829673     
         341   2.5111109709943547E-008  0.15491933384829673     
         342   2.2005481905252438E-033  0.15491933384829673     
         343   2.4940712832955616E-008  0.15491933384829673     
         344   1.0988028339129020E-033  0.15491933384829673     
         345   2.4773994945703576E-008  0.15491933384829673     
         346   9.1310684222738064E-034  0.15491933384829673     
         347   2.4610880845125154E-008  0.15491933384829673     
         348   1.8297483734252471E-033  0.15491933384829673     
         349   2.4451297612659944E-008  0.15491933384829673     
         350   3.6460029611743488E-035  0.15491933384829673     
         351   2.4295174540183850E-008  0.15491933384829673     
         352   2.6854301553637151E-037  0.15491933384829673     
         353   2.4142443056416223E-008  0.15491933384829673     
         354   4.2283609347542224E-032  0.15491933384829673     
         355   2.3993036658674389E-008  0.15491933384829673     
         356   2.5539691858675223E-033  0.15491933384829673     
         357   2.3846890845262880E-008  0.15491933384829673     
         358   2.8507862713617901E-032  0.15491933384829673     
         359   2.3703943051551074E-008  0.15491933384829673     
         360   7.3563103790153096E-033  0.15491933384829673     
         361   2.3564132589013219E-008  0.15491933384829673     
         362   6.0027599047730750E-032  0.15491933384829673     
         363   2.3427400585668660E-008  0.15491933384829673     
         364   4.6950571779504978E-033  0.15491933384829673     
         365   2.3293689929440555E-008  0.15491933384829673     
         366   1.7569046896240718E-032  0.15491933384829673     
         367   2.3162945213285916E-008  0.15491933384829673     
         368   2.3415520784573674E-034  0.15491933384829673     
         369   2.3035112683420192E-008  0.15491933384829673     
         370   1.9382511489812454E-033  0.15491933384829673     
         371   2.2910140188541841E-008  0.15491933384829673     
         372   9.5171061972775196E-033  0.15491933384829673     
         373   2.2787977131505883E-008  0.15491933384829673     
         374   6.5238458169700354E-034  0.15491933384829673     
         375   2.2668574422548824E-008  0.15491933384829673     
         376   1.4923543643939571E-034  0.15491933384829673     
         377   2.2551884435017115E-008  0.15491933384829673     
         378   2.3613642023343099E-033  0.15491933384829673     
         379   2.2437860961732942E-008  0.15491933384829673     
         380   4.1785905959050378E-033  0.15491933384829673     
         381   2.2326459174259292E-008  0.15491933384829673     
         382   8.3993032462698251E-034  0.15491933384829673     
         383   2.2217635582453816E-008  0.15491933384829673     
         384   1.5380112590510441E-033  0.15491933384829673     
         385   2.2111347996594316E-008  0.15491933384829673     
         386   1.1247150907954967E-032  0.15491933384829673     
         387   2.2007555490366582E-008  0.15491933384829673     
         388   1.4624316529876373E-032  0.15491933384829673     
         389   2.1906218365486549E-008  0.15491933384829673     
         390   7.8014268780001504E-033  0.15491933384829673     
         391   2.1807298118144454E-008  0.15491933384829673     
         392   5.1350742220368700E-033  0.15491933384829673     
         393   2.1710757404546979E-008  0.15491933384829673     
         394   4.1033954093894676E-032  0.15491933384829673     
         395   2.1616560011527728E-008  0.15491933384829673     
         396   6.9586999646988776E-033  0.15491933384829673     
         397   2.1524670824918293E-008  0.15491933384829673     
         398   2.1957914804902143E-033  0.15491933384829673     
         399   2.1435055800559966E-008  0.15491933384829673     
         400   1.3798664793255698E-033  0.15491933384829673     
         401   2.1347681935652120E-008  0.15491933384829673     
         402   4.2999031666786345E-034  0.15491933384829673     
         403   2.1262517243546663E-008  0.15491933384829673     
         404   2.8004431762018694E-032  0.15491933384829673     
         405   2.1179530725379161E-008  0.15491933384829673     
         406   1.1176827670512906E-032  0.15491933384829673     
         407   2.1098692346745577E-008  0.15491933384829673     
         408   1.4049467287093072E-032  0.15491933384829673     
         409   2.1019973013048023E-008  0.15491933384829673     
         410   8.7914790507013328E-033  0.15491933384829673     
         411   2.0943344545805841E-008  0.15491933384829673     
         412   1.4897086955644874E-032  0.15491933384829673     
         413   2.0868779661396037E-008  0.15491933384829673     
         414   4.6439596691900432E-032  0.15491933384829673     
         415   2.0796251948926121E-008  0.15491933384829673     
         416   2.6301775579429096E-034  0.15491933384829673     
         417   2.0725735849942791E-008  0.15491933384829673     
         418   2.0260022758525093E-032  0.15491933384829673     
         419   2.0657206638480750E-008  0.15491933384829673     
         420   2.1592190526756383E-033  0.15491933384829673     
         421   2.0590640401914261E-008  0.15491933384829673     
         422   1.3462057505510414E-032  0.15491933384829673     
         423   2.0526014023044361E-008  0.15491933384829673     
         424   1.8807274145342789E-032  0.15491933384829673     
         425   2.0463305162164161E-008  0.15491933384829673     
         426   4.7029202273651357E-033  0.15491933384829673     
         427   2.0402492240294143E-008  0.15491933384829673     
         428   7.1518654957749300E-033  0.15491933384829673     
         429   2.0343554422842216E-008  0.15491933384829673     
         430   5.7592360547541802E-033  0.15491933384829673     
         431   2.0286471604225767E-008  0.15491933384829673     
         432   1.0240844325772441E-036  0.15491933384829673     
         433   2.0231224393092347E-008  0.15491933384829673     
         434   5.1072796135277695E-034  0.15491933384829673     
         435   2.0177794097158660E-008  0.15491933384829673     
         436   1.3223457645844222E-034  0.15491933384829673     
         437   2.0126162710654243E-008  0.15491933384829673     
         438   7.0920367000713858E-032  0.15491933384829673     
         439   2.0076312900076378E-008  0.15491933384829673     
         440   1.4955863110795572E-031  0.15491933384829673     
         441   2.0028227992112987E-008  0.15491933384829673     
         442   1.1046954144983913E-032  0.15491933384829673     
         443   1.9981891961719751E-008  0.15491933384829673     
         444   7.6133411086017251E-032  0.15491933384829673     
         445   1.9937289420052491E-008  0.15491933384829673     
         446   4.0337365924075904E-032  0.15491933384829673     
         447   1.9894405603941909E-008  0.15491933384829673     
         448   3.4855413780380408E-031  0.15491933384829673     
         449   1.9853226364842619E-008  0.15491933384829673     
         450   9.0234179872317074E-032  0.15491933384829673     
         451   1.9813738159055242E-008  0.15491933384829673     
         452   1.2525442836506723E-032  0.15491933384829673     
         453   1.9775928038416625E-008  0.15491933384829673     
         454   4.8635328561785756E-033  0.15491933384829673     
         455   1.9739783640455432E-008  0.15491933384829673     
         456   1.8202311633854022E-032  0.15491933384829673     
         457   1.9705293180162503E-008  0.15491933384829673     
         458   1.4744367112752951E-034  0.15491933384829673     
         459   1.9672445441820553E-008  0.15491933384829673     
         460   3.8354213140128761E-032  0.15491933384829673     
         461   1.9641229770862451E-008  0.15491933384829673     
         462   2.9982596258077969E-033  0.15491933384829673     
         463   1.9611636066741624E-008  0.15491933384829673     
         464   2.5716097146314964E-032  0.15491933384829673     
         465   1.9583654775611385E-008  0.15491933384829673     
         466   1.9729857777101484E-032  0.15491933384829673     
         467   1.9557276884017387E-008  0.15491933384829673     
         468   2.1752846151123148E-033  0.15491933384829673     
         469   1.9532493912798816E-008  0.15491933384829673     
         470   2.9164976248993500E-032  0.15491933384829673     
         471   1.9509297910517870E-008  0.15491933384829673     
         472   6.1819179028224257E-032  0.15491933384829673     
         473   1.9487681448931561E-008  0.15491933384829673     
         474   6.0597565786637630E-033  0.15491933384829673     
         475   1.9467637617172990E-008  0.15491933384829673     
         476   4.8856499587180060E-032  0.15491933384829673     
         477   1.9449160018176555E-008  0.15491933384829673     
         478   2.3211157559826337E-031  0.15491933384829673     
         479   1.9432242762379177E-008  0.15491933384829673     
         480   2.1727684563946181E-031  0.15491933384829673     
         481   1.9416880465621925E-008  0.15491933384829673     
         482   8.1694860550419577E-034  0.15491933384829673     
         483   1.9403068244127790E-008  0.15491933384829673     
         484   2.2351452727498849E-032  0.15491933384829673     
         485   1.9390801712909463E-008  0.15491933384829673     
         486   4.6495354549307190E-032  0.15491933384829673     
         487   1.9380076980409908E-008  0.15491933384829673     
         488   1.1368627041953303E-032  0.15491933384829673     
         489   1.9370890647955680E-008  0.15491933384829673     
         490   1.2444025696725229E-032  0.15491933384829673     
         491   1.9363239806177603E-008  0.15491933384829673     
         492   2.3907297895065562E-032  0.15491933384829673     
         493   1.9357122034218925E-008  0.15491933384829673     
         494   1.5963285034743841E-030  0.15491933384829673     
         495   1.9352535396579048E-008  0.15491933384829673     
         496   1.3594696536783300E-032  0.15491933384829673     
         497   1.9349478443340314E-008  0.15491933384829673     
         498   1.9900397495123712E-032  0.15491933384829673     
         499   1.9347950208216242E-008  0.15491933384829673     
         500   2.3932892316247938E-037  0.15491933384829673     
