   0.0000000000000000        2.0014165777063252E-012
  0.10000000000000001        1.4766128796083101E-009
  0.20000000000000001        2.2853103627791926E-009
  0.30000000000000004        2.5439960078817275E-009
  0.40000000000000002        2.4782212075911181E-009
  0.50000000000000000        2.2820562024445084E-009
  0.60000000000000009        2.0907595986421175E-009
  0.70000000000000007        1.9851650697376905E-009
  0.80000000000000004        1.9766900295448042E-009
  0.90000000000000002        2.0206508667997044E-009
   1.0000000000000000        2.0618232471320023E-009
   1.1000000000000001        2.0606740371002045E-009
   1.2000000000000002        2.0059258409383975E-009
   1.3000000000000000        1.9122792096622832E-009
   1.4000000000000001        1.8160424660114316E-009
   1.5000000000000000        1.7662240802360545E-009
   1.6000000000000001        1.7947407905045051E-009
   1.7000000000000002        1.8931678023755417E-009
   1.8000000000000000        2.0141338986952871E-009
   1.9000000000000001        2.0994417115520542E-009
   2.0000000000000000        2.1076732885187640E-009
   2.1000000000000001        2.0259319273014423E-009
   2.2000000000000002        1.8866919957158315E-009
   2.3000000000000003        1.7766109145259568E-009
   2.4000000000000004        1.8123481703133548E-009
   2.5000000000000000        2.0427441279711504E-009
   2.6000000000000001        2.3782621235848961E-009
   2.7000000000000002        2.6635850367003093E-009
   2.8000000000000003        2.7316881549967093E-009
   2.9000000000000004        2.4095862507205862E-009
   3.0000000000000000        1.5570463466668048E-009
   3.1000000000000001        7.2080557637377417E-010
   3.2000000000000002        1.9209035462888394E-009
   3.3000000000000003        2.7618541375068538E-009
   3.4000000000000004        2.8891240521366337E-009
   3.5000000000000000        2.5897353111339304E-009
   3.6000000000000001        2.1527039368120240E-009
   3.7000000000000002        1.8159429618992791E-009
   3.8000000000000003        1.7334863992102479E-009
   3.9000000000000004        1.8623828561758140E-009
   4.0000000000000000        2.0402854953377843E-009
   4.1000000000000005        2.1508774546587130E-009
   4.2000000000000002        2.1517685800681471E-009
   4.2999999999999998        2.0561967318101294E-009
   4.4000000000000004        1.9127017794813440E-009
   4.5000000000000000        1.7896578395486219E-009
   4.6000000000000005        1.7484837692495269E-009
   4.7000000000000002        1.8034741895141820E-009
   4.8000000000000007        1.9179428252799169E-009
   4.9000000000000004        2.0351823963810140E-009
   5.0000000000000000        2.1123033899401959E-009
   5.1000000000000005        2.1327804201327070E-009
   5.2000000000000002        2.1044902724410760E-009
   5.3000000000000007        2.0607667645673755E-009
   5.4000000000000004        2.0481838797403763E-009
   5.5000000000000000        2.1058043810402718E-009
   5.6000000000000005        2.2365244828677510E-009
   5.7000000000000002        2.3905906072391591E-009
   5.8000000000000007        2.4861835260914649E-009
   5.9000000000000004        2.4200719411735255E-009
   6.0000000000000000        2.0846376547454756E-009
   6.1000000000000005        1.4186135738942589E-009
   6.2000000000000002        9.1367436129450188E-010
   6.3000000000000007        1.8710633045204388E-009
   6.4000000000000004        2.6235026143046662E-009
   6.5000000000000000        2.7352831009249143E-009
   6.6000000000000005        2.4957867627673813E-009
   6.7000000000000002        2.1865933976795374E-009
   6.8000000000000007        1.9746382090706111E-009
   6.9000000000000004        1.9126406305641813E-009
   7.0000000000000000        1.9522098291717710E-009
   7.1000000000000005        2.0134643583992386E-009
   7.2000000000000002        2.0392850879762817E-009
   7.3000000000000007        2.0088404518918125E-009
   7.4000000000000004        1.9330726564232360E-009
   7.5000000000000000        1.8443390621395608E-009
   7.6000000000000005        1.7871660109855085E-009
   7.7000000000000002        1.7950871178325972E-009
   7.8000000000000007        1.8671391588834238E-009
   7.9000000000000004        1.9685576748945735E-009
   8.0000000000000000        2.0499846677324377E-009
   8.0999999999999996        2.0745388939590861E-009
   8.2000000000000011        2.0304380753051991E-009
   8.3000000000000007        1.9410815801784945E-009
   8.4000000000000004        1.8706360897911454E-009
   8.5000000000000000        1.8989051865405358E-009
   8.5999999999999996        2.0649310965320893E-009
   8.7000000000000011        2.3181147397590195E-009
   8.8000000000000007        2.5522061689708412E-009
   8.9000000000000004        2.6550535667203139E-009
   9.0000000000000000        2.5258121363723221E-009
   9.0999999999999996        2.0988247900016788E-009
   9.2000000000000011        1.4253472227242057E-009
   9.3000000000000007        1.2496862775226795E-009
   9.4000000000000004        2.2726403936131812E-009
   9.5000000000000000        3.0391362874946491E-009
   9.6000000000000014        2.9672859185550937E-009
   9.7000000000000011        2.4592132303302559E-009
   9.8000000000000007        1.9591922099389196E-009
   9.9000000000000004        1.7595602700200488E-009
   10.000000000000000        1.8695132761342833E-009
   10.100000000000001        2.0756106331640681E-009
   10.200000000000001        2.2134376030275292E-009
   10.300000000000001        2.2249529314199513E-009
   10.400000000000000        2.1211787481667220E-009
   10.500000000000000        1.9560474140497931E-009
   10.600000000000001        1.8069770948613104E-009
   10.700000000000001        1.7474081576250076E-009
   10.800000000000001        1.7993074157794254E-009
   10.900000000000000        1.9213647439404114E-009
   11.000000000000000        2.0497472642951036E-009
   11.100000000000001        2.1362057732517557E-009
   11.200000000000001        2.1633638074488291E-009
   11.300000000000001        2.1409743866381165E-009
   11.400000000000000        2.1025346370032584E-009
   11.500000000000000        2.0942623253777416E-009
   11.600000000000001        2.1509544621917183E-009
   11.700000000000001        2.2751257952244469E-009
   11.800000000000001        2.4260293510813901E-009
   11.900000000000000        2.5396348785082001E-009
   12.000000000000000        2.5477074671386422E-009
   12.100000000000001        2.3907756541986904E-009
   12.200000000000001        2.0470605411568308E-009
   12.300000000000001        1.6035885314959014E-009
   12.400000000000000        1.5251321323724707E-009
   12.500000000000000        2.1940535666948310E-009
   12.600000000000001        2.9659072282739462E-009
   12.700000000000001        2.9056388733648802E-009
   12.800000000000001        2.4690863057951226E-009
   12.900000000000000        2.0667453005978910E-009
   13.000000000000000        1.8963548590407130E-009
   13.100000000000001        1.9268438741591435E-009
   13.200000000000001        2.0252067100496634E-009
   13.300000000000001        2.0919516755613522E-009
   13.400000000000000        2.0900925070352730E-009
   13.500000000000000        2.0261778513558200E-009
   13.600000000000001        1.9326067414345830E-009
   13.700000000000001        1.8540176556106456E-009
   13.800000000000001        1.8292103010294964E-009
   13.900000000000000        1.8675812660579764E-009
   14.000000000000000        1.9450555705815016E-009
   14.100000000000001        2.0198738306901754E-009
   14.200000000000001        2.0566113526900824E-009
   14.300000000000001        2.0427225272717652E-009
   14.400000000000000        1.9938895287120341E-009
   14.500000000000000        1.9572877412521511E-009
   14.600000000000001        1.9910085302613043E-009
   14.700000000000001        2.1250477852993345E-009
   14.800000000000001        2.3308176812920148E-009
   14.900000000000000        2.5326803886635527E-009
   15.000000000000000        2.6486511900320360E-009
   15.100000000000001        2.6093101292051873E-009
   15.200000000000001        2.3805896021298877E-009
   15.300000000000001        1.9965220118424233E-009
   15.400000000000000        1.6641571231535652E-009
   15.500000000000000        1.8559588179771887E-009
   15.600000000000001        2.5889609762010452E-009
   15.700000000000001        3.2189773415320242E-009
   15.800000000000001        3.0080937817840288E-009
   15.900000000000000        2.3402870676776073E-009
   16.000000000000000        1.8746606107709483E-009
   16.100000000000001        1.8758956044022035E-009
   16.199999999999999        2.1030274519864204E-009
   16.300000000000001        2.2868199432566815E-009
   16.400000000000002        2.3299239075336915E-009
   16.500000000000000        2.2367574646590389E-009
   16.600000000000001        2.0631028735003287E-009
   16.699999999999999        1.8918067979185908E-009
   16.800000000000001        1.8039093607041324E-009
   16.900000000000002        1.8319969274038540E-009
   17.000000000000000        1.9386016388693208E-009
   17.100000000000001        2.0572197036209318E-009
   17.199999999999999        2.1356897697592132E-009
   17.300000000000001        2.1543312244211770E-009
   17.400000000000002        2.1244017461728917E-009
   17.500000000000000        2.0816397978717224E-009
   17.600000000000001        2.0754616196495331E-009
   17.699999999999999        2.1424011403589617E-009
   17.800000000000001        2.2836322104472070E-009
   17.900000000000002        2.4603817748840275E-009
   18.000000000000000        2.6126796942150421E-009
   18.100000000000001        2.6835889230273789E-009
   18.199999999999999        2.6290448082177136E-009
   18.300000000000001        2.4377886879559224E-009
   18.400000000000002        2.1528540047432374E-009
   18.500000000000000        1.9292154649804881E-009
   18.600000000000001        2.0388267658141898E-009
   18.699999999999999        2.5254182699707837E-009
   18.800000000000001        2.9745313608238950E-009
   18.900000000000002        2.9991328997641496E-009
   19.000000000000000        2.4088258079194613E-009
   19.100000000000001        1.9768237302199520E-009
   19.200000000000003        1.9263350816535487E-009
   19.300000000000001        2.0656081117803714E-009
   19.400000000000002        2.1915016761209003E-009
   19.500000000000000        2.2300457965329437E-009
   19.600000000000001        2.1828157195290936E-009
   19.700000000000003        2.0848043230016791E-009
   19.800000000000001        1.9845280340032271E-009
   19.900000000000002        1.9259106830937971E-009
   20.000000000000000        1.9280904469811806E-009
   20.100000000000001        1.9763197303916831E-009
   20.200000000000003        2.0352421790047730E-009
   20.300000000000001        2.0703089710686605E-009
   20.400000000000002        2.0661521121633251E-009
   20.500000000000000        2.0323518326667472E-009
   20.600000000000001        2.0043038279956596E-009
   20.700000000000003        2.0299739062878641E-009
   20.800000000000001        2.1386724331540970E-009
   20.900000000000002        2.3174887363986179E-009
   21.000000000000000        2.5122022230141891E-009
   21.100000000000001        2.6572589589478923E-009
   21.200000000000003        2.6978201101236755E-009
   21.300000000000001        2.6057786758821663E-009
   21.400000000000002        2.4020558620720184E-009
   21.500000000000000        2.1795499621019836E-009
   21.600000000000001        2.1291182370599575E-009
   21.700000000000003        2.4034927137052247E-009
   21.800000000000001        2.8868109364188902E-009
   21.900000000000002        3.2086525591816962E-009
   22.000000000000000        3.0481212613907142E-009
   22.100000000000001        2.2910415762774664E-009
   22.200000000000003        1.9106145831203991E-009
   22.300000000000001        2.0829967350812998E-009
   22.400000000000002        2.3416543717143656E-009
   22.500000000000000        2.4520925357445086E-009
   22.600000000000001        2.3951799320127934E-009
   22.700000000000003        2.2284945099279919E-009
   22.800000000000001        2.0400471381912202E-009
   22.900000000000002        1.9183743924702465E-009
   23.000000000000000        1.9092023345829919E-009
   23.100000000000001        1.9872777647942629E-009
   23.200000000000003        2.0875533983180835E-009
   23.300000000000001        2.1539004390682920E-009
   23.400000000000002        2.1612644187712686E-009
   23.500000000000000        2.1181216507721498E-009
   23.600000000000001        2.0590115640005646E-009
   23.700000000000003        2.0345250770852881E-009
   23.800000000000001        2.0862641880958869E-009
   23.900000000000002        2.2215492615920320E-009
   24.000000000000000        2.4089550592394399E-009
   24.100000000000001        2.5953768186138166E-009
   24.200000000000003        2.7298797367930482E-009
   24.300000000000001        2.7737668840463109E-009
   24.400000000000002        2.7113911499885556E-009
   24.500000000000000        2.5634897813933602E-009
   24.600000000000001        2.4002875796384838E-009
   24.700000000000003        2.3498888628571608E-009
   24.800000000000001        2.5138278133140976E-009
   24.900000000000002        2.8391031329421920E-009
   25.000000000000000        3.0708997985218210E-009
   25.100000000000001        2.8829188426890087E-009
   25.200000000000003        2.3462103441124183E-009
   25.300000000000001        1.9654827796416138E-009
   25.400000000000002        2.0804732855877069E-009
   25.500000000000000        2.2925039399767871E-009
   25.600000000000001        2.3933780141795086E-009
   25.700000000000003        2.3699089462738948E-009
   25.800000000000001        2.2667088574789150E-009
   25.900000000000002        2.1433526594317773E-009
   26.000000000000000        2.0526484877586731E-009
   26.100000000000001        2.0224934216104020E-009
   26.200000000000003        2.0454163516146196E-009
   26.300000000000001        2.0892010167545885E-009
   26.400000000000002        2.1188965097305634E-009
   26.500000000000000        2.1149277344428577E-009
   26.600000000000001        2.0809502801783479E-009
   26.700000000000003        2.0432277699087529E-009
   26.800000000000001        2.0427834192508781E-009
   26.900000000000002        2.1118472411695643E-009
   27.000000000000000        2.2522516594205735E-009
   27.100000000000001        2.4304254565731205E-009
   27.200000000000003        2.5960756053496250E-009
   27.300000000000001        2.7050730535914968E-009
   27.400000000000002        2.7308191140229291E-009
   27.500000000000000        2.6783666432413296E-009
   27.600000000000001        2.5894579078049545E-009
   27.700000000000003        2.5455781878975970E-009
   27.800000000000001        2.6335172009297454E-009
   27.900000000000002        2.8648077564310359E-009
   28.000000000000000        3.1334083273752162E-009
   28.100000000000001        3.2224110742523935E-009
   28.200000000000003        2.8896975016293900E-009
   28.300000000000001        2.3359537752771551E-009
   28.400000000000002        2.0561145579540485E-009
   28.500000000000000        2.3513693221873594E-009
   28.600000000000001        2.5887083502879843E-009
   28.700000000000003        2.6024756412021680E-009
   28.800000000000001        2.4509573645294572E-009
   28.900000000000002        2.2378378389438952E-009
   29.000000000000000        2.0676590187633944E-009
   29.100000000000001        2.0064191801459964E-009
   29.200000000000003        2.0482826757991569E-009
   29.300000000000001        2.1325955262263355E-009
   29.400000000000002        2.1966056556206858E-009
   29.500000000000000        2.2062439538437967E-009
   29.600000000000001        2.1620523636135221E-009
   29.700000000000003        2.0924616070150563E-009
   29.800000000000001        2.0432985181989579E-009
   29.900000000000002        2.0578624646495061E-009
   30.000000000000000        2.1518654218692634E-009
   30.100000000000001        2.3065584042400710E-009
   30.200000000000003        2.4814801419518706E-009
   30.300000000000001        2.6369739963464941E-009
   30.400000000000002        2.7449523343244692E-009
   30.500000000000000        2.7923471924637896E-009
   30.600000000000001        2.7853619123042055E-009
   30.700000000000003        2.7492559790913392E-009
   30.800000000000001        2.7323267699892352E-009
   30.900000000000002        2.7865081829303153E-009
   31.000000000000000        2.9269742360148086E-009
   31.100000000000001        3.0921226785823520E-009
   31.200000000000003        3.1295237965220858E-009
   31.300000000000001        2.8540789331344757E-009
   31.400000000000002        2.3543255550006421E-009
   31.500000000000000        2.0934182039719962E-009
   31.600000000000001        2.3660344691555034E-009
   31.700000000000003        2.5982322978688402E-009
   31.800000000000001        2.6256816110955390E-009
   31.900000000000002        2.5101090596430013E-009
   32.000000000000000        2.3427049790998753E-009
   32.100000000000001        2.1997205407822220E-009
   32.200000000000003        2.1249736144870533E-009
   32.300000000000004        2.1199387681144196E-009
   32.399999999999999        2.1524481139257148E-009
   32.500000000000000        2.1828781110624629E-009
   32.600000000000001        2.1849075455121631E-009
   32.700000000000003        2.1548022786569187E-009
   32.800000000000004        2.1103587790831345E-009
   32.899999999999999        2.0844644348180294E-009
   33.000000000000000        2.1087764008551574E-009
   33.100000000000001        2.1948513623272900E-009
   33.200000000000003        2.3267375984732602E-009
   33.300000000000004        2.4703881242229015E-009
   33.399999999999999        2.5942211199688920E-009
   33.500000000000000        2.6803444039211070E-009
   33.600000000000001        2.7314946520207322E-009
   33.700000000000003        2.7687133441663384E-009
   33.800000000000004        2.8211684678066496E-009
   33.899999999999999        2.9154070230643964E-009
   34.000000000000000        3.0529763527553825E-009
   34.100000000000001        3.2031115490923481E-009
   34.200000000000003        3.2908505127245262E-009
   34.300000000000004        3.2057378924146106E-009
   34.399999999999999        2.8417325465881263E-009
   34.500000000000000        2.3246954125911520E-009
   34.600000000000001        2.3463145396204630E-009
   34.700000000000003        2.7123924275883275E-009
   34.800000000000004        2.8954547131386868E-009
   34.899999999999999        2.7890171165116056E-009
   35.000000000000000        2.5342337408939733E-009
   35.100000000000001        2.2802463776398381E-009
   35.200000000000003        2.1305620060833877E-009
   35.300000000000004        2.1111310369641194E-009
   35.399999999999999        2.1713197350731357E-009
   35.500000000000000        2.2379888216626543E-009
   35.600000000000001        2.2626217728458028E-009
   35.700000000000003        2.2333797209688357E-009
   35.800000000000004        2.1693549750800613E-009
   35.899999999999999        2.1085092985865663E-009
   36.000000000000000        2.0910483552050539E-009
   36.100000000000001        2.1372464218557044E-009
   36.200000000000003        2.2383483742547741E-009
   36.300000000000004        2.3648668104192569E-009
   36.399999999999999        2.4865479219145473E-009
   36.500000000000000        2.5867913079044948E-009
   36.600000000000001        2.6654955539991182E-009
   36.700000000000003        2.7370027069073949E-009
   36.800000000000004        2.8181044453086880E-009
   36.899999999999999        2.9174556368508332E-009
   37.000000000000000        3.0309806584557182E-009
   37.100000000000001        3.1417206745783889E-009
   37.200000000000003        3.2262574357973172E-009
   37.300000000000004        3.2410806658049333E-009
   37.399999999999999        3.1223037674502243E-009
   37.500000000000000        2.8036487076707642E-009
   37.600000000000001        2.3829005684338559E-009
   37.700000000000003        2.5214532208796984E-009
   37.800000000000004        2.8258084554092265E-009
   37.899999999999999        3.0193515691720349E-009
   38.000000000000000        2.9230333912712012E-009
   38.100000000000001        2.6813298212376027E-009
   38.200000000000003        2.4351283213714249E-009
   38.300000000000004        2.2684163731318209E-009
   38.400000000000006        2.2040521696288143E-009
   38.500000000000000        2.2117265590799474E-009
   38.600000000000001        2.2414560383172764E-009
   38.700000000000003        2.2545721177522615E-009
   38.800000000000004        2.2365909885958676E-009
   38.900000000000006        2.1964808095490020E-009
   39.000000000000000        2.1590363998424383E-009
   39.100000000000001        2.1522702295174109E-009
   39.200000000000003        2.1911907894575835E-009
   39.300000000000004        2.2697844537423348E-009
   39.400000000000006        2.3650642027494902E-009
   39.500000000000000        2.4534566942926119E-009
   39.600000000000001        2.5245242933729821E-009
   39.700000000000003        2.5878324442487907E-009
   39.800000000000004        2.6703384797716514E-009
   39.900000000000006        2.7972397661182000E-009
   40.000000000000000        2.9723107422757683E-009
   40.100000000000001        3.1658070420988694E-009
   40.200000000000003        3.3277537699213710E-009
   40.300000000000004        3.4077390149578931E-009
   40.400000000000006        3.3627351022251498E-009
   40.500000000000000        3.1665436769626825E-009
   40.600000000000001        2.8263779477035048E-009
   40.700000000000003        2.5180872455187431E-009
   40.800000000000004        2.7198471284118468E-009
   40.900000000000006        3.1892703985950389E-009
   41.000000000000000        3.3010575758657386E-009
   41.100000000000001        3.0449244449885689E-009
   41.200000000000003        2.6631306759002615E-009
   41.300000000000004        2.3561647892526885E-009
   41.400000000000006        2.2153006593416900E-009
   41.500000000000000        2.2170149014824118E-009
   41.600000000000001        2.2748334620859408E-009
   41.700000000000003        2.3153026951016884E-009
   41.800000000000004        2.3071647094724567E-009
   41.900000000000006        2.2570470394164309E-009
   42.000000000000000        2.1951759665250220E-009
   42.100000000000001        2.1583170386337752E-009
   42.200000000000003        2.1699419840403622E-009
   42.300000000000004        2.2281198424972315E-009
   42.400000000000006        2.3098937651554164E-009
   42.500000000000000        2.3874256239456108E-009
   42.600000000000001        2.4452125976793403E-009
   42.700000000000003        2.4872125591797218E-009
   42.800000000000004        2.5385158376655020E-009
   42.900000000000006        2.6333534532378956E-009
   43.000000000000000        2.7922711380979152E-009
   43.100000000000001        3.0023540082708451E-009
   43.200000000000003        3.2146904343167763E-009
   43.300000000000004        3.3680534604928097E-009
   43.400000000000006        3.4117173786315535E-009
   43.500000000000000        3.3201625578487887E-009
   43.600000000000001        3.0974052445824799E-009
   43.700000000000003        2.7860755111679948E-009
   43.800000000000004        2.5547389651818214E-009
   43.900000000000006        2.7504336360703570E-009
   44.000000000000000        3.4407331915420358E-009
   44.100000000000001        3.5508658085833278E-009
   44.200000000000003        3.2923894336191259E-009
   44.300000000000004        2.8911381653617794E-009
   44.400000000000006        2.5495291258533159E-009
   44.500000000000000        2.3548066780256048E-009
   44.600000000000001        2.2944131818006955E-009
   44.700000000000003        2.3038711926685380E-009
   44.800000000000004        2.3218469374008056E-009
   44.900000000000006        2.3161119209077050E-009
   45.000000000000000        2.2843050113393347E-009
   45.100000000000001        2.2438521457919218E-009
   45.200000000000003        2.2192456937422637E-009
   45.300000000000004        2.2272869222215511E-009
   45.400000000000006        2.2676011484235272E-009
   45.500000000000000        2.3235363245164365E-009
   45.600000000000001        2.3736389416946887E-009
   45.700000000000003        2.4061156751189409E-009
   45.800000000000004        2.4280619573732218E-009
   45.900000000000006        2.4694513801862574E-009
   46.000000000000000        2.5704947259708550E-009
   46.100000000000001        2.7560551667027541E-009
   46.200000000000003        3.0095054230672653E-009
   46.300000000000004        3.2709602967317305E-009
   46.400000000000006        3.4639029497328319E-009
   46.500000000000000        3.5221472167121729E-009
   46.600000000000001        3.4191563173217221E-009
   46.700000000000003        3.1816067338150805E-009
   46.800000000000004        2.9101025572508892E-009
   46.900000000000006        2.8049557110398884E-009
   47.000000000000000        3.0882687216376863E-009
   47.100000000000001        3.6786425195604189E-009
   47.200000000000003        3.7764186822127867E-009
   47.300000000000004        3.3672043242192824E-009
   47.400000000000006        2.8356519895846885E-009
   47.500000000000000        2.4626962771571127E-009
   47.600000000000001        2.3235589825775852E-009
   47.700000000000003        2.3346794154331403E-009
   47.800000000000004        2.3801147190026029E-009
   47.900000000000006        2.3920640503906747E-009
   48.000000000000000        2.3567929267160741E-009
   48.100000000000001        2.2951937862984151E-009
   48.200000000000003        2.2418086370211533E-009
   48.300000000000004        2.2248705138808109E-009
   48.400000000000006        2.2507778756619138E-009
   48.500000000000000        2.3032597638674924E-009
   48.600000000000001        2.3557003568964113E-009
   48.700000000000003        2.3876498301768239E-009
   48.800000000000004        2.3955497099885123E-009
   48.900000000000006        2.3976206476483173E-009
   49.000000000000000        2.4311944768227387E-009
   49.100000000000001        2.5369363973480344E-009
   49.200000000000003        2.7341839914489776E-009
   49.300000000000004        2.9991554446467981E-009
   49.400000000000006        3.2696150825047390E-009
   49.500000000000000        3.4669739356235986E-009
   49.600000000000001        3.5231584097233633E-009
   49.700000000000003        3.4119182410069389E-009
   49.800000000000004        3.1687284179232101E-009
   49.900000000000006        2.9139517319234699E-009
   50.000000000000000        2.8460139903909268E-009
   50.100000000000001        3.1370596711081283E-009
   50.200000000000003        3.6844581075709117E-009
   50.300000000000004        4.0644623060409349E-009
   50.400000000000006        3.6782481972943969E-009
   50.500000000000000        3.1092650100910365E-009
   50.600000000000001        2.6743340698999814E-009
   50.700000000000003        2.4624885877640683E-009
   50.800000000000004        2.4097816889239867E-009
   50.900000000000006        2.4161927588799780E-009
   51.000000000000000        2.4157869619783671E-009
   51.100000000000001        2.3880326787047564E-009
   51.200000000000003        2.3423106701021513E-009
   51.300000000000004        2.3010638994819830E-009
   51.400000000000006        2.2840160114513301E-009
   51.500000000000000        2.2965660278077273E-009
   51.600000000000001        2.3276810113153484E-009
   51.700000000000003        2.3575532806909089E-009
   51.800000000000004        2.3704679841125915E-009
   51.900000000000006        2.3646236139287533E-009
   52.000000000000000        2.3584358126064682E-009
   52.100000000000001        2.3881871330026512E-009
   52.200000000000003        2.4935883782207884E-009
   52.300000000000004        2.6938427824218271E-009
   52.400000000000006        2.9673655598090643E-009
   52.500000000000000        3.2569127170948641E-009
   52.600000000000001        3.4862057677619508E-009
   52.700000000000003        3.5853475390766551E-009
   52.800000000000004        3.5215066364970527E-009
   52.900000000000006        3.3300962041681233E-009
   53.000000000000000        3.1428732501194475E-009
   53.100000000000001        3.1486611532802804E-009
   53.200000000000003        3.4531181371366698E-009
   53.300000000000004        3.9076632489535548E-009
   53.400000000000006        4.1668874468186211E-009
   53.500000000000000        3.7029391940030686E-009
   53.600000000000001        3.0344606998440236E-009
   53.700000000000003        2.6057664037774169E-009
   53.800000000000004        2.4750982616285457E-009
   53.900000000000006        2.4915065532563325E-009
   54.000000000000000        2.5169855412168877E-009
   54.100000000000001        2.4962599587614551E-009
   54.200000000000003        2.4337364349898160E-009
   54.300000000000004        2.3606907368037559E-009
   54.400000000000006        2.3109979445368316E-009
   54.500000000000000        2.3018035107693509E-009
   54.600000000000001        2.3266782306787710E-009
   54.700000000000003        2.3630397593220398E-009
   54.800000000000004        2.3871796803487264E-009
   54.900000000000006        2.3876236503694606E-009
   55.000000000000000        2.3700880794577109E-009
   55.100000000000001        2.3585413818664313E-009
   55.200000000000003        2.3882229198126784E-009
   55.300000000000004        2.4916817822607701E-009
   55.400000000000006        2.6807962217100551E-009
   55.500000000000000        2.9365650698146790E-009
   55.600000000000001        3.2123251453019780E-009
   55.700000000000003        3.4427632259617472E-009
   55.800000000000004        3.5620029191014785E-009
   55.900000000000006        3.5294523383484712E-009
   56.000000000000000        3.3685070785521351E-009
   56.100000000000001        3.1986014483584156E-009
   56.200000000000003        3.2033036649237195E-009
   56.300000000000004        3.4888987646330350E-009
   56.400000000000006        3.9248878032555440E-009
   56.500000000000000        4.1863538248296166E-009
   56.600000000000001        3.9601544238448534E-009
   56.700000000000003        3.2929241523948594E-009
   56.800000000000004        2.8097928642427123E-009
   56.900000000000006        2.6166709600764831E-009
   57.000000000000000        2.5836212764090325E-009
   57.100000000000001        2.5806058372314148E-009
   57.200000000000003        2.5513256999082164E-009
   57.300000000000004        2.4926232802398420E-009
   57.400000000000006        2.4258208657576836E-009
   57.500000000000000        2.3759105839083693E-009
   57.600000000000001        2.3563570449895257E-009
   57.700000000000003        2.3633090743528833E-009
   57.800000000000004        2.3799813455956875E-009
   57.900000000000006        2.3881832412079660E-009
   58.000000000000000        2.3788313047192963E-009
   58.100000000000001        2.3579194354548568E-009
   58.200000000000003        2.3471207986098811E-009
   58.300000000000004        2.3768037398231281E-009
   58.400000000000006        2.4738823929514824E-009
   58.500000000000000        2.6470415552988198E-009
   58.600000000000001        2.8823547244707110E-009
   58.700000000000003        3.1464021703979373E-009
   58.800000000000004        3.3913676029885520E-009
   58.900000000000006        3.5637844124483172E-009
   59.000000000000000        3.6197518536093631E-009
   59.100000000000001        3.5623722006544077E-009
   59.200000000000003        3.4734666608101907E-009
   59.300000000000004        3.4984221789754171E-009
   59.400000000000006        3.7249344940564745E-009
   59.500000000000000        4.0469786739946720E-009
   59.600000000000001        4.1882876504796058E-009
   59.700000000000003        3.9339106045098618E-009
   59.800000000000004        3.2466641330290225E-009
   59.900000000000006        2.8144149110026283E-009
   60.000000000000000        2.7143031680032628E-009
