   0.0000000000000000        7.1337274074476695E-012
  0.10000000000000001        3.3518012965939140E-011
  0.20000000000000001        1.3988978049265962E-010
  0.30000000000000004        3.2362153001823551E-010
  0.40000000000000002        5.6112130319776809E-010
  0.50000000000000000        8.0394733298959100E-010
  0.60000000000000009        9.8552271452398953E-010
  0.70000000000000007        1.0499127459494179E-009
  0.80000000000000004        9.9121703732512110E-010
  0.90000000000000002        8.7972300453331885E-010
   1.0000000000000000        8.6306625593805442E-010
   1.1000000000000001        1.0542797508086014E-009
   1.2000000000000002        1.3839127356675752E-009
   1.3000000000000000        1.7185260548081745E-009
   1.4000000000000001        1.9641138517354375E-009
   1.5000000000000000        2.0755487617838359E-009
   1.6000000000000001        2.0503268219261345E-009
   1.7000000000000002        1.9191166748373520E-009
   1.8000000000000000        1.7369427665304419E-009
   1.9000000000000001        1.5751939511239871E-009
   2.0000000000000000        1.5038459090254937E-009
   2.1000000000000001        1.5549194295801732E-009
   2.2000000000000002        1.7031422597226198E-009
   2.3000000000000003        1.8978905058826117E-009
   2.4000000000000004        2.0987043783473323E-009
   2.5000000000000000        2.2776487155984383E-009
   2.6000000000000001        2.3979738644421030E-009
   2.7000000000000002        2.3935748404403307E-009
   2.8000000000000003        2.1935938092685038E-009
   2.9000000000000004        1.8264493351529685E-009
   3.0000000000000000        1.5239944278983960E-009
   3.1000000000000001        1.5443200663604556E-009
   3.2000000000000002        2.0018785155191417E-009
   3.3000000000000003        2.5184398466720379E-009
   3.4000000000000004        3.1551066415786806E-009
   3.5000000000000000        3.7995531909217821E-009
   3.6000000000000001        4.3222519177086968E-009
   3.7000000000000002        4.6544427368523583E-009
   3.8000000000000003        4.7988409439592996E-009
   3.9000000000000004        4.8144106722706298E-009
   4.0000000000000000        4.7936084664036664E-009
   4.1000000000000005        4.8186121913333951E-009
   4.2000000000000002        4.9118264173067489E-009
   4.2999999999999998        5.0290356429769981E-009
   4.4000000000000004        5.1004454724050181E-009
   4.5000000000000000        5.0731504123400675E-009
   4.6000000000000005        4.9304435773966761E-009
   4.7000000000000002        4.6963491327688608E-009
   4.8000000000000007        4.4317908760988080E-009
   4.9000000000000004        4.2145495056231568E-009
   5.0000000000000000        4.0969267002307412E-009
   5.1000000000000005        4.0683339532222773E-009
   5.2000000000000002        4.0728160875036646E-009
   5.3000000000000007        4.0730142991553443E-009
   5.4000000000000004        4.0743339760262929E-009
   5.5000000000000000        4.0686824597134434E-009
   5.6000000000000005        4.0258143289165107E-009
   5.7000000000000002        3.9698618349991689E-009
   5.8000000000000007        3.9428593301723186E-009
   5.9000000000000004        3.9180726552803057E-009
   6.0000000000000000        3.8505827753584825E-009
   6.1000000000000005        3.7515163387642717E-009
   6.2000000000000002        3.6783804067764278E-009
   6.3000000000000007        3.6877975080272432E-009
   6.4000000000000004        3.7878938050385968E-009
   6.5000000000000000        3.9492153745627961E-009
   6.6000000000000005        4.1374780360060573E-009
   6.7000000000000002        4.3141059673442574E-009
   6.8000000000000007        4.4309936033198709E-009
   6.9000000000000004        4.4471944451426838E-009
   7.0000000000000000        4.3659941290413698E-009
   7.1000000000000005        4.2584298032034841E-009
   7.2000000000000002        4.2336197211869646E-009
   7.3000000000000007        4.3508275399637390E-009
   7.4000000000000004        4.5598866041255668E-009
   7.5000000000000000        4.7496713536738638E-009
   7.6000000000000005        4.8346475025309229E-009
   7.7000000000000002        4.7939076833432941E-009
   7.8000000000000007        4.6647999583513245E-009
   7.9000000000000004        4.5177641913971914E-009
   8.0000000000000000        4.4232800284208638E-009
   8.0999999999999996        4.4170873317143211E-009
   8.2000000000000011        4.4815455439035936E-009
   8.3000000000000007        4.5588260471617395E-009
   8.4000000000000004        4.5871125503052035E-009
   8.5000000000000000        4.5422270995399178E-009
   8.5999999999999996        4.4671483629418194E-009
   8.7000000000000011        4.4363187523590131E-009
   8.8000000000000007        4.4427978690018017E-009
   8.9000000000000004        4.4188435487834799E-009
   9.0000000000000000        4.3688431916394065E-009
   9.0999999999999996        4.2646678304308808E-009
   9.2000000000000011        4.0760220153144293E-009
   9.3000000000000007        3.9244225868338696E-009
   9.4000000000000004        3.9173365655813483E-009
   9.5000000000000000        4.1389741826354068E-009
   9.6000000000000014        4.4051803056669242E-009
   9.7000000000000011        4.8760031677396198E-009
   9.8000000000000007        5.5989429340856971E-009
   9.9000000000000004        6.4694786086908958E-009
   10.000000000000000        7.3430061199905056E-009
   10.100000000000001        8.1177495212845233E-009
   10.200000000000001        8.7123221191965813E-009
   10.300000000000001        9.0003732769234470E-009
   10.400000000000000        8.8539792802170007E-009
   10.500000000000000        8.2985027365010823E-009
   10.600000000000001        7.5548845408505611E-009
   10.700000000000001        6.8687879548186385E-009
   10.800000000000001        6.3315428547283099E-009
   10.900000000000000        5.8896764347945811E-009
   11.000000000000000        5.4651496073846013E-009
   11.100000000000001        5.0283079362966796E-009
   11.200000000000001        4.5950980598697972E-009
   11.300000000000001        4.1920646015414779E-009
   11.400000000000000        3.8398306863435547E-009
   11.500000000000000        3.5739347818231529E-009
   11.600000000000001        3.4130576511997807E-009
   11.700000000000001        3.2966026644544485E-009
   11.800000000000001        3.1882861470644716E-009
   11.900000000000000        3.1137744476363643E-009
   12.000000000000000        3.0426549198835359E-009
   12.100000000000001        2.9864365072300338E-009
   12.200000000000001        2.9866685531976072E-009
   12.300000000000001        2.9633869064402040E-009
   12.400000000000000        2.8875526432170549E-009
   12.500000000000000        2.8868675229521771E-009
   12.600000000000001        3.0761584620879362E-009
   12.700000000000001        3.4486935727641543E-009
   12.800000000000001        3.9555354093180324E-009
   12.900000000000000        4.6095669385177435E-009
   13.000000000000000        5.4169610600516819E-009
   13.100000000000001        6.3098561055855805E-009
   13.200000000000001        7.1829730478385781E-009
   13.300000000000001        7.9769127813744862E-009
   13.400000000000000        8.6843284185017347E-009
   13.500000000000000        9.3010977924649816E-009
   13.600000000000001        9.8032580897905842E-009
   13.700000000000001        1.0124379197418550E-008
   13.800000000000001        1.0179334052234160E-008
   13.900000000000000        9.9809758950577587E-009
   14.000000000000000        9.6791198959416918E-009
   14.100000000000001        9.4286928528027345E-009
   14.200000000000001        9.2651027347526536E-009
   14.300000000000001        9.1378015734713914E-009
   14.400000000000000        9.0070566604286348E-009
   14.500000000000000        8.8696387178163950E-009
   14.600000000000001        8.7293003120184212E-009
   14.700000000000001        8.5936132412886870E-009
   14.800000000000001        8.4961071275542662E-009
   14.900000000000000        8.4644485190177190E-009
   15.000000000000000        8.4554907339350163E-009
   15.100000000000001        8.3650549633666623E-009
   15.200000000000001        8.1643350612327600E-009
   15.300000000000001        7.7829781347514149E-009
   15.400000000000000        7.1033110391500662E-009
   15.500000000000000        6.4932144974375859E-009
   15.600000000000001        5.9276539693608570E-009
   15.700000000000001        5.4420917673248086E-009
   15.800000000000001        5.3336722142139587E-009
   15.900000000000000        5.5252392314203340E-009
   16.000000000000000        6.3040131245024535E-009
   16.100000000000001        7.8648929655261233E-009
   16.199999999999999        1.0010793583090916E-008
   16.300000000000001        1.2248575438114783E-008
   16.400000000000002        1.4059889693029539E-008
   16.500000000000000        1.5079707866062564E-008
   16.600000000000001        1.5112662769571489E-008
   16.699999999999999        1.4206529088417551E-008
   16.800000000000001        1.2652417050093959E-008
   16.900000000000002        1.0822024053076407E-008
   17.000000000000000        9.1647680919210545E-009
   17.100000000000001        8.0350246329501293E-009
   17.199999999999999        7.3758972389205523E-009
   17.300000000000001        6.8918379073439984E-009
   17.400000000000002        6.3996950210559352E-009
   17.500000000000000        5.8665798229920234E-009
   17.600000000000001        5.3286262204170088E-009
   17.699999999999999        4.8761639149187601E-009
   17.800000000000001        4.6473661120251095E-009
   17.900000000000002        4.6145281367119229E-009
   18.000000000000000        4.5572512807870889E-009
   18.100000000000001        4.5112923377812316E-009
   18.199999999999999        4.5060727916622626E-009
   18.300000000000001        4.4760417267498629E-009
   18.400000000000002        4.4947585423938136E-009
   18.500000000000000        4.4963964507867621E-009
   18.600000000000001        4.5081407540359953E-009
   18.699999999999999        4.5240319471375340E-009
   18.800000000000001        4.5335783003227641E-009
   18.900000000000002        4.6929014010480033E-009
   19.000000000000000        5.1404985802877253E-009
   19.100000000000001        5.9699376641112991E-009
   19.200000000000003        7.2443359307668238E-009
   19.300000000000001        8.9720757765796964E-009
   19.400000000000002        1.1004504023229818E-008
   19.500000000000000        1.3153690363227142E-008
   19.600000000000001        1.5321149542848450E-008
   19.700000000000003        1.7326662824181380E-008
   19.800000000000001        1.8783399952946270E-008
   19.900000000000002        1.9260852974342782E-008
   20.000000000000000        1.8612162982892311E-008
   20.100000000000001        1.7132257231760745E-008
   20.200000000000003        1.5292984851782825E-008
   20.300000000000001        1.3511321937886891E-008
   20.400000000000002        1.2106285414205296E-008
   20.500000000000000        1.1119774361734023E-008
   20.600000000000001        1.0344767971336785E-008
   20.700000000000003        9.6768757028164487E-009
   20.800000000000001        9.1476820743807935E-009
   20.900000000000002        8.7456715899142999E-009
   21.000000000000000        8.4515199025704465E-009
   21.100000000000001        8.3612331973498749E-009
   21.200000000000003        8.4161793883939149E-009
   21.300000000000001        8.3195623143362846E-009
   21.400000000000002        8.0896133583465220E-009
   21.500000000000000        7.6387676438073663E-009
   21.600000000000001        7.0088102063999212E-009
   21.700000000000003        6.1457511930420075E-009
   21.800000000000001        5.3544000962231294E-009
   21.900000000000002        4.9913436888302710E-009
   22.000000000000000        4.9135797763073563E-009
   22.100000000000001        5.2190536420520359E-009
   22.200000000000003        5.9373259165825238E-009
   22.300000000000001        7.4811745480628534E-009
   22.400000000000002        1.0265415706995311E-008
   22.500000000000000        1.3992192782771597E-008
   22.600000000000001        1.7969779917630212E-008
   22.700000000000003        2.1610690534419303E-008
   22.800000000000001        2.3957437743080942E-008
   22.900000000000002        2.4158518808744391E-008
   23.000000000000000        2.3013788007376372E-008
   23.100000000000001        2.1535123341995273E-008
   23.200000000000003        1.9249269391437935E-008
   23.300000000000001        1.5915017749898649E-008
   23.400000000000002        1.2567354409921743E-008
   23.500000000000000        1.0245536730957543E-008
   23.600000000000001        8.8843520110928262E-009
   23.700000000000003        7.8652241039767336E-009
   23.800000000000001        6.9451258305435332E-009
   23.900000000000002        6.1792633933594568E-009
   24.000000000000000        5.5951612127378766E-009
   24.100000000000001        5.2952891646663837E-009
   24.200000000000003        5.3062164141210815E-009
   24.300000000000001        5.2809765139359049E-009
   24.400000000000002        5.2246045997799395E-009
   24.500000000000000        5.1808615093890226E-009
   24.600000000000001        5.1374151800182454E-009
   24.700000000000003        5.1132952753028493E-009
   24.800000000000001        5.1012682862804750E-009
   24.900000000000002        5.0936426046087908E-009
   25.000000000000000        5.1126217137613028E-009
   25.100000000000001        5.1666062042657864E-009
   25.200000000000003        5.2732935762773141E-009
   25.300000000000001        5.6783125854336265E-009
   25.400000000000002        6.9191534254754339E-009
   25.500000000000000        9.3552105070301577E-009
   25.600000000000001        1.2802769562844891E-008
   25.700000000000003        1.6881561766641336E-008
   25.800000000000001        2.1527991591018476E-008
   25.900000000000002        2.6388051350020974E-008
   26.000000000000000        3.0257611398285225E-008
   26.100000000000001        3.2108348114400029E-008
   26.200000000000003        3.2037891003278124E-008
   26.300000000000001        3.0692661327813804E-008
   26.400000000000002        2.8261304429493580E-008
   26.500000000000000        2.4723570355176577E-008
   26.600000000000001        2.0578402323665447E-008
   26.700000000000003        1.6724573349037593E-008
   26.800000000000001        1.3912213197869465E-008
   26.900000000000002        1.2152016217497590E-008
   27.000000000000000        1.0719374728532800E-008
   27.100000000000001        9.4518276336406370E-009
   27.200000000000003        8.5370257751200919E-009
   27.300000000000001        7.9454114252458201E-009
   27.400000000000002        7.6768242344173492E-009
   27.500000000000000        7.6352298126670756E-009
   27.600000000000001        7.4980865265901226E-009
   27.700000000000003        7.3790846529534872E-009
   27.800000000000001        7.2661307220123016E-009
   27.900000000000002        7.1066561557302887E-009
   28.000000000000000        6.7899259467069513E-009
   28.100000000000001        6.2107589422240930E-009
   28.200000000000003        5.6459274346494624E-009
   28.300000000000001        5.1656292417404244E-009
   28.400000000000002        5.0474202023513490E-009
   28.500000000000000        5.8045242697731895E-009
   28.600000000000001        8.2651851821732348E-009
   28.700000000000003        1.2906069200860409E-008
   28.800000000000001        1.8940754257750698E-008
   28.900000000000002        2.5949827240230838E-008
   29.000000000000000        3.2651260086305970E-008
   29.100000000000001        3.7075695406249859E-008
   29.200000000000003        3.9113438017918084E-008
   29.300000000000001        3.8733136096152888E-008
   29.400000000000002        3.5264621509947504E-008
   29.500000000000000        3.0531015708496591E-008
   29.600000000000001        2.6236952543887843E-008
   29.700000000000003        2.1751083368824258E-008
   29.800000000000001        1.7292949473194217E-008
   29.900000000000002        1.3982821476325108E-008
   30.000000000000000        1.1751284079828417E-008
   30.100000000000001        1.0182160609257208E-008
   30.200000000000003        8.9729957086998628E-009
   30.300000000000001        8.0849810887318792E-009
   30.400000000000002        7.4391707690585576E-009
   30.500000000000000        7.1898689873191705E-009
   30.600000000000001        7.0887346437757964E-009
   30.700000000000003        6.9187827814167978E-009
   30.800000000000001        6.8026209806365958E-009
   30.900000000000002        6.7312793696197503E-009
   31.000000000000000        6.6525416184145918E-009
   31.100000000000001        6.5708023991998000E-009
   31.200000000000003        6.4353824321301307E-009
   31.300000000000001        6.3147138885272816E-009
   31.400000000000002        6.2308860800458879E-009
   31.500000000000000        6.3463218856513399E-009
   31.600000000000001        6.7711142875283753E-009
   31.700000000000003        8.1256681712023666E-009
   31.800000000000001        1.1484719652324322E-008
   31.900000000000002        1.6780618693233496E-008
   32.000000000000000        2.3542149200416973E-008
   32.100000000000001        3.1930384367352874E-008
   32.200000000000003        4.0713986458035752E-008
   32.300000000000004        4.8123881613681399E-008
   32.399999999999999        5.3334539744900133E-008
   32.500000000000000        5.5156943007492080E-008
   32.600000000000001        5.2573400541245152E-008
   32.700000000000003        4.7054923596351673E-008
   32.800000000000004        4.0542556841478627E-008
   32.899999999999999        3.3294970236032730E-008
   33.000000000000000        2.6027342322595752E-008
   33.100000000000001        2.0272362819024563E-008
   33.200000000000003        1.6323929197141884E-008
   33.300000000000004        1.3386066881970432E-008
   33.399999999999999        1.1549810432619891E-008
   33.500000000000000        1.0799151976692092E-008
   33.600000000000001        1.0372365925764765E-008
   33.700000000000003        9.5619867673594834E-009
   33.800000000000004        9.2738188627060817E-009
   33.899999999999999        9.0227002369900342E-009
   34.000000000000000        8.7191916158485093E-009
   34.100000000000001        8.4852080836918444E-009
   34.200000000000003        8.2960348964233635E-009
   34.300000000000004        7.9983178605269282E-009
   34.399999999999999        7.5212591616089115E-009
   34.500000000000000        6.9132242952567040E-009
   34.600000000000001        6.6578244269054071E-009
   34.700000000000003        6.5834775963930683E-009
   34.800000000000004        7.1909549492627780E-009
   34.899999999999999        1.0344060641998798E-008
   35.000000000000000        1.6657413596493218E-008
   35.100000000000001        2.5039342347569392E-008
   35.200000000000003        3.5487133117135582E-008
   35.300000000000004        4.5926752809379473E-008
   35.399999999999999        5.4230415139041980E-008
   35.500000000000000        5.9743329969937994E-008
   35.600000000000001        6.1194208686105117E-008
   35.700000000000003        5.8072785003984821E-008
   35.800000000000004        5.1663371219169960E-008
   35.899999999999999        4.3017792292922239E-008
   36.000000000000000        3.4193528549642654E-008
   36.100000000000001        2.6826305284041553E-008
   36.200000000000003        2.1959535200053274E-008
   36.300000000000004        1.8453789959552741E-008
   36.399999999999999        1.5840086679058445E-008
   36.500000000000000        1.4590408307108904E-008
   36.600000000000001        1.4370839891124334E-008
   36.700000000000003        1.4565394635616005E-008
   36.800000000000004        1.4432880496278090E-008
   36.899999999999999        1.4381780523094031E-008
   37.000000000000000        1.4313365882670576E-008
   37.100000000000001        1.4173491436003215E-008
   37.200000000000003        1.4148323439538576E-008
   37.300000000000004        1.4095126026191227E-008
   37.399999999999999        1.3870818887741149E-008
   37.500000000000000        1.3574615741209566E-008
   37.600000000000001        1.3266926428312733E-008
   37.700000000000003        1.2809968563825716E-008
   37.800000000000004        1.2362747914619872E-008
   37.899999999999999        1.2328809754719195E-008
   38.000000000000000        1.3763081036340210E-008
   38.100000000000001        1.8333393398080639E-008
   38.200000000000003        2.6772521796165641E-008
   38.300000000000004        3.9848085659404791E-008
   38.400000000000006        5.7792217767206615E-008
   38.500000000000000        7.9543566564891991E-008
   38.600000000000001        1.0088878879087708E-007
   38.700000000000003        1.2018523532909622E-007
   38.800000000000004        1.3607410243782726E-007
   38.900000000000006        1.4531616710037076E-007
   39.000000000000000        1.5400162248852536E-007
   39.100000000000001        1.6067536548079650E-007
   39.200000000000003        1.6708470956523196E-007
   39.300000000000004        1.7340836085443675E-007
   39.400000000000006        1.8032511801315609E-007
   39.500000000000000        1.8746632159853314E-007
   39.600000000000001        1.9530886022535300E-007
   39.700000000000003        2.0324902129768025E-007
   39.800000000000004        2.1168528200649632E-007
   39.900000000000006        2.1891749791845646E-007
   40.000000000000000        2.2616495267491037E-007
   40.100000000000001        2.3123215599173635E-007
   40.200000000000003        2.3638035869324147E-007
   40.300000000000004        2.4016294177668138E-007
   40.400000000000006        2.4318006838487363E-007
   40.500000000000000        2.4567412406402101E-007
   40.600000000000001        2.4660816624031407E-007
   40.700000000000003        2.4608376346196138E-007
   40.800000000000004        2.4444065150653313E-007
   40.900000000000006        2.4255278474896310E-007
   41.000000000000000        2.4017798157439613E-007
   41.100000000000001        2.3545105149489767E-007
   41.200000000000003        2.2752747649023562E-007
   41.300000000000004        2.1729920934034060E-007
   41.400000000000006        2.0885828380665028E-007
   41.500000000000000        2.0593418562304311E-007
   41.600000000000001        2.1257548168763954E-007
   41.700000000000003        2.2436633413677640E-007
   41.800000000000004        2.3831701344935058E-007
   41.900000000000006        2.5068023257459953E-007
   42.000000000000000        2.6192512148264758E-007
   42.100000000000001        2.6977665828747215E-007
   42.200000000000003        2.7620044434230456E-007
   42.300000000000004        2.8479429297205898E-007
   42.400000000000006        2.9436336135032559E-007
   42.500000000000000        3.0500198682202345E-007
   42.600000000000001        3.1728624685606766E-007
   42.700000000000003        3.3016368341274010E-007
   42.800000000000004        3.4280466610446300E-007
   42.900000000000006        3.5319010597481450E-007
   43.000000000000000        3.6289784931001123E-007
   43.100000000000001        3.6861548328905402E-007
   43.200000000000003        3.7689414177205234E-007
   43.300000000000004        3.8525386168927636E-007
   43.400000000000006        3.9061459000369201E-007
   43.500000000000000        3.9656586946927823E-007
   43.600000000000001        4.0236962510934363E-007
   43.700000000000003        4.0464544288401933E-007
   43.800000000000004        4.1257426662811782E-007
   43.900000000000006        4.1362978995387822E-007
   44.000000000000000        4.1348431338723540E-007
   44.100000000000001        4.1356551985540106E-007
   44.200000000000003        4.1155848243808371E-007
   44.300000000000004        4.0296564166219954E-007
   44.400000000000006        3.8694877259515346E-007
   44.500000000000000        3.6482055883944805E-007
   44.600000000000001        3.5476849372756544E-007
   44.700000000000003        4.1673874286501546E-007
   44.800000000000004        6.1628429498239201E-007
   44.900000000000006        9.6574640245010071E-007
   45.000000000000000        1.3808665863516001E-006
   45.100000000000001        1.8359688171638707E-006
   45.200000000000003        2.2192506704093275E-006
   45.300000000000004        2.5181272577538887E-006
   45.400000000000006        2.8396238347115714E-006
   45.500000000000000        3.1311042728840392E-006
   45.600000000000001        3.3792444907894915E-006
   45.700000000000003        3.5937367996850093E-006
   45.800000000000004        3.7853827571889678E-006
   45.900000000000006        3.9539686952355279E-006
   46.000000000000000        4.1157191942340066E-006
   46.100000000000001        4.2542420928996876E-006
   46.200000000000003        4.3811303065305356E-006
   46.300000000000004        4.4907363954507664E-006
   46.400000000000006        4.5812477409886207E-006
   46.500000000000000        4.6465805201487019E-006
   46.600000000000001        4.7230497202193894E-006
   46.700000000000003        4.8122559991400127E-006
   46.800000000000004        4.8574199094358708E-006
   46.900000000000006        4.8783745314827001E-006
   47.000000000000000        4.8794529712755341E-006
   47.100000000000001        4.8689793463038965E-006
   47.200000000000003        4.8564577390832558E-006
   47.300000000000004        4.8272404864896933E-006
   47.400000000000006        4.7943671825707011E-006
   47.500000000000000        4.7350423605563955E-006
   47.600000000000001        4.6441493154204354E-006
   47.700000000000003        4.5194920076892849E-006
   47.800000000000004        4.3662489243165420E-006
   47.900000000000006        4.1949151735759927E-006
   48.000000000000000        4.0609941637335770E-006
   48.100000000000001        3.9904978962193470E-006
   48.200000000000003        3.9866544051901030E-006
   48.300000000000004        4.0483380280208431E-006
   48.400000000000006        4.1514630070926918E-006
   48.500000000000000        4.2744746085721993E-006
   48.600000000000001        4.4313576130945212E-006
   48.700000000000003        4.5843611962920002E-006
   48.800000000000004        4.7317244218557865E-006
   48.900000000000006        4.8712302170657118E-006
   49.000000000000000        5.0294976291430042E-006
   49.100000000000001        5.1757660811328535E-006
   49.200000000000003        5.2996675236157043E-006
   49.300000000000004        5.3990536280094144E-006
   49.400000000000006        5.4772397281158631E-006
   49.500000000000000        5.5395622925600161E-006
   49.600000000000001        5.5858400387504413E-006
   49.700000000000003        5.6471811316042498E-006
   49.800000000000004        5.6946138068760734E-006
   49.900000000000006        5.7150121763437527E-006
   50.000000000000000        5.7183490044156647E-006
   50.100000000000001        5.7282169816442263E-006
   50.200000000000003        5.7682375860456846E-006
   50.300000000000004        5.8121981632118830E-006
   50.400000000000006        5.8284086504544050E-006
   50.500000000000000        5.8346208484372903E-006
   50.600000000000001        5.8483364821159770E-006
   50.700000000000003        5.7916022895707129E-006
   50.800000000000004        5.6673380135406193E-006
   50.900000000000006        5.4771272458646285E-006
   51.000000000000000        5.2118627880153450E-006
   51.100000000000001        4.9212358427249736E-006
   51.200000000000003        5.0251857317875236E-006
   51.300000000000004        6.3038397664456725E-006
   51.400000000000006        9.0295159517142576E-006
   51.500000000000000        1.2429317879574801E-005
   51.600000000000001        1.6071994295334773E-005
   51.700000000000003        1.8499220185030622E-005
   51.800000000000004        2.1183516672002095E-005
   51.900000000000006        2.3472306480218369E-005
   52.000000000000000        2.5508774683618998E-005
   52.100000000000001        2.7215132193643577E-005
   52.200000000000003        2.8752000762310789E-005
   52.300000000000004        3.0036232189146231E-005
   52.400000000000006        3.1082659171400282E-005
   52.500000000000000        3.2025556906901040E-005
   52.600000000000001        3.2828155514358950E-005
   52.700000000000003        3.3475953075463738E-005
   52.800000000000004        3.4017625666940251E-005
   52.900000000000006        3.4526478683257645E-005
   53.000000000000000        3.4880569299619116E-005
   53.100000000000001        3.5024163999394945E-005
   53.200000000000003        3.5104353650342526E-005
   53.300000000000004        3.5123635650058613E-005
   53.400000000000006        3.5183853346051833E-005
   53.500000000000000        3.5198994089812350E-005
   53.600000000000001        3.5109564591974964E-005
   53.700000000000003        3.4922398286886960E-005
   53.800000000000004        3.4696995200627617E-005
   53.900000000000006        3.4339953600242401E-005
   54.000000000000000        3.3843790600234261E-005
   54.100000000000001        3.3188684637274873E-005
   54.200000000000003        3.2368768603383751E-005
   54.300000000000004        3.1341572050954997E-005
   54.400000000000006        3.0277960741046961E-005
   54.500000000000000        2.9325759518893763E-005
   54.600000000000001        2.8622872154232137E-005
   54.700000000000003        2.8434794350638942E-005
   54.800000000000004        2.8671538962764027E-005
   54.900000000000006        2.9249367077575141E-005
   55.000000000000000        3.0181403084108332E-005
   55.100000000000001        3.1214545073222827E-005
   55.200000000000003        3.2459226548176684E-005
   55.300000000000004        3.3524335861961153E-005
   55.400000000000006        3.4766356213494606E-005
   55.500000000000000        3.5844235838688216E-005
   55.600000000000001        3.6759609456772211E-005
   55.700000000000003        3.7473123653975478E-005
   55.800000000000004        3.8138114078249491E-005
   55.900000000000006        3.8693044881082659E-005
   56.000000000000000        3.9218409457801035E-005
   56.100000000000001        3.9476887780742535E-005
   56.200000000000003        3.9579451352943554E-005
   56.300000000000004        3.9494171341198762E-005
   56.400000000000006        3.9362498262755159E-005
   56.500000000000000        3.9435227546804910E-005
   56.600000000000001        3.9551312513123149E-005
   56.700000000000003        3.9587111938030763E-005
   56.800000000000004        3.9928758084167761E-005
   56.900000000000006        4.0019491027258287E-005
   57.000000000000000        4.0098905443147997E-005
   57.100000000000001        3.9976081104192221E-005
   57.200000000000003        3.9377651805573381E-005
   57.300000000000004        3.8392785178877693E-005
   57.400000000000006        3.7094683554711973E-005
   57.500000000000000        3.5443636193908060E-005
   57.600000000000001        3.3695576901807584E-005
   57.700000000000003        3.3223410117721762E-005
   57.800000000000004        3.7384044094115708E-005
   57.900000000000006        4.7432603447677660E-005
   58.000000000000000        6.1011310154163388E-005
   58.100000000000001        7.2876330889656696E-005
   58.200000000000003        8.5098601375615000E-005
   58.300000000000004        9.6277419970551242E-005
   58.400000000000006        1.0546606364829114E-004
   58.500000000000000        1.1300923433177085E-004
   58.600000000000001        1.1932976101701620E-004
   58.700000000000003        1.2484964101118140E-004
   58.800000000000004        1.2959195049188241E-004
   58.900000000000006        1.3335378558393873E-004
   59.000000000000000        1.3659981636478518E-004
   59.100000000000001        1.3909996398937319E-004
   59.200000000000003        1.4132904546706226E-004
   59.300000000000004        1.4261119481687838E-004
   59.400000000000006        1.4250628733369929E-004
   59.500000000000000        1.4117331261675727E-004
   59.600000000000001        1.4097897836967495E-004
   59.700000000000003        1.4109149572956364E-004
   59.800000000000004        1.4141840932307766E-004
   59.900000000000006        1.4175247396740233E-004
   60.000000000000000        1.4139229987141525E-004
