   0.0000000000000000        2.2515353306419179E-012
  0.10000000000000001        2.9859797168995728E-008
  0.20000000000000001        4.5951691768200475E-008
  0.30000000000000004        4.7300778008478929E-008
  0.40000000000000002        3.9625401139743216E-008
  0.50000000000000000        3.4426430662612584E-008
  0.60000000000000009        3.6614661102137723E-008
  0.70000000000000007        3.9523445949266723E-008
  0.80000000000000004        3.9433903654221123E-008
  0.90000000000000002        3.7427436298245987E-008
   1.0000000000000000        3.5105934522206210E-008
   1.1000000000000001        3.3609400216317731E-008
   1.2000000000000002        3.4027504017255252E-008
   1.3000000000000000        3.5673660734921741E-008
   1.4000000000000001        3.5945254843856584E-008
   1.5000000000000000        3.3609565504885944E-008
   1.6000000000000001        3.1146580983105560E-008
   1.7000000000000002        3.2451732919552744E-008
   1.8000000000000000        3.6252342094479520E-008
   1.9000000000000001        3.7655398905390562E-008
   2.0000000000000000        3.4708580658404628E-008
   2.1000000000000001        3.1106662680005515E-008
   2.2000000000000002        3.3604267650846184E-008
   2.3000000000000003        4.0643373072863559E-008
   2.4000000000000004        4.4180332100152192E-008
   2.5000000000000000        4.0094988402184470E-008
   2.6000000000000001        3.3544620594899136E-008
   2.7000000000000002        4.0360218829677727E-008
   2.8000000000000003        5.9323013897469883E-008
   2.9000000000000004        7.6171293247889517E-008
   3.0000000000000000        8.5057101794750740E-008
   3.1000000000000001        8.8240703172042130E-008
   3.2000000000000002        9.1136078776663337E-008
   3.3000000000000003        9.4208266398941485E-008
   3.4000000000000004        9.4048181833607863E-008
   3.5000000000000000        8.6362404711594482E-008
   3.6000000000000001        7.2199680287164937E-008
   3.7000000000000002        5.8793333508768056E-008
   3.8000000000000003        5.4224941611467667E-008
   3.9000000000000004        5.6799507526503118E-008
   4.0000000000000000        5.8463636884765681E-008
   4.1000000000000005        5.5999892836137096E-008
   4.2000000000000002        5.2088204987352831E-008
   4.2999999999999998        5.1156272744971293E-008
   4.4000000000000004        5.3526293352378633E-008
   4.5000000000000000        5.5413236624515973E-008
   4.6000000000000005        5.4487773670973922E-008
   4.7000000000000002        5.2272128431695345E-008
   4.8000000000000007        5.1926754205617420E-008
   4.9000000000000004        5.3879114569291928E-008
   5.0000000000000000        5.5552560707936194E-008
   5.1000000000000005        5.5368992231436779E-008
   5.2000000000000002        5.4369928511259359E-008
   5.3000000000000007        5.4319468604492410E-008
   5.4000000000000004        5.5658350597962770E-008
   5.5000000000000000        5.7730196710387512E-008
   5.6000000000000005        5.9115492888153480E-008
   5.7000000000000002        5.7759791705514175E-008
   5.8000000000000007        5.3878092520091952E-008
   5.9000000000000004        5.2990496732647817E-008
   6.0000000000000000        5.8783750159077034E-008
   6.1000000000000005        6.3943983945701802E-008
   6.2000000000000002        6.0064679692118366E-008
   6.3000000000000007        4.9281183357450119E-008
   6.4000000000000004        4.5466351031318343E-008
   6.5000000000000000        5.5511219530382717E-008
   6.6000000000000005        6.2365610147519078E-008
   6.7000000000000002        6.0495586157651077E-008
   6.8000000000000007        5.5366047842088941E-008
   6.9000000000000004        5.3523038198476225E-008
   7.0000000000000000        5.4769041818156087E-008
   7.1000000000000005        5.5641486456802074E-008
   7.2000000000000002        5.5141512431598268E-008
   7.3000000000000007        5.3993292793856304E-008
   7.4000000000000004        5.2811758267700514E-008
   7.5000000000000000        5.2220738662052695E-008
   7.6000000000000005        5.2805590786657972E-008
   7.7000000000000002        5.3932250542073693E-008
   7.8000000000000007        5.4001611855322105E-008
   7.9000000000000004        5.2591904695465502E-008
   8.0000000000000000        5.1557761961259427E-008
   8.0999999999999996        5.2913285837509756E-008
   8.2000000000000011        5.5593901514448398E-008
   8.3000000000000007        5.6527341731231864E-008
   8.4000000000000004        5.4564116606847579E-008
   8.5000000000000000        5.2545913293545331E-008
   8.5999999999999996        5.4802747650936482E-008
   8.7000000000000011        6.0210005146290358E-008
   8.8000000000000007        6.2307617273984247E-008
   8.9000000000000004        5.7361965027170137E-008
   9.0000000000000000        5.0627887734887567E-008
   9.0999999999999996        5.3921331133947348E-008
   9.2000000000000011        6.5683164622078499E-008
   9.3000000000000007        7.3672170225642094E-008
   9.4000000000000004        7.3339043979940413E-008
   9.5000000000000000        6.8255402770485852E-008
   9.6000000000000014        6.6228516558212243E-008
   9.7000000000000011        7.0868006531700718E-008
   9.8000000000000007        7.4907617280630617E-008
   9.9000000000000004        7.2779753682715528E-008
   10.000000000000000        6.5831794603764142E-008
   10.100000000000001        5.9952760445036494E-008
   10.200000000000001        5.9599226998995293E-008
   10.300000000000001        6.2568869684364290E-008
   10.400000000000000        6.3988904383734367E-008
   10.500000000000000        6.2177675146471917E-008
   10.600000000000001        5.9395435763642441E-008
   10.700000000000001        5.8954523656589796E-008
   10.800000000000001        6.1000007114556246E-008
   10.900000000000000        6.2561519591126986E-008
   11.000000000000000        6.1776186943228424E-008
   11.100000000000001        6.0067985132011532E-008
   11.200000000000001        6.0181896965980946E-008
   11.300000000000001        6.2284238289327271E-008
   11.400000000000000        6.3965628644898956E-008
   11.500000000000000        6.3875739346609907E-008
   11.600000000000001        6.3004815071681796E-008
   11.700000000000001        6.2960111418735775E-008
   11.800000000000001        6.4470647517039418E-008
   11.900000000000000        6.6915127309664484E-008
   12.000000000000000        6.7692373318067289E-008
   12.100000000000001        6.4227414265786660E-008
   12.200000000000001        5.9143724063814696E-008
   12.300000000000001        6.0248890761258206E-008
   12.400000000000000        6.7577428048876184E-008
   12.500000000000000        7.1645428128724148E-008
   12.600000000000001        6.9290445879754644E-008
   12.700000000000001        5.8748407207642390E-008
   12.800000000000001        5.8397716407912479E-008
   12.900000000000000        6.5040738969889659E-008
   13.000000000000000        6.7655931151071736E-008
   13.100000000000001        6.4851577246832407E-008
   13.200000000000001        6.1432597696503717E-008
   13.300000000000001        6.0700183408068521E-008
   13.400000000000000        6.1532731136979180E-008
   13.500000000000000        6.1962669753327281E-008
   13.600000000000001        6.1592677407108844E-008
   13.700000000000001        6.0760254306029885E-008
   13.800000000000001        5.9875029403772822E-008
   13.900000000000000        5.9635449113491541E-008
   14.000000000000000        6.0464922329052223E-008
   14.100000000000001        6.1527663101003069E-008
   14.200000000000001        6.1472594699352469E-008
   14.300000000000001        6.0343622432320474E-008
   14.400000000000000        5.9983466362297973E-008
   14.500000000000000        6.1752039882330390E-008
   14.600000000000001        6.4319610167154843E-008
   14.700000000000001        6.5093013531082981E-008
   14.800000000000001        6.3297872502667971E-008
   14.900000000000000        6.1728270444403812E-008
   15.000000000000000        6.4418895329298715E-008
   15.100000000000001        6.9647278993976505E-008
   15.200000000000001        7.0401514094697537E-008
   15.300000000000001        6.3817285132748535E-008
   15.400000000000000        5.7292563521365831E-008
   15.500000000000000        6.1403277364232356E-008
   15.600000000000001        7.1779257139587168E-008
   15.700000000000001        7.8777115104975624E-008
   15.800000000000001        7.5343365747863775E-008
   15.900000000000000        6.8322770667567493E-008
   16.000000000000000        6.7431234627864898E-008
   16.100000000000001        7.2985033701036471E-008
   16.199999999999999        7.8076124285512059E-008
   16.300000000000001        7.9099284421385150E-008
   16.400000000000002        7.7400212518610751E-008
   16.500000000000000        7.6325849497527327E-008
   16.600000000000001        7.7392072905749210E-008
   16.699999999999999        7.8782888259317829E-008
   16.800000000000001        7.7825548518280627E-008
   16.900000000000002        7.3948816629178737E-008
   17.000000000000000        6.9387902400963838E-008
   17.100000000000001        6.7194691730365532E-008
   17.199999999999999        6.7763552338776465E-008
   17.300000000000001        6.8520612453162565E-008
   17.400000000000002        6.7627518527075066E-008
   17.500000000000000        6.6280740320323581E-008
   17.600000000000001        6.6832144059379913E-008
   17.699999999999999        6.9144891408245293E-008
   17.800000000000001        7.0894558040882692E-008
   17.900000000000002        7.0896644823299953E-008
   18.000000000000000        6.9974651208055188E-008
   18.100000000000001        6.9717970242229810E-008
   18.199999999999999        7.1491273497110123E-008
   18.300000000000001        7.4279920799346251E-008
   18.400000000000002        7.3815148554561031E-008
   18.500000000000000        6.8065233317182994E-008
   18.600000000000001        6.3160439430520823E-008
   18.699999999999999        6.7093560141798990E-008
   18.800000000000001        7.5425258741662642E-008
   18.900000000000002        8.0874394499688942E-008
   19.000000000000000        7.2917506673506839E-008
   19.100000000000001        6.5586728375548491E-008
   19.200000000000003        6.6788424682694518E-008
   19.300000000000001        7.0574062373265603E-008
   19.400000000000002        7.0978786405045274E-008
   19.500000000000000        6.8625976276780404E-008
   19.600000000000001        6.6642620573523581E-008
   19.700000000000003        6.6369244540656540E-008
   19.800000000000001        6.6924593566588059E-008
   19.900000000000002        6.7278182472530552E-008
   20.000000000000000        6.7108510604458532E-008
   20.100000000000001        6.6447865853793846E-008
   20.200000000000003        6.5715204378718663E-008
   20.300000000000001        6.5751457152783165E-008
   20.400000000000002        6.6824941345976340E-008
   20.500000000000000        6.7864691066098994E-008
   20.600000000000001        6.7697908854600656E-008
   20.700000000000003        6.6832116574328053E-008
   20.800000000000001        6.7132902087006230E-008
   20.900000000000002        6.9349176475411123E-008
   21.000000000000000        7.1896060928508613E-008
   21.100000000000001        7.2514526808844810E-008
   21.200000000000003        7.0625781682692951E-008
   21.300000000000001        6.9260629409947633E-008
   21.400000000000002        7.2487262656801328E-008
   21.500000000000000        7.7288980105417887E-008
   21.600000000000001        7.6150554318152803E-008
   21.700000000000003        6.8358193808781926E-008
   21.800000000000001        6.3254949864406460E-008
   21.900000000000002        6.8649260464902330E-008
   22.000000000000000        7.9958246998390323E-008
   22.100000000000001        8.2200803230260768E-008
   22.200000000000003        7.6285542469786514E-008
   22.300000000000001        6.9632482859223683E-008
   22.400000000000002        6.8483817205403244E-008
   22.500000000000000        7.1666172139711073E-008
   22.600000000000001        7.4957182595349759E-008
   22.700000000000003        7.6612152477729196E-008
   22.800000000000001        7.7711030013121351E-008
   22.900000000000002        7.9925216198933376E-008
   23.000000000000000        8.3127690945727442E-008
   23.100000000000001        8.5245704295186025E-008
   23.200000000000003        8.4322797758063688E-008
   23.300000000000001        8.0395869917459385E-008
   23.400000000000002        7.5782053425608516E-008
   23.500000000000000        7.3281804008275046E-008
   23.600000000000001        7.3246370568216897E-008
   23.700000000000003        7.3407140498522838E-008
   23.800000000000001        7.2240283683371860E-008
   23.900000000000002        7.1067831092911541E-008
   24.000000000000000        7.1995681345197133E-008
   24.100000000000001        7.4496757831498522E-008
   24.200000000000003        7.6259502188471636E-008
   24.300000000000001        7.6175436134247852E-008
   24.400000000000002        7.4786749572712443E-008
   24.500000000000000        7.4107295733477237E-008
   24.600000000000001        7.6423014092723592E-008
   24.700000000000003        7.9380188435150028E-008
   24.800000000000001        7.7180645665933138E-008
   24.900000000000002        6.9974565643275016E-008
   25.000000000000000        6.7037910628470467E-008
   25.100000000000001        7.3888437650643822E-008
   25.200000000000003        8.3357343523151355E-008
   25.300000000000001        8.1674261851543783E-008
   25.400000000000002        7.3717007011794467E-008
   25.500000000000000        6.9797889634295033E-008
   25.600000000000001        7.1368825413136901E-008
   25.700000000000003        7.3232883911612861E-008
   25.800000000000001        7.2871555958127929E-008
   25.900000000000002        7.1296742406879460E-008
   26.000000000000000        7.0177691405272667E-008
   26.100000000000001        7.0043236875147410E-008
   26.200000000000003        7.0450914250765751E-008
   26.300000000000001        7.0847341239763084E-008
   26.400000000000002        7.0826284326823123E-008
   26.500000000000000        7.0234689644651276E-008
   26.600000000000001        6.9600149531096076E-008
   26.700000000000003        6.9915580382952159E-008
   26.800000000000001        7.1255500519913375E-008
   26.900000000000002        7.2281353042866651E-008
   27.000000000000000        7.2042797659691597E-008
   27.100000000000001        7.1564433710795824E-008
   27.200000000000003        7.2633067197425199E-008
   27.300000000000001        7.5324316121987662E-008
   27.400000000000002        7.7884160222499802E-008
   27.500000000000000        7.8156681741587348E-008
   27.600000000000001        7.5618801139008155E-008
   27.700000000000003        7.4307752327361128E-008
   27.800000000000001        7.8301350255877926E-008
   27.900000000000002        8.2391027548737290E-008
   28.000000000000000        7.9522725769270239E-008
   28.100000000000001        7.1787912548615371E-008
   28.200000000000003        6.8721193456377179E-008
   28.300000000000001        7.6410834399223491E-008
   28.400000000000002        8.2936632319974252E-008
   28.500000000000000        8.2001915105954602E-008
   28.600000000000001        7.6336215096378031E-008
   28.700000000000003        7.2039802692451749E-008
   28.800000000000001        7.1637155785037165E-008
   28.900000000000002        7.3481054539654027E-008
   29.000000000000000        7.5348968960832365E-008
   29.100000000000001        7.6695917318174709E-008
   29.200000000000003        7.8385065926078162E-008
   29.300000000000001        8.1074526943546572E-008
   29.400000000000002        8.3891543828324072E-008
   29.500000000000000        8.4887347687753642E-008
   29.600000000000001        8.2756443398830793E-008
   29.700000000000003        7.8242327703470883E-008
   29.800000000000001        7.4194345402401706E-008
   29.900000000000002        7.3419623698477623E-008
   30.000000000000000        7.5535354557006479E-008
   30.100000000000001        7.7537396249992505E-008
   30.200000000000003        7.7772111957441504E-008
   30.300000000000001        7.7638929696341066E-008
   30.400000000000002        7.8999519061656979E-008
   30.500000000000000        8.1214047725044387E-008
   30.600000000000001        8.2414205548239615E-008
   30.700000000000003        8.1566089938367738E-008
   30.800000000000001        7.9040730164489139E-008
   30.900000000000002        7.8126398541101120E-008
   31.000000000000000        8.1577923378212628E-008
   31.100000000000001        8.4493362139018016E-008
   31.200000000000003        8.0804581265202353E-008
   31.300000000000001        7.3915849300478181E-008
   31.400000000000002        7.4379942230913420E-008
   31.500000000000000        8.1515616984662206E-008
   31.600000000000001        8.5632545189757602E-008
   31.700000000000003        8.1121389745170258E-008
   31.800000000000001        7.5452073135961751E-008
   31.900000000000002        7.4052409651128105E-008
   32.000000000000000        7.5269350014498103E-008
   32.100000000000001        7.6040589578881087E-008
   32.200000000000003        7.5602599797080562E-008
   32.300000000000004        7.4659580218643668E-008
   32.399999999999999        7.3993528160454870E-008
   32.500000000000000        7.3889351055465832E-008
   32.600000000000001        7.4240152226308837E-008
   32.700000000000003        7.4706942342157209E-008
   32.800000000000004        7.4766581290868440E-008
   32.899999999999999        7.4185431319515148E-008
   33.000000000000000        7.3675712184174031E-008
   33.100000000000001        7.4345063347471985E-008
   33.200000000000003        7.5969735790353767E-008
   33.300000000000004        7.6969870132011433E-008
   33.399999999999999        7.6790763283268719E-008
   33.500000000000000        7.6942123640284776E-008
   33.600000000000001        7.8782371585873518E-008
   33.700000000000003        8.1748575729847759E-008
   33.800000000000004        8.4109455513249144E-008
   33.899999999999999        8.3436232907887991E-008
   34.000000000000000        7.9708606004581167E-008
   34.100000000000001        7.8946065568945739E-008
   34.200000000000003        8.3950520101457581E-008
   34.300000000000004        8.7230200767945817E-008
   34.399999999999999        8.3533260637931457E-008
   34.500000000000000        7.6631153250137901E-008
   34.600000000000001        7.4918669799816341E-008
   34.700000000000003        8.0387742076866488E-008
   34.800000000000004        8.3461431507248258E-008
   34.899999999999999        8.1067827636323340E-008
   35.000000000000000        7.7023295945430898E-008
   35.100000000000001        7.4803300446224131E-008
   35.200000000000003        7.4856474604141278E-008
   35.300000000000004        7.5942345248137627E-008
   35.399999999999999        7.7130602175830001E-008
   35.500000000000000        7.8552008363459975E-008
   35.600000000000001        8.0931866142723930E-008
   35.700000000000003        8.4455430646554789E-008
   35.800000000000004        8.8037991221177658E-008
   35.899999999999999        8.9890361534711616E-008
   36.000000000000000        8.8954776126015195E-008
   36.100000000000001        8.6120675585298463E-008
   36.200000000000003        8.4137203654168908E-008
   36.300000000000004        8.5292100995800533E-008
   36.399999999999999        8.8660494248957230E-008
   36.500000000000000        9.1285643832202899E-008
   36.600000000000001        9.1969731548805695E-008
   36.700000000000003        9.2247272677429104E-008
   36.800000000000004        9.3487953074682483E-008
   36.899999999999999        9.4982364757329346E-008
   37.000000000000000        9.5348549486475884E-008
   37.100000000000001        9.3375172492713126E-008
   37.200000000000003        8.9905035898882340E-008
   37.300000000000004        8.9878125134843287E-008
   37.399999999999999        9.4664121890320575E-008
   37.500000000000000        9.7040995315597697E-008
   37.600000000000001        9.2743678830943553E-008
   37.700000000000003        8.8314596181055301E-008
   37.800000000000004        8.7503818561466432E-008
   37.899999999999999        9.2997196617627869E-008
   38.000000000000000        9.2950944895085872E-008
   38.100000000000001        8.8809867463932578E-008
   38.200000000000003        8.5993590316608426E-008
   38.300000000000004        8.5776226495445875E-008
   38.400000000000006        8.6418104759465550E-008
   38.500000000000000        8.6668629810527373E-008
   38.600000000000001        8.6387335053993561E-008
   38.700000000000003        8.5880285045207604E-008
   38.800000000000004        8.5468234098760266E-008
   38.900000000000006        8.5380823139765170E-008
   39.000000000000000        8.5712477172287590E-008
   39.100000000000001        8.6211278580100102E-008
   39.200000000000003        8.6284494312216026E-008
   39.300000000000004        8.5742834750812554E-008
   39.400000000000006        8.5483098384634971E-008
   39.500000000000000        8.6537273546790830E-008
   39.600000000000001        8.8295665261249738E-008
   39.700000000000003        8.9194969006748926E-008
   39.800000000000004        8.9287788838688055E-008
   39.900000000000006        9.0160054431909821E-008
   40.000000000000000        9.2321782239763728E-008
   40.100000000000001        9.5053551577198622E-008
   40.200000000000003        9.6706405257202738E-008
   40.300000000000004        9.4512263782869521E-008
   40.400000000000006        9.0325543817607837E-008
   40.500000000000000        9.1329161922474398E-008
   40.600000000000001        9.7090229607222039E-008
   40.700000000000003        9.9756456736441278E-008
   40.800000000000004        9.6100910114248028E-008
   40.900000000000006        8.8079130765517606E-008
   41.000000000000000        8.7702148649389410E-008
   41.100000000000001        9.1333383258737478E-008
   41.200000000000003        9.2102937322164982E-008
   41.300000000000004        9.0124457300390173E-008
   41.400000000000006        8.8018744908867424E-008
   41.500000000000000        8.7203550270626299E-008
   41.600000000000001        8.7501920084559788E-008
   41.700000000000003        8.8180435690269756E-008
   41.800000000000004        8.8894437570098330E-008
   41.900000000000006        8.9937376506164384E-008
   42.000000000000000        9.1878402008662751E-008
   42.100000000000001        9.4901829977192543E-008
   42.200000000000003        9.8330013853529520E-008
   42.300000000000004        1.0087036269154607E-007
   42.400000000000006        1.0161529144943491E-007
   42.500000000000000        1.0108892837092732E-007
   42.600000000000001        1.0116708455940840E-007
   42.700000000000003        1.0316087526511242E-007
   42.800000000000004        1.0595387472771628E-007
   42.900000000000006        1.0740424200694001E-007
   43.000000000000000        1.0737642651590403E-007
   43.100000000000001        1.0757798694971648E-007
   43.200000000000003        1.0863699466120424E-007
   43.300000000000004        1.0971563156122866E-007
   43.400000000000006        1.0945382765273904E-007
   43.500000000000000        1.0641416592415827E-007
   43.600000000000001        1.0303011609707777E-007
   43.700000000000003        1.0508341973952489E-007
   43.800000000000004        1.1082531888794675E-007
   43.900000000000006        1.1200913691910482E-007
   44.000000000000000        1.0776965042969075E-007
   44.100000000000001        1.0013990814309704E-007
   44.200000000000003        1.0211425718901605E-007
   44.300000000000004        1.0447603672659443E-007
   44.400000000000006        1.0284097018325644E-007
   44.500000000000000        1.0021141087851151E-007
   44.600000000000001        9.9067907193372438E-008
   44.700000000000003        9.9118893859792411E-008
   44.800000000000004        9.9392306017946080E-008
   44.900000000000006        9.9471938702189723E-008
   45.000000000000000        9.9331791440975452E-008
   45.100000000000001        9.9045784738205608E-008
   45.200000000000003        9.8748657127936498E-008
   45.300000000000004        9.8687163990323007E-008
   45.400000000000006        9.9054290568116037E-008
   45.500000000000000        9.9581156629098947E-008
   45.600000000000001        9.9622339445633009E-008
   45.700000000000003        9.9140415336862683E-008
   45.800000000000004        9.9240247511248563E-008
   45.900000000000006        1.0073173570930692E-007
   46.000000000000000        1.0257501529857971E-007
   46.100000000000001        1.0345317740455564E-007
   46.200000000000003        1.0401808230500838E-007
   46.300000000000004        1.0537898533588631E-007
   46.400000000000006        1.0736464352088141E-007
   46.500000000000000        1.0969590403529520E-007
   46.600000000000001        1.1022747067626987E-007
   46.700000000000003        1.0661600226111483E-007
   46.800000000000004        1.0344968758366575E-007
   46.900000000000006        1.0664353724126765E-007
   47.000000000000000        1.1279725187365309E-007
   47.100000000000001        1.1491283302118586E-007
   47.200000000000003        1.0696359914705951E-007
   47.300000000000004        1.0139107357612509E-007
   47.400000000000006        1.0229337519822778E-007
   47.500000000000000        1.0397959944804306E-007
   47.600000000000001        1.0358699253368502E-007
   47.700000000000003        1.0211303134158911E-007
   47.800000000000004        1.0103772776171457E-007
   47.900000000000006        1.0082641206621212E-007
   48.000000000000000        1.0113169738200982E-007
   48.100000000000001        1.0154374650578924E-007
   48.200000000000003        1.0197754956791375E-007
   48.300000000000004        1.0265305407416195E-007
   48.400000000000006        1.0395785654484373E-007
   48.500000000000000        1.0612516506506118E-007
   48.600000000000001        1.0878595512060435E-007
   48.700000000000003        1.1096890398343361E-007
   48.800000000000004        1.1190189180342989E-007
   48.900000000000006        1.1202672958752614E-007
   49.000000000000000        1.1287488080700658E-007
   49.100000000000001        1.1516543450422576E-007
   49.200000000000003        1.1740411605064149E-007
   49.300000000000004        1.1784762212084390E-007
   49.400000000000006        1.1702837443330562E-007
   49.500000000000000        1.1641195217072642E-007
   49.600000000000001        1.1636573836372705E-007
   49.700000000000003        1.1673894007064525E-007
   49.800000000000004        1.1599066716650617E-007
   49.900000000000006        1.1290403253945735E-007
   50.000000000000000        1.1183530099577685E-007
   50.100000000000001        1.1730370330098365E-007
   50.200000000000003        1.2356845869676026E-007
   50.300000000000004        1.2330656232698985E-007
   50.400000000000006        1.1359570919769724E-007
   50.500000000000000        1.1034169429551084E-007
   50.600000000000001        1.1230997620339587E-007
   50.700000000000003        1.1271629240830756E-007
   50.800000000000004        1.1110439411429346E-007
   50.900000000000006        1.0965532558780371E-007
   51.000000000000000        1.0913257554742681E-007
   51.100000000000001        1.0911627750906955E-007
   51.200000000000003        1.0919001252284782E-007
   51.300000000000004        1.0921467862615366E-007
   51.400000000000006        1.0914650865962343E-007
   51.500000000000000        1.0894423114790032E-007
   51.600000000000001        1.0868506631493504E-007
   51.700000000000003        1.0867569072304526E-007
   51.800000000000004        1.0914456891197611E-007
   51.900000000000006        1.0971193202031726E-007
   52.000000000000000        1.0969644394035812E-007
   52.100000000000001        1.0934188661611411E-007
   52.200000000000003        1.0998051554223297E-007
   52.300000000000004        1.1201773212216317E-007
   52.400000000000006        1.1396975996160901E-007
   52.500000000000000        1.1499745365837257E-007
   52.600000000000001        1.1602906486219423E-007
   52.700000000000003        1.1726165490521410E-007
   52.800000000000004        1.1879723182419414E-007
   52.900000000000006        1.2075454928675973E-007
   53.000000000000000        1.1991119519048203E-007
   53.100000000000001        1.1573067841617041E-007
   53.200000000000003        1.1432733448571585E-007
   53.300000000000004        1.1909003581837527E-007
   53.400000000000006        1.2525975804424635E-007
   53.500000000000000        1.2099802258921500E-007
   53.600000000000001        1.1331588848679878E-007
   53.700000000000003        1.1071635067515576E-007
   53.800000000000004        1.1171528971174939E-007
   53.900000000000006        1.1247128459748079E-007
   54.000000000000000        1.1211772281498703E-007
   54.100000000000001        1.1142313141374080E-007
   54.200000000000003        1.1108883885500184E-007
   54.300000000000004        1.1118662869217363E-007
   54.400000000000006        1.1144969250382172E-007
   54.500000000000000        1.1176463048241262E-007
   54.600000000000001        1.1224358319350892E-007
   54.700000000000003        1.1302661911188689E-007
   54.800000000000004        1.1422433741932960E-007
   54.900000000000006        1.1589660632927851E-007
   55.000000000000000        1.1781146691024779E-007
   55.100000000000001        1.1935032311018602E-007
   55.200000000000003        1.2008172556306704E-007
   55.300000000000004        1.2064686324814806E-007
   55.400000000000006        1.2244093772930274E-007
   55.500000000000000        1.2557463604705269E-007
   55.600000000000001        1.2817420859027974E-007
   55.700000000000003        1.2898657712132666E-007
   55.800000000000004        1.2865865223712782E-007
   55.900000000000006        1.2794350412738698E-007
   56.000000000000000        1.2771759290924022E-007
   56.100000000000001        1.2831649911688648E-007
   56.200000000000003        1.2745357173382872E-007
   56.300000000000004        1.2495906466815261E-007
   56.400000000000006        1.2654679850530956E-007
   56.500000000000000        1.3373655593273802E-007
   56.600000000000001        1.3807511178420084E-007
   56.700000000000003        1.3149920801656650E-007
   56.800000000000004        1.2494120595684755E-007
   56.900000000000006        1.2423697022872526E-007
   57.000000000000000        1.2511839579356997E-007
   57.100000000000001        1.2458368554804680E-007
   57.200000000000003        1.2327889551118461E-007
   57.300000000000004        1.2228483481827697E-007
   57.400000000000006        1.2185109677765918E-007
   57.500000000000000        1.2173292681521319E-007
   57.600000000000001        1.2168439777491416E-007
   57.700000000000003        1.2166380088456393E-007
   57.800000000000004        1.2164870187632653E-007
   57.900000000000006        1.2150745829922323E-007
   58.000000000000000        1.2128562237559788E-007
   58.100000000000001        1.2137043552188230E-007
   58.200000000000003        1.2197182986847404E-007
   58.300000000000004        1.2255659610217882E-007
   58.400000000000006        1.2251766764268609E-007
   58.500000000000000        1.2250876406734134E-007
   58.600000000000001        1.2391512745307601E-007
   58.700000000000003        1.2646212530953370E-007
   58.800000000000004        1.2846953374128870E-007
   58.900000000000006        1.2976466274769029E-007
   59.000000000000000        1.3079226031247462E-007
   59.100000000000001        1.3131932870679027E-007
   59.200000000000003        1.3286832879351909E-007
   59.300000000000004        1.3470322329964219E-007
   59.400000000000006        1.3316659110675425E-007
   59.500000000000000        1.2969219235739565E-007
   59.600000000000001        1.2998828833746827E-007
   59.700000000000003        1.3591814849542618E-007
   59.800000000000004        1.3657575074096130E-007
   59.900000000000006        1.3081475011157231E-007
   60.000000000000000        1.2640281825750971E-007
