        0.1000000000        1.1250000000
        0.2000000000        1.1250000000
        0.3000000000        1.1250000000
        0.4000000000        1.1250000000
        0.5000000000        1.1250000000
        0.6000000000        1.1249999999
        0.7000000000        1.1249999990
        0.8000000000        1.1249999949
        0.9000000000        1.1249999878
        1.0000000000        1.1249999819
        1.1000000000        1.1249999787
        1.2000000000        1.1249999745
        1.3000000000        1.1249999660
        1.4000000000        1.1249999569
        1.5000000000        1.1249999521
        1.6000000000        1.1249999500
        1.7000000000        1.1249999486
        1.8000000000        1.1249999470
        1.9000000000        1.1249999453
        2.0000000000        1.1249999443
        2.1000000000        1.1249999441
        2.2000000000        1.1249999438
        2.3000000000        1.1249999419
        2.4000000000        1.1249999366
        2.5000000000        1.1249999290
        2.6000000000        1.1249999236
        2.7000000000        1.1249999208
        2.8000000000        1.1249999168
        2.9000000000        1.1249999103
        3.0000000000        1.1249999037
        3.1000000000        1.1249999004
        3.2000000000        1.1249998990
        3.3000000000        1.1249998976
        3.4000000000        1.1249998961
        3.5000000000        1.1249998951
        3.6000000000        1.1249998946
        3.7000000000        1.1249998944
        3.8000000000        1.1249998934
        3.9000000000        1.1249998891
        4.0000000000        1.1249998822
        4.1000000000        1.1249998768
        4.2000000000        1.1249998740
        4.3000000000        1.1249998715
        4.4000000000        1.1249998673
        4.5000000000        1.1249998620
        4.6000000000        1.1249998576
        4.7000000000        1.1249998548
        4.8000000000        1.1249998533
        4.9000000000        1.1249998521
        5.0000000000        1.1249998507
        5.1000000000        1.1249998496
        5.2000000000        1.1249998492
        5.3000000000        1.1249998486
        5.4000000000        1.1249998459
        5.5000000000        1.1249998410
        5.6000000000        1.1249998358
        5.7000000000        1.1249998318
        5.8000000000        1.1249998297
        5.9000000000        1.1249998277
        6.0000000000        1.1249998241
        6.1000000000        1.1249998189
        6.2000000000        1.1249998150
        6.3000000000        1.1249998131
        6.4000000000        1.1249998115
        6.5000000000        1.1249998098
        6.6000000000        1.1249998083
        6.7000000000        1.1249998075
        6.8000000000        1.1249998072
        6.9000000000        1.1249998057
        7.0000000000        1.1249998024
        7.1000000000        1.1249997980
        7.2000000000        1.1249997937
        7.3000000000        1.1249997910
        7.4000000000        1.1249997897
        7.5000000000        1.1249997873
        7.6000000000        1.1249997830
        7.7000000000        1.1249997788
        7.8000000000        1.1249997761
        7.9000000000        1.1249997739
        8.0000000000        1.1249997718
        8.1000000000        1.1249997699
        8.2000000000        1.1249997687
        8.3000000000        1.1249997684
        8.4000000000        1.1249997678
        8.5000000000        1.1249997658
        8.6000000000        1.1249997628
        8.7000000000        1.1249997585
        8.8000000000        1.1249997547
        8.9000000000        1.1249997530
        9.0000000000        1.1249997516
        9.1000000000        1.1249997488
        9.2000000000        1.1249997453
        9.3000000000        1.1249997421
        9.4000000000        1.1249997391
        9.5000000000        1.1249997362
        9.6000000000        1.1249997339
        9.7000000000        1.1249997326
        9.8000000000        1.1249997322
        9.9000000000        1.1249997320
       10.0000000000        1.1249997311
       10.1000000000        1.1249997289
       10.2000000000        1.1249997250
       10.3000000000        1.1249997207
       10.4000000000        1.1249997185
       10.5000000000        1.1249997174
       10.6000000000        1.1249997158
       10.7000000000        1.1249997134
       10.8000000000        1.1249997106
       10.9000000000        1.1249997069
       11.0000000000        1.1249997029
       11.1000000000        1.1249997002
       11.2000000000        1.1249996988
       11.3000000000        1.1249996982
       11.4000000000        1.1249996980
       11.5000000000        1.1249996977
       11.6000000000        1.1249996961
       11.7000000000        1.1249996929
       11.8000000000        1.1249996888
       11.9000000000        1.1249996862
       12.0000000000        1.1249996849
       12.1000000000        1.1249996838
       12.2000000000        1.1249996825
       12.3000000000        1.1249996804
       12.4000000000        1.1249996767
       12.5000000000        1.1249996722
       12.6000000000        1.1249996687
       12.7000000000        1.1249996668
       12.8000000000        1.1249996659
       12.9000000000        1.1249996655
       13.0000000000        1.1249996653
       13.1000000000        1.1249996643
       13.2000000000        1.1249996617
       13.3000000000        1.1249996582
       13.4000000000        1.1249996556
       13.5000000000        1.1249996541
       13.6000000000        1.1249996530
       13.7000000000        1.1249996521
       13.8000000000        1.1249996507
       13.9000000000        1.1249996477
       14.0000000000        1.1249996433
       14.1000000000        1.1249996390
       14.2000000000        1.1249996362
       14.3000000000        1.1249996348
       14.4000000000        1.1249996341
       14.5000000000        1.1249996337
       14.6000000000        1.1249996330
       14.7000000000        1.1249996311
       14.8000000000        1.1249996283
       14.9000000000        1.1249996261
       15.0000000000        1.1249996246
       15.1000000000        1.1249996231
       15.2000000000        1.1249996220
       15.3000000000        1.1249996209
       15.4000000000        1.1249996189
       15.5000000000        1.1249996155
       15.6000000000        1.1249996111
       15.7000000000        1.1249996070
       15.8000000000        1.1249996044
       15.9000000000        1.1249996033
       16.0000000000        1.1249996027
       16.1000000000        1.1249996022
       16.2000000000        1.1249996010
       16.3000000000        1.1249995990
       16.4000000000        1.1249995972
       16.5000000000        1.1249995956
       16.6000000000        1.1249995940
       16.7000000000        1.1249995925
       16.8000000000        1.1249995912
       16.9000000000        1.1249995900
       17.0000000000        1.1249995879
       17.1000000000        1.1249995841
       17.2000000000        1.1249995790
       17.3000000000        1.1249995749
       17.4000000000        1.1249995730
       17.5000000000        1.1249995724
       17.6000000000        1.1249995720
       17.7000000000        1.1249995713
       17.8000000000        1.1249995700
       17.9000000000        1.1249995685
       18.0000000000        1.1249995670
       18.1000000000        1.1249995654
       18.2000000000        1.1249995637
       18.3000000000        1.1249995622
       18.4000000000        1.1249995610
       18.5000000000        1.1249995599
       18.6000000000        1.1249995574
       18.7000000000        1.1249995523
       18.8000000000        1.1249995467
       18.9000000000        1.1249995436
       19.0000000000        1.1249995428
       19.1000000000        1.1249995425
       19.2000000000        1.1249995421
       19.3000000000        1.1249995414
       19.4000000000        1.1249995403
       19.5000000000        1.1249995389
       19.6000000000        1.1249995372
       19.7000000000        1.1249995358
       19.8000000000        1.1249995341
       19.9000000000        1.1249995325
       20.0000000000        1.1249995318
       20.1000000000        1.1249995304
       20.2000000000        1.1249995262
       20.3000000000        1.1249995201
       20.4000000000        1.1249995157
       20.5000000000        1.1249995142
       20.6000000000        1.1249995139
       20.7000000000        1.1249995138
       20.8000000000        1.1249995134
       20.9000000000        1.1249995126
       21.0000000000        1.1249995112
       21.1000000000        1.1249995097
       21.2000000000        1.1249995085
       21.3000000000        1.1249995070
       21.4000000000        1.1249995050
       21.5000000000        1.1249995038
       21.6000000000        1.1249995030
       21.7000000000        1.1249995003
       21.8000000000        1.1249994949
       21.9000000000        1.1249994896
       22.0000000000        1.1249994868
       22.1000000000        1.1249994861
       22.2000000000        1.1249994860
       22.3000000000        1.1249994857
       22.4000000000        1.1249994852
       22.5000000000        1.1249994840
       22.6000000000        1.1249994826
       22.7000000000        1.1249994816
       22.8000000000        1.1249994804
       22.9000000000        1.1249994784
       23.0000000000        1.1249994766
       23.1000000000        1.1249994756
       23.2000000000        1.1249994741
       23.3000000000        1.1249994703
       23.4000000000        1.1249994651
       23.5000000000        1.1249994609
       23.6000000000        1.1249994590
       23.7000000000        1.1249994586
       23.8000000000        1.1249994584
       23.9000000000        1.1249994580
       24.0000000000        1.1249994571
       24.1000000000        1.1249994560
       24.2000000000        1.1249994551
       24.3000000000        1.1249994541
       24.4000000000        1.1249994524
       24.5000000000        1.1249994502
       24.6000000000        1.1249994486
       24.7000000000        1.1249994475
       24.8000000000        1.1249994454
       24.9000000000        1.1249994413
       25.0000000000        1.1249994363
       25.1000000000        1.1249994327
       25.2000000000        1.1249994315
       25.3000000000        1.1249994313
       25.4000000000        1.1249994310
       25.5000000000        1.1249994304
       25.6000000000        1.1249994295
       25.7000000000        1.1249994287
       25.8000000000        1.1249994278
       25.9000000000        1.1249994264
       26.0000000000        1.1249994244
       26.1000000000        1.1249994222
       26.2000000000        1.1249994207
       26.3000000000        1.1249994196
       26.4000000000        1.1249994171
       26.5000000000        1.1249994123
       26.6000000000        1.1249994073
       26.7000000000        1.1249994048
       26.8000000000        1.1249994043
       26.9000000000        1.1249994041
       27.0000000000        1.1249994037
       27.1000000000        1.1249994030
       27.2000000000        1.1249994023
       27.3000000000        1.1249994015
       27.4000000000        1.1249994004
       27.5000000000        1.1249993988
       27.6000000000        1.1249993965
       27.7000000000        1.1249993943
       27.8000000000        1.1249993932
       27.9000000000        1.1249993918
       28.0000000000        1.1249993882
       28.1000000000        1.1249993829
       28.2000000000        1.1249993790
       28.3000000000        1.1249993776
       28.4000000000        1.1249993774
       28.5000000000        1.1249993771
       28.6000000000        1.1249993766
       28.7000000000        1.1249993760
       28.8000000000        1.1249993753
       28.9000000000        1.1249993743
       29.0000000000        1.1249993731
       29.1000000000        1.1249993711
       29.2000000000        1.1249993684
       29.3000000000        1.1249993666
       29.4000000000        1.1249993657
       29.5000000000        1.1249993634
       29.6000000000        1.1249993590
       29.7000000000        1.1249993543
       29.8000000000        1.1249993516
       29.9000000000        1.1249993508
       30.0000000000        1.1249993506
       30.1000000000        1.1249993502
       30.2000000000        1.1249993497
       30.3000000000        1.1249993491
       30.4000000000        1.1249993483
       30.5000000000        1.1249993474
       30.6000000000        1.1249993457
       30.7000000000        1.1249993430
       30.8000000000        1.1249993405
       30.9000000000        1.1249993392
       31.0000000000        1.1249993379
       31.1000000000        1.1249993350
       31.2000000000        1.1249993306
       31.3000000000        1.1249993267
       31.4000000000        1.1249993248
       31.5000000000        1.1249993243
       31.6000000000        1.1249993240
       31.7000000000        1.1249993236
       31.8000000000        1.1249993231
       31.9000000000        1.1249993224
       32.0000000000        1.1249993216
       32.1000000000        1.1249993203
       32.2000000000        1.1249993179
       32.3000000000        1.1249993150
       32.4000000000        1.1249993131
       32.5000000000        1.1249993120
       32.6000000000        1.1249993104
       32.7000000000        1.1249993071
       32.8000000000        1.1249993028
       32.9000000000        1.1249992996
       33.0000000000        1.1249992982
       33.1000000000        1.1249992979
       33.2000000000        1.1249992976
       33.3000000000        1.1249992971
       33.4000000000        1.1249992967
       33.5000000000        1.1249992960
       33.6000000000        1.1249992948
       33.7000000000        1.1249992928
       33.8000000000        1.1249992902
       33.9000000000        1.1249992878
       34.0000000000        1.1249992862
       34.1000000000        1.1249992852
       34.2000000000        1.1249992832
       34.3000000000        1.1249992795
       34.4000000000        1.1249992754
       34.5000000000        1.1249992729
       34.6000000000        1.1249992721
       34.7000000000        1.1249992718
       34.8000000000        1.1249992714
       34.9000000000        1.1249992710
       35.0000000000        1.1249992705
       35.1000000000        1.1249992695
       35.2000000000        1.1249992678
       35.3000000000        1.1249992655
       35.4000000000        1.1249992631
       35.5000000000        1.1249992610
       35.6000000000        1.1249992597
       35.7000000000        1.1249992585
       35.8000000000        1.1249992559
       35.9000000000        1.1249992519
       36.0000000000        1.1249992485
       36.1000000000        1.1249992468
       36.2000000000        1.1249992462
       36.3000000000        1.1249992459
       36.4000000000        1.1249992455
       36.5000000000        1.1249992451
       36.6000000000        1.1249992443
       36.7000000000        1.1249992429
       36.8000000000        1.1249992410
       36.9000000000        1.1249992389
       37.0000000000        1.1249992364
       37.1000000000        1.1249992345
       37.2000000000        1.1249992334
       37.3000000000        1.1249992318
       37.4000000000        1.1249992288
       37.5000000000        1.1249992252
       37.6000000000        1.1249992224
       37.7000000000        1.1249992210
       37.8000000000        1.1249992205
       37.9000000000        1.1249992202
       38.0000000000        1.1249992198
       38.1000000000        1.1249992192
       38.2000000000        1.1249992182
       38.3000000000        1.1249992167
       38.4000000000        1.1249992148
       38.5000000000        1.1249992123
       38.6000000000        1.1249992099
       38.7000000000        1.1249992084
       38.8000000000        1.1249992073
       38.9000000000        1.1249992054
       39.0000000000        1.1249992024
       39.1000000000        1.1249991991
       39.2000000000        1.1249991966
       39.3000000000        1.1249991955
       39.4000000000        1.1249991952
       39.5000000000        1.1249991949
       39.6000000000        1.1249991944
       39.7000000000        1.1249991936
       39.8000000000        1.1249991925
       39.9000000000        1.1249991908
       40.0000000000        1.1249991885
       40.1000000000        1.1249991859
       40.2000000000        1.1249991839
       40.3000000000        1.1249991827
       40.4000000000        1.1249991816
       40.5000000000        1.1249991797
       40.6000000000        1.1249991765
       40.7000000000        1.1249991731
       40.8000000000        1.1249991710
       40.9000000000        1.1249991704
       41.0000000000        1.1249991702
       41.1000000000        1.1249991698
       41.2000000000        1.1249991693
       41.3000000000        1.1249991685
       41.4000000000        1.1249991670
       41.5000000000        1.1249991649
       41.6000000000        1.1249991624
       41.7000000000        1.1249991602
       41.8000000000        1.1249991586
       41.9000000000        1.1249991576
       42.0000000000        1.1249991565
       42.1000000000        1.1249991541
       42.2000000000        1.1249991505
       42.3000000000        1.1249991475
       42.4000000000        1.1249991461
       42.5000000000        1.1249991458
       42.6000000000        1.1249991455
       42.7000000000        1.1249991451
       42.8000000000        1.1249991446
       42.9000000000        1.1249991434
       43.0000000000        1.1249991415
       43.1000000000        1.1249991393
       43.2000000000        1.1249991371
       43.3000000000        1.1249991351
       43.4000000000        1.1249991338
       43.5000000000        1.1249991330
       43.6000000000        1.1249991314
       43.7000000000        1.1249991284
       43.8000000000        1.1249991250
       43.9000000000        1.1249991227
       44.0000000000        1.1249991218
       44.1000000000        1.1249991215
       44.2000000000        1.1249991213
       44.3000000000        1.1249991208
       44.4000000000        1.1249991200
       44.5000000000        1.1249991184
       44.6000000000        1.1249991164
       44.7000000000        1.1249991143
       44.8000000000        1.1249991122
       44.9000000000        1.1249991105
       45.0000000000        1.1249991094
       45.1000000000        1.1249991084
       45.2000000000        1.1249991064
       45.3000000000        1.1249991033
       45.4000000000        1.1249991003
       45.5000000000        1.1249990985
       45.6000000000        1.1249990979
       45.7000000000        1.1249990977
       45.8000000000        1.1249990973
       45.9000000000        1.1249990967
       46.0000000000        1.1249990955
       46.1000000000        1.1249990938
       46.2000000000        1.1249990919
       46.3000000000        1.1249990898
       46.4000000000        1.1249990878
       46.5000000000        1.1249990863
       46.6000000000        1.1249990853
       46.7000000000        1.1249990842
       46.8000000000        1.1249990820
       46.9000000000        1.1249990789
       47.0000000000        1.1249990761
       47.1000000000        1.1249990747
       47.2000000000        1.1249990744
       47.3000000000        1.1249990741
       47.4000000000        1.1249990736
       47.5000000000        1.1249990728
       47.6000000000        1.1249990715
       47.7000000000        1.1249990698
       47.8000000000        1.1249990677
       47.9000000000        1.1249990657
       48.0000000000        1.1249990639
       48.1000000000        1.1249990626
       48.2000000000        1.1249990617
       48.3000000000        1.1249990605
       48.4000000000        1.1249990580
       48.5000000000        1.1249990548
       48.6000000000        1.1249990523
       48.7000000000        1.1249990515
       48.8000000000        1.1249990513
       48.9000000000        1.1249990509
       49.0000000000        1.1249990503
       49.1000000000        1.1249990494
       49.2000000000        1.1249990480
       49.3000000000        1.1249990460
       49.4000000000        1.1249990441
       49.5000000000        1.1249990422
       49.6000000000        1.1249990405
       49.7000000000        1.1249990394
       49.8000000000        1.1249990387
       49.9000000000        1.1249990371
       50.0000000000        1.1249990342
       50.1000000000        1.1249990310
       50.2000000000        1.1249990293
       50.3000000000        1.1249990289
       50.4000000000        1.1249990287
       50.5000000000        1.1249990282
       50.6000000000        1.1249990276
       50.7000000000        1.1249990264
       50.8000000000        1.1249990248
       50.9000000000        1.1249990228
       51.0000000000        1.1249990210
       51.1000000000        1.1249990191
       51.2000000000        1.1249990176
       51.3000000000        1.1249990169
       51.4000000000        1.1249990160
       51.5000000000        1.1249990139
       51.6000000000        1.1249990108
       51.7000000000        1.1249990082
       51.8000000000        1.1249990070
       51.9000000000        1.1249990068
       52.0000000000        1.1249990065
       52.1000000000        1.1249990060
       52.2000000000        1.1249990051
       52.3000000000        1.1249990038
       52.4000000000        1.1249990021
       52.5000000000        1.1249990003
       52.6000000000        1.1249989984
       52.7000000000        1.1249989965
       52.8000000000        1.1249989954
       52.9000000000        1.1249989948
       53.0000000000        1.1249989936
       53.1000000000        1.1249989911
       53.2000000000        1.1249989881
       53.3000000000        1.1249989860
       53.4000000000        1.1249989853
       53.5000000000        1.1249989851
       53.6000000000        1.1249989847
       53.7000000000        1.1249989841
       53.8000000000        1.1249989831
       53.9000000000        1.1249989817
       54.0000000000        1.1249989799
       54.1000000000        1.1249989780
       54.2000000000        1.1249989761
       54.3000000000        1.1249989746
       54.4000000000        1.1249989737
       54.5000000000        1.1249989731
       54.6000000000        1.1249989715
       54.7000000000        1.1249989688
       54.8000000000        1.1249989660
       54.9000000000        1.1249989645
       55.0000000000        1.1249989641
       55.1000000000        1.1249989638
       55.2000000000        1.1249989633
       55.3000000000        1.1249989626
       55.4000000000        1.1249989616
       55.5000000000        1.1249989600
       55.6000000000        1.1249989582
       55.7000000000        1.1249989562
       55.8000000000        1.1249989545
       55.9000000000        1.1249989533
       56.0000000000        1.1249989526
       56.1000000000        1.1249989517
       56.2000000000        1.1249989498
       56.3000000000        1.1249989469
       56.4000000000        1.1249989446
       56.5000000000        1.1249989436
       56.6000000000        1.1249989433
       56.7000000000        1.1249989430
       56.8000000000        1.1249989424
       56.9000000000        1.1249989417
       57.0000000000        1.1249989404
       57.1000000000        1.1249989387
       57.2000000000        1.1249989368
       57.3000000000        1.1249989350
       57.4000000000        1.1249989335
       57.5000000000        1.1249989324
       57.6000000000        1.1249989318
       57.7000000000        1.1249989307
       57.8000000000        1.1249989284
       57.9000000000        1.1249989256
       58.0000000000        1.1249989238
       58.1000000000        1.1249989232
       58.2000000000        1.1249989229
       58.3000000000        1.1249989225
       58.4000000000        1.1249989219
       58.5000000000        1.1249989210
       58.6000000000        1.1249989195
       58.7000000000        1.1249989177
       58.8000000000        1.1249989160
       58.9000000000        1.1249989142
       59.0000000000        1.1249989128
       59.1000000000        1.1249989119
       59.2000000000        1.1249989113
       59.3000000000        1.1249989098
       59.4000000000        1.1249989074
       59.5000000000        1.1249989049
       59.6000000000        1.1249989036
       59.7000000000        1.1249989031
       59.8000000000        1.1249989028
       59.9000000000        1.1249989024
       60.0000000000        1.1249989017
