  0.10000000000000001        6.7057470687359455E-014  0.10000000000000001        1.1249999999943401        1.1249999999944071     
  0.20000000000000001        7.1498362785860081E-014  0.20000000000000001        1.1249999999944120        1.1249999999944835     
  0.30000000000000004        5.6399329650957952E-014  0.30000000000000004        1.1249999999944877        1.1249999999945441     
  0.40000000000000002        4.2010839251815923E-013  0.40000000000000002        1.1249999999945426        1.1249999999941225     
  0.50000000000000000        5.6132432035838065E-011  0.50000000000000000        1.1249999999941227        1.1249999999379903     
  0.60000000000000009        9.5160301860630625E-010  0.60000000000000009        1.1249999999379894        1.1249999989863864     
  0.70000000000000007        4.1304455411506069E-009  0.70000000000000007        1.1249999989863886        1.1249999948559430     
  0.80000000000000004        7.0348806779918505E-009  0.80000000000000004        1.1249999948559459        1.1249999878210653     
  0.90000000000000002        5.8838109939784999E-009  0.90000000000000002        1.1249999878210695        1.1249999819372585     
   1.0000000000000000        3.2142688510816697E-009   1.0000000000000000        1.1249999819372616        1.1249999787229927     
   1.1000000000000001        4.2702819058604291E-009   1.1000000000000001        1.1249999787229958        1.1249999744527139     
   1.2000000000000002        8.4157820712249531E-009   1.2000000000000002        1.1249999744527157        1.1249999660369336     
   1.3000000000000000        9.0961695953239996E-009   1.3000000000000000        1.1249999660369332        1.1249999569407636     
   1.4000000000000001        4.8664654528352003E-009   1.4000000000000001        1.1249999569407658        1.1249999520743004     
   1.5000000000000000        2.0372716846850381E-009   1.5000000000000000        1.1249999520743004        1.1249999500370287     
   1.6000000000000001        1.3960772538013089E-009   1.6000000000000001        1.1249999500370251        1.1249999486409479     
   1.7000000000000002        1.6438750360947552E-009   1.7000000000000002        1.1249999486409459        1.1249999469970708     
   1.8000000000000000        1.7392911555447199E-009   1.8000000000000000        1.1249999469970711        1.1249999452577799     
   1.9000000000000001        9.9393848707052257E-010   1.9000000000000001        1.1249999452577779        1.1249999442638394     
   2.0000000000000000        1.8709944704653481E-010   2.0000000000000000        1.1249999442638379        1.1249999440767384     
   2.1000000000000001        3.0934366179735662E-010   2.1000000000000001        1.1249999440767389        1.1249999437673952     
   2.2000000000000002        1.8257846345903772E-009   2.2000000000000002        1.1249999437673974        1.1249999419416128     
   2.3000000000000003        5.3202771077565103E-009   2.3000000000000003        1.1249999419416137        1.1249999366213366     
   2.4000000000000004        7.6502764123631550E-009   2.4000000000000004        1.1249999366213408        1.1249999289710644     
   2.5000000000000000        5.3912705411107709E-009   2.5000000000000000        1.1249999289710653        1.1249999235797947     
   2.6000000000000001        2.8282558517389589E-009   2.6000000000000001        1.1249999235797981        1.1249999207515422     
   2.7000000000000002        3.9920098338086518E-009   2.7000000000000002        1.1249999207515433        1.1249999167595335     
   2.8000000000000003        6.4921343856383373E-009   2.8000000000000003        1.1249999167595366        1.1249999102674022     
   2.9000000000000004        6.5302208085427083E-009   2.9000000000000004        1.1249999102674049        1.1249999037371841     
   3.0000000000000000        3.3389289111340759E-009   3.0000000000000000        1.1249999037371867        1.1249999003982578     
   3.1000000000000001        1.4087808697382798E-009   3.1000000000000001        1.1249999003982540        1.1249998989894732     
   3.2000000000000002        1.4276413384806119E-009   3.2000000000000002        1.1249998989894709        1.1249998975618296     
   3.3000000000000003        1.5098904349031272E-009   3.3000000000000003        1.1249998975618294        1.1249998960519390     
   3.4000000000000004        9.8719321606210997E-010   3.4000000000000004        1.1249998960519372        1.1249998950647440     
   3.5000000000000000        4.5804005033289741E-010   3.5000000000000000        1.1249998950647422        1.1249998946067021     
   3.6000000000000001        1.5690404531198965E-010   3.6000000000000001        1.1249998946067026        1.1249998944497985     
   3.7000000000000002        1.0049274745682624E-009   3.7000000000000002        1.1249998944498003        1.1249998934448728     
   3.8000000000000003        4.3569070573568069E-009   3.8000000000000003        1.1249998934448744        1.1249998890879673     
   3.9000000000000004        6.9111669720456348E-009   3.9000000000000004        1.1249998890879693        1.1249998821768024     
   4.0000000000000000        5.3344235695362840E-009   4.0000000000000000        1.1249998821768037        1.1249998768423801     
   4.1000000000000005        2.8588953426833541E-009   4.1000000000000005        1.1249998768423832        1.1249998739834879     
   4.2000000000000002        2.4884070359831867E-009   4.2000000000000002        1.1249998739834899        1.1249998714950828     
   4.2999999999999998        4.1842560527527439E-009   4.2999999999999998        1.1249998714950837        1.1249998673108277     
   4.4000000000000004        5.3282411816013564E-009   4.4000000000000004        1.1249998673108303        1.1249998619825892     
   4.5000000000000000        4.3507322189384467E-009   4.5000000000000000        1.1249998619825898        1.1249998576318576     
   4.6000000000000005        2.8062021595331998E-009   4.6000000000000005        1.1249998576318581        1.1249998548256559     
   4.7000000000000002        1.5631056449194602E-009   4.7000000000000002        1.1249998548256515        1.1249998532625458     
   4.8000000000000007        1.1956149403857808E-009   4.8000000000000007        1.1249998532625438        1.1249998520669289     
   4.9000000000000004        1.3194905168489868E-009   4.9000000000000004        1.1249998520669278        1.1249998507474372     
   5.0000000000000000        1.1818659384488228E-009   5.0000000000000000        1.1249998507474344        1.1249998495655684     
   5.1000000000000005        3.9483194491651830E-010   5.1000000000000005        1.1249998495655660        1.1249998491707340     
   5.2000000000000002        6.1843019594221005E-010   5.2000000000000002        1.1249998491707349        1.1249998485523047     
   5.3000000000000007        2.6997579727350285E-009   5.3000000000000007        1.1249998485523056        1.1249998458525476     
   5.4000000000000004        4.8060986301834419E-009   5.4000000000000004        1.1249998458525494        1.1249998410464508     
   5.5000000000000000        5.2795952054651707E-009   5.5000000000000000        1.1249998410464506        1.1249998357668554     
   5.6000000000000005        3.9974801246955849E-009   5.6000000000000005        1.1249998357668556        1.1249998317693755     
   5.7000000000000002        2.1108561565341688E-009   5.7000000000000002        1.1249998317693786        1.1249998296585224     
   5.8000000000000007        1.9505506099193326E-009   5.8000000000000007        1.1249998296585235        1.1249998277079729     
   5.9000000000000004        3.6540599435141985E-009   5.9000000000000004        1.1249998277079745        1.1249998240539145     
   6.0000000000000000        5.1246917820435556E-009   6.0000000000000000        1.1249998240539143        1.1249998189292225     
   6.1000000000000005        3.9514114202887640E-009   6.1000000000000005        1.1249998189292225        1.1249998149778111     
   6.2000000000000002        1.9206145562833399E-009   6.2000000000000002        1.1249998149778120        1.1249998130571974     
   6.3000000000000007        1.5121672802820285E-009   6.3000000000000007        1.1249998130571979        1.1249998115450306     
   6.4000000000000004        1.7159860199456034E-009   6.4000000000000004        1.1249998115450301        1.1249998098290441     
   6.5000000000000000        1.5696741684223525E-009   6.5000000000000000        1.1249998098290426        1.1249998082593684     
   6.6000000000000005        7.5069284122264435E-010   6.6000000000000005        1.1249998082593671        1.1249998075086742     
   6.7000000000000002        3.1674662892555716E-010   6.7000000000000002        1.1249998075086718        1.1249998071919252     
   6.8000000000000007        1.4544871973498630E-009   6.8000000000000007        1.1249998071919263        1.1249998057374391     
   6.9000000000000004        3.3047997671786788E-009   6.9000000000000004        1.1249998057374404        1.1249998024326406     
   7.0000000000000000        4.4669343779446535E-009   7.0000000000000000        1.1249998024326433        1.1249997979657089     
   7.1000000000000005        4.3028443030834751E-009   7.1000000000000005        1.1249997979657107        1.1249997936628664     
   7.2000000000000002        2.6547362086404291E-009   7.2000000000000002        1.1249997936628686        1.1249997910081324     
   7.3000000000000007        1.3516807673141784E-009   7.3000000000000007        1.1249997910081335        1.1249997896564528     
   7.4000000000000004        2.3876127741573328E-009   7.4000000000000004        1.1249997896564536        1.1249997872688409     
   7.5000000000000000        4.2881269646244391E-009   7.5000000000000000        1.1249997872688418        1.1249997829807148     
   7.6000000000000005        4.1421759355841914E-009   7.6000000000000005        1.1249997829807139        1.1249997788385380     
   7.7000000000000002        2.7432995874931976E-009   7.7000000000000002        1.1249997788385384        1.1249997760952388     
   7.8000000000000007        2.1883774792286204E-009   7.8000000000000007        1.1249997760952362        1.1249997739068587     
   7.9000000000000004        2.1020460927445583E-009   7.9000000000000004        1.1249997739068569        1.1249997718048108     
   8.0000000000000000        1.8670871515524823E-009   8.0000000000000000        1.1249997718048093        1.1249997699377221     
   8.0999999999999996        1.2018193107365960E-009   8.0999999999999996        1.1249997699377139        1.1249997687358946     
   8.2000000000000011        3.0493096936368147E-010   8.2000000000000011        1.1249997687358888        1.1249997684309578     
   8.3000000000000007        6.6577876545181880E-010   8.3000000000000007        1.1249997684309574        1.1249997677651786     
   8.4000000000000004        1.9290977704145007E-009   8.4000000000000004        1.1249997677651804        1.1249997658360826     
   8.5000000000000000        3.0839093501100479E-009   8.5000000000000000        1.1249997658360844        1.1249997627521751     
   8.5999999999999996        4.2803400823743232E-009   8.5999999999999996        1.1249997627521786        1.1249997584718385     
   8.7000000000000011        3.7668745900276690E-009   8.7000000000000011        1.1249997584718423        1.1249997547049677     
   8.8000000000000007        1.7121308815148950E-009   8.8000000000000007        1.1249997547049708        1.1249997529928399     
   8.9000000000000004        1.4002430326343074E-009   8.9000000000000004        1.1249997529928402        1.1249997515925971     
   9.0000000000000000        2.7752451448037618E-009   9.0000000000000000        1.1249997515925994        1.1249997488173542     
   9.0999999999999996        3.5499383432835430E-009   9.0999999999999996        1.1249997488173533        1.1249997452674150     
   9.2000000000000011        3.1498978980692982E-009   9.2000000000000011        1.1249997452674148        1.1249997421175169     
   9.3000000000000007        3.0012163865222874E-009   9.3000000000000007        1.1249997421175173        1.1249997391163009     
   9.4000000000000004        2.9462967621185499E-009   9.4000000000000004        1.1249997391162974        1.1249997361700006     
   9.5000000000000000        2.2488935158548884E-009   9.5000000000000000        1.1249997361699979        1.1249997339211044     
   9.6000000000000014        1.3535392806574009E-009   9.6000000000000014        1.1249997339211031        1.1249997325675638     
   9.7000000000000011        3.9306513599512982E-010   9.7000000000000011        1.1249997325675636        1.1249997321744984     
   9.8000000000000007        1.7584556033511944E-010   9.8000000000000007        1.1249997321744971        1.1249997319986516     
   9.9000000000000004        9.0092200366598263E-010   9.9000000000000004        1.1249997319986516        1.1249997310977295     
   10.000000000000000        2.1960004925603016E-009   10.000000000000000        1.1249997310977311        1.1249997289017306     
   10.100000000000001        3.9340968260859199E-009   10.100000000000001        1.1249997289017331        1.1249997249676362     
   10.200000000000001        4.2228429641966159E-009   10.200000000000001        1.1249997249676402        1.1249997207447973     
   10.300000000000001        2.2627237861172489E-009   10.300000000000001        1.1249997207447990        1.1249997184820753     
   10.400000000000000        1.1131269239683661E-009   10.400000000000000        1.1249997184820764        1.1249997173689494     
   10.500000000000000        1.5977013045898047E-009   10.500000000000000        1.1249997173689505        1.1249997157712492     
   10.600000000000001        2.3336677035246112E-009   10.600000000000001        1.1249997157712499        1.1249997134375822     
   10.700000000000001        2.8561100151591745E-009   10.700000000000001        1.1249997134375831        1.1249997105814731     
   10.800000000000001        3.7183496282011674E-009   10.800000000000001        1.1249997105814740        1.1249997068631243     
   10.900000000000000        3.9224412606841952E-009   10.900000000000000        1.1249997068631237        1.1249997029406824     
   11.000000000000000        2.7172077921022719E-009   11.000000000000000        1.1249997029406804        1.1249997002234726     
   11.100000000000001        1.4414811566609842E-009   11.100000000000001        1.1249997002234713        1.1249996987819901     
   11.200000000000001        6.1055249744867979E-010   11.200000000000001        1.1249996987819881        1.1249996981714356     
   11.300000000000001        1.4117240709765611E-010   11.300000000000001        1.1249996981714327        1.1249996980302603     
   11.400000000000000        3.7871528135724475E-010   11.400000000000000        1.1249996980302606        1.1249996976515453     
   11.500000000000000        1.5374892470276791E-009   11.500000000000000        1.1249996976515442        1.1249996961140549     
   11.600000000000001        3.2600153687667444E-009   11.600000000000001        1.1249996961140565        1.1249996928540411     
   11.700000000000001        4.0199250594952218E-009   11.700000000000001        1.1249996928540436        1.1249996888341185     
   11.800000000000001        2.6783923967599321E-009   11.800000000000001        1.1249996888341220        1.1249996861557297     
   11.900000000000000        1.2575018804028559E-009   11.900000000000000        1.1249996861557321        1.1249996848982302     
   12.000000000000000        1.0538088179856686E-009   12.000000000000000        1.1249996848982318        1.1249996838444229     
   12.100000000000001        1.3033576440335537E-009   12.100000000000001        1.1249996838444245        1.1249996825410669     
   12.200000000000001        2.1398607330525010E-009   12.200000000000001        1.1249996825410677        1.1249996804012070     
   12.300000000000001        3.7023595300667012E-009   12.300000000000001        1.1249996804012083        1.1249996766988488     
   12.400000000000000        4.5129278092304048E-009   12.400000000000000        1.1249996766988477        1.1249996721859199     
   12.500000000000000        3.5241325413437607E-009   12.500000000000000        1.1249996721859179        1.1249996686617854     
   12.600000000000001        1.8904955378928889E-009   12.600000000000001        1.1249996686617858        1.1249996667712903     
   12.700000000000001        8.7819662653032537E-010   12.700000000000001        1.1249996667712892        1.1249996658930925     
   12.800000000000001        3.5518765706399336E-010   12.800000000000001        1.1249996658930903        1.1249996655379026     
   12.900000000000000        2.2797741472402322E-010   12.900000000000000        1.1249996655378984        1.1249996653099210     
   13.000000000000000        1.0153899943077249E-009   13.000000000000000        1.1249996653099217        1.1249996642945317     
   13.100000000000001        2.6124469254540372E-009   13.100000000000001        1.1249996642945332        1.1249996616820863     
   13.200000000000001        3.4866596276827977E-009   13.200000000000001        1.1249996616820879        1.1249996581954282     
   13.300000000000001        2.6015121168398991E-009   13.300000000000001        1.1249996581954309        1.1249996555939188     
   13.400000000000000        1.4518868329815859E-009   13.400000000000000        1.1249996555939215        1.1249996541420346     
   13.500000000000000        1.1287275558657939E-009   13.500000000000000        1.1249996541420366        1.1249996530133091     
   13.600000000000001        9.2875462875952053E-010   13.600000000000001        1.1249996530133108        1.1249996520845562     
   13.700000000000001        1.3912433427520909E-009   13.700000000000001        1.1249996520845567        1.1249996506933133     
   13.800000000000001        2.9602600370992604E-009   13.800000000000001        1.1249996506933151        1.1249996477330551     
   13.900000000000000        4.4246881714116171E-009   13.900000000000000        1.1249996477330551        1.1249996433083669     
   14.000000000000000        4.2645784681383248E-009   14.000000000000000        1.1249996433083671        1.1249996390437886     
   14.100000000000001        2.8124953477259851E-009   14.100000000000001        1.1249996390437871        1.1249996362312917     
   14.200000000000001        1.4225591815630878E-009   14.200000000000001        1.1249996362312906        1.1249996348087314     
   14.300000000000001        7.1705730242399568E-010   14.300000000000001        1.1249996348087301        1.1249996340916728     
   14.400000000000000        3.7739944502845901E-010   14.400000000000000        1.1249996340916735        1.1249996337142740     
   14.500000000000000        6.9163075266942542E-010   14.500000000000000        1.1249996337142718        1.1249996330226411     
   14.600000000000001        1.9409962526140134E-009   14.600000000000001        1.1249996330226413        1.1249996310816450     
   14.700000000000001        2.7322439866139803E-009   14.700000000000001        1.1249996310816472        1.1249996283494033     
   14.800000000000001        2.2239359243059198E-009   14.800000000000001        1.1249996283494055        1.1249996261254696     
   14.900000000000000        1.5695709176810624E-009   14.900000000000000        1.1249996261254738        1.1249996245559029     
   15.000000000000000        1.4068124443156194E-009   15.000000000000000        1.1249996245559049        1.1249996231490924     
   15.100000000000001        1.1338818772799186E-009   15.100000000000001        1.1249996231490946        1.1249996220152128     
   15.200000000000001        1.0792773341705697E-009   15.200000000000001        1.1249996220152132        1.1249996209359359     
   15.300000000000001        1.9985884058826286E-009   15.300000000000001        1.1249996209359376        1.1249996189373492     
   15.400000000000000        3.4589942021767683E-009   15.400000000000000        1.1249996189373501        1.1249996154783559     
   15.500000000000000        4.3837167229554552E-009   15.500000000000000        1.1249996154783561        1.1249996110946394     
   15.600000000000001        4.0982588433990941E-009   15.600000000000001        1.1249996110946345        1.1249996069963757     
   15.700000000000001        2.5712456608317780E-009   15.700000000000001        1.1249996069963746        1.1249996044251289     
   15.800000000000001        1.1694201162981699E-009   15.800000000000001        1.1249996044251278        1.1249996032557077     
   15.900000000000000        5.4680926453443135E-010   15.900000000000000        1.1249996032557017        1.1249996027088924     
   16.000000000000000        4.9700887849724040E-010   16.000000000000000        1.1249996027088929        1.1249996022118840     
   16.100000000000001        1.2537442195537096E-009   16.100000000000001        1.1249996022118813        1.1249996009581371     
   16.199999999999999        1.9668289219509916E-009   16.199999999999999        1.1249996009581358        1.1249995989913069     
   16.300000000000001        1.8292429793120846E-009   16.300000000000001        1.1249995989913077        1.1249995971620648     
   16.400000000000002        1.5592027668986930E-009   16.400000000000002        1.1249995971620679        1.1249995956028651     
   16.500000000000000        1.6036922900752870E-009   16.500000000000000        1.1249995956028684        1.1249995939991762     
   16.600000000000001        1.5034691269733003E-009   16.600000000000001        1.1249995939991786        1.1249995924957095     
   16.699999999999999        1.2529848270048660E-009   16.699999999999999        1.1249995924957124        1.1249995912427275     
   16.800000000000001        1.2874592503209215E-009   16.800000000000001        1.1249995912427284        1.1249995899552692     
   16.900000000000002        2.0915131848653346E-009   16.900000000000002        1.1249995899552685        1.1249995878637553     
   17.000000000000000        3.7423193433028246E-009   17.000000000000000        1.1249995878637562        1.1249995841214369     
   17.100000000000001        5.0896946657275066E-009   17.100000000000001        1.1249995841214375        1.1249995790317429     
   17.199999999999999        4.1445562537489877E-009   17.199999999999999        1.1249995790317417        1.1249995748871855     
   17.300000000000001        1.8849508620633060E-009   17.300000000000001        1.1249995748871839        1.1249995730022331     
   17.400000000000002        6.4356120432762509E-010   17.400000000000002        1.1249995730022277        1.1249995723586665     
   17.500000000000000        3.7541769692950311E-010   17.500000000000000        1.1249995723586630        1.1249995719832453     
   17.600000000000001        7.1972605653058963E-010   17.600000000000001        1.1249995719832435        1.1249995712635175     
   17.699999999999999        1.2736165455606852E-009   17.699999999999999        1.1249995712635166        1.1249995699899000     
   17.800000000000001        1.4409173854090795E-009   17.800000000000001        1.1249995699899014        1.1249995685489840     
   17.900000000000002        1.5275061215902497E-009   17.900000000000002        1.1249995685489844        1.1249995670214783     
   18.000000000000000        1.6541905623057573E-009   18.000000000000000        1.1249995670214796        1.1249995653672891     
   18.100000000000001        1.6224268595266267E-009   18.100000000000001        1.1249995653672913        1.1249995637448644     
   18.199999999999999        1.5759826776928776E-009   18.199999999999999        1.1249995637448651        1.1249995621688824     
   18.300000000000001        1.1875533889593726E-009   18.300000000000001        1.1249995621688835        1.1249995609813301     
   18.400000000000002        1.0565899266623546E-009   18.400000000000002        1.1249995609813301        1.1249995599247402     
   18.500000000000000        2.5466189157441477E-009   18.500000000000000        1.1249995599247402        1.1249995573781213     
   18.600000000000001        5.1154676050657599E-009   18.600000000000001        1.1249995573781206        1.1249995522626530     
   18.699999999999999        5.5798625719916117E-009   18.699999999999999        1.1249995522626535        1.1249995466827909     
   18.800000000000001        3.0698461550571210E-009   18.800000000000001        1.1249995466827911        1.1249995436129450     
   18.900000000000002        8.4402818067985663E-010   18.900000000000002        1.1249995436129427        1.1249995427689146     
   19.000000000000000        2.4501489725992087E-010   19.000000000000000        1.1249995427689139        1.1249995425238990     
   19.100000000000001        3.7593061996687993E-010   19.100000000000001        1.1249995425238977        1.1249995421479670     
   19.200000000000003        7.2250871951951012E-010   19.200000000000003        1.1249995421479655        1.1249995414254568     
   19.300000000000001        1.0814209527865160E-009   19.300000000000001        1.1249995414254568        1.1249995403440358     
   19.400000000000002        1.4914531831777822E-009   19.400000000000002        1.1249995403440363        1.1249995388525831     
   19.500000000000000        1.6088670395930649E-009   19.500000000000000        1.1249995388525831        1.1249995372437160     
   19.600000000000001        1.4458090280555780E-009   19.600000000000001        1.1249995372437180        1.1249995357979090     
   19.700000000000003        1.7074723857035679E-009   19.700000000000003        1.1249995357979103        1.1249995340904380     
   19.800000000000001        1.5727479318883297E-009   19.800000000000001        1.1249995340904388        1.1249995325176909     
   19.900000000000002        7.5844575064820674E-010   19.900000000000002        1.1249995325176909        1.1249995317592452     
   20.000000000000000        1.3773258089599949E-009   20.000000000000000        1.1249995317592467        1.1249995303819209     
   20.100000000000001        4.1582466359102455E-009   20.100000000000001        1.1249995303819209        1.1249995262236743     
   20.200000000000003        6.1138818452377564E-009   20.200000000000003        1.1249995262236749        1.1249995201097931     
   20.300000000000001        4.4295471735011915E-009   20.300000000000001        1.1249995201097909        1.1249995156802437     
   20.400000000000002        1.5010186427133476E-009   20.400000000000002        1.1249995156802437        1.1249995141792251     
   20.500000000000000        2.3465696052937801E-010   20.500000000000000        1.1249995141792231        1.1249995139445661     
   20.600000000000001        1.9040635734768330E-010   20.600000000000001        1.1249995139445659        1.1249995137541595     
   20.700000000000003        4.0220804464752291E-010   20.700000000000003        1.1249995137541589        1.1249995133519508     
   20.800000000000001        7.8141004777876333E-010   20.800000000000001        1.1249995133519506        1.1249995125705405     
   20.900000000000002        1.3659267050769586E-009   20.900000000000002        1.1249995125705408        1.1249995112046141     
   21.000000000000000        1.5280841036968695E-009   21.000000000000000        1.1249995112046149        1.1249995096765308     
   21.100000000000001        1.1922680620557458E-009   21.100000000000001        1.1249995096765326        1.1249995084842646     
   21.200000000000003        1.5165997346855420E-009   21.200000000000003        1.1249995084842666        1.1249995069676668     
   21.300000000000001        1.9663819461612775E-009   21.300000000000001        1.1249995069676686        1.1249995050012866     
   21.400000000000002        1.1743903627348118E-009   21.400000000000002        1.1249995050012873        1.1249995038268970     
   21.500000000000000        8.0221695952786831E-010   21.500000000000000        1.1249995038268981        1.1249995030246811     
   21.600000000000001        2.7290223414411230E-009   21.600000000000001        1.1249995030246809        1.1249995002956585     
   21.700000000000003        5.3538022903865112E-009   21.700000000000003        1.1249995002956590        1.1249994949418567     
   21.800000000000001        5.3262925181485343E-009   21.800000000000001        1.1249994949418565        1.1249994896155640     
   21.900000000000002        2.7759656795467436E-009   21.900000000000002        1.1249994896155646        1.1249994868395989     
   22.000000000000000        6.9256533841155488E-010   22.000000000000000        1.1249994868395963        1.1249994861470309     
   22.100000000000001        1.5263879049598472E-010   22.100000000000001        1.1249994861470283        1.1249994859943895     
   22.200000000000003        2.6178414991306909E-010   22.200000000000003        1.1249994859943904        1.1249994857326062     
   22.300000000000001        5.6442006624024543E-010   22.300000000000001        1.1249994857326058        1.1249994851681857     
   22.400000000000002        1.1455141279981262E-009   22.400000000000002        1.1249994851681859        1.1249994840226718     
   22.500000000000000        1.3903931339598330E-009   22.500000000000000        1.1249994840226714        1.1249994826322782     
   22.600000000000001        1.0126688376743687E-009   22.600000000000001        1.1249994826322802        1.1249994816196114     
   22.700000000000003        1.1792820053813102E-009   22.700000000000003        1.1249994816196138        1.1249994804403318     
   22.800000000000001        2.0269537159833817E-009   22.800000000000001        1.1249994804403345        1.1249994784133808     
   22.900000000000002        1.8370209797780035E-009   22.900000000000002        1.1249994784133819        1.1249994765763609     
   23.000000000000000        9.7117158759374433E-010   23.000000000000000        1.1249994765763631        1.1249994756051915     
   23.100000000000001        1.5343908366105552E-009   23.100000000000001        1.1249994756051918        1.1249994740708009     
   23.200000000000003        3.7234999528124035E-009   23.200000000000003        1.1249994740708000        1.1249994703473001     
   23.300000000000001        5.2112394399728146E-009   23.300000000000001        1.1249994703472992        1.1249994651360598     
   23.400000000000002        4.2212875417391160E-009   23.400000000000002        1.1249994651360573        1.1249994609147698     
   23.500000000000000        1.8807715385094070E-009   23.500000000000000        1.1249994609147684        1.1249994590339969     
   23.600000000000001        4.0711767290702028E-010   23.600000000000001        1.1249994590339945        1.1249994586268768     
   23.700000000000003        1.9107604387613719E-010   23.700000000000003        1.1249994586268746        1.1249994584357985     
   23.800000000000001        4.2229086893996737E-010   23.800000000000001        1.1249994584357963        1.1249994580135054     
   23.900000000000002        8.8972296197198375E-010   23.900000000000002        1.1249994580135043        1.1249994571237814     
   24.000000000000000        1.1641265729167571E-009   24.000000000000000        1.1249994571237829        1.1249994559596563     
   24.100000000000001        9.0176421885246327E-010   24.100000000000001        1.1249994559596570        1.1249994550578928     
   24.200000000000003        9.4587648824528969E-010   24.200000000000003        1.1249994550578932        1.1249994541120167     
   24.300000000000001        1.7571968324858744E-009   24.300000000000001        1.1249994541120194        1.1249994523548226     
   24.400000000000002        2.1849526632422567E-009   24.400000000000002        1.1249994523548243        1.1249994501698717     
   24.500000000000000        1.5996857172240198E-009   24.500000000000000        1.1249994501698739        1.1249994485701882     
   24.600000000000001        1.1022609491817548E-009   24.600000000000001        1.1249994485701886        1.1249994474679277     
   24.700000000000003        2.0647021869990567E-009   24.700000000000003        1.1249994474679270        1.1249994454032248     
   24.800000000000001        4.0895298258902812E-009   24.800000000000001        1.1249994454032259        1.1249994413136961     
   24.900000000000002        5.0529966877377319E-009   24.900000000000002        1.1249994413136957        1.1249994362606990     
   25.000000000000000        3.5647425011831047E-009   25.000000000000000        1.1249994362606948        1.1249994326959523     
   25.100000000000001        1.1991057036198072E-009   25.100000000000001        1.1249994326959523        1.1249994314968466     
   25.200000000000003        1.9517476523844834E-010   25.200000000000003        1.1249994314968452        1.1249994313016705     
   25.300000000000001        2.8589330902661914E-010   25.300000000000001        1.1249994313016705        1.1249994310157772     
   25.400000000000002        6.5296879014908882E-010   25.400000000000002        1.1249994310157774        1.1249994303628086     
   25.500000000000000        9.0078766668000299E-010   25.500000000000000        1.1249994303628079        1.1249994294620203     
   25.600000000000001        7.9491302429346433E-010   25.600000000000001        1.1249994294620198        1.1249994286671068     
   25.700000000000003        8.5879126032750719E-010   25.700000000000003        1.1249994286671066        1.1249994278083153     
   25.800000000000001        1.4029251094171968E-009   25.800000000000001        1.1249994278083157        1.1249994264053906     
   25.900000000000002        2.0321853089200204E-009   25.900000000000002        1.1249994264053920        1.1249994243732067     
   26.000000000000000        2.1623918211588489E-009   26.000000000000000        1.1249994243732082        1.1249994222108164     
   26.100000000000001        1.4608352305600647E-009   26.100000000000001        1.1249994222108179        1.1249994207499827     
   26.200000000000003        1.1069383187845006E-009   26.200000000000003        1.1249994207499825        1.1249994196430442     
   26.300000000000001        2.5631252675850646E-009   26.300000000000001        1.1249994196430431        1.1249994170799178     
   26.400000000000002        4.7918382595213416E-009   26.400000000000002        1.1249994170799176        1.1249994122880793     
   26.500000000000000        4.9575923366518282E-009   26.500000000000000        1.1249994122880798        1.1249994073304874     
   26.600000000000001        2.5422248750572862E-009   26.600000000000001        1.1249994073304859        1.1249994047882610     
   26.700000000000003        5.0110782190415648E-010   26.700000000000003        1.1249994047882601        1.1249994042871523     
   26.800000000000001        1.5279044696114852E-010   26.800000000000001        1.1249994042871512        1.1249994041343607     
   26.900000000000002        4.4925863029732227E-010   26.900000000000002        1.1249994041343594        1.1249994036851008     
   27.000000000000000        6.7528471703326431E-010   27.000000000000000        1.1249994036850990        1.1249994030098143     
   27.100000000000001        6.7471517262163161E-010   27.100000000000001        1.1249994030098160        1.1249994023351009     
   27.200000000000003        8.0748385755669005E-010   27.200000000000003        1.1249994023351007        1.1249994015276168     
   27.300000000000001        1.1545620015596114E-009   27.300000000000001        1.1249994015276172        1.1249994003730552     
   27.400000000000002        1.6029892968560944E-009   27.400000000000002        1.1249994003730577        1.1249993987700684     
   27.500000000000000        2.2799182541888285E-009   27.500000000000000        1.1249993987700702        1.1249993964901519     
   27.600000000000001        2.1766253244237532E-009   27.600000000000001        1.1249993964901548        1.1249993943135295     
   27.700000000000003        1.1149141609934077E-009   27.700000000000003        1.1249993943135304        1.1249993931986162     
   27.800000000000001        1.3715415470016978E-009   27.800000000000001        1.1249993931986166        1.1249993918270751     
   27.900000000000002        3.6257035151976424E-009   27.900000000000002        1.1249993918270762        1.1249993882013727     
   28.000000000000000        5.2903030844930754E-009   28.000000000000000        1.1249993882013705        1.1249993829110674     
   28.100000000000001        3.9597969347937578E-009   28.100000000000001        1.1249993829110672        1.1249993789512702     
   28.200000000000003        1.3676171306542528E-009   28.200000000000003        1.1249993789512689        1.1249993775836518     
   28.300000000000001        2.0794033162019332E-010   28.300000000000001        1.1249993775836511        1.1249993773757108     
   28.400000000000002        2.7683522141330741E-010   28.400000000000002        1.1249993773757099        1.1249993770988747     
   28.500000000000000        5.1085380370352595E-010   28.500000000000000        1.1249993770988742        1.1249993765880204     
   28.600000000000001        5.7153659582809269E-010   28.600000000000001        1.1249993765880184        1.1249993760164818     
   28.700000000000003        7.2248251825612897E-010   28.700000000000003        1.1249993760164818        1.1249993752939993     
   28.800000000000001        9.8392716196826768E-010   28.800000000000001        1.1249993752940000        1.1249993743100728     
   28.900000000000002        1.2119496517470907E-009   28.900000000000002        1.1249993743100746        1.1249993730981249     
   29.000000000000000        1.9986206023503428E-009   29.000000000000000        1.1249993730981274        1.1249993710995068     
   29.100000000000001        2.6846227463295236E-009   29.100000000000001        1.1249993710995092        1.1249993684148865     
   29.200000000000003        1.7928460938065882E-009   29.200000000000003        1.1249993684148889        1.1249993666220428     
   29.300000000000001        9.5623464702043748E-010   29.300000000000001        1.1249993666220439        1.1249993656658093     
   29.400000000000002        2.2292561130399235E-009   29.400000000000002        1.1249993656658099        1.1249993634365538     
   29.500000000000000        4.4302632673520748E-009   29.500000000000000        1.1249993634365543        1.1249993590062910     
   29.600000000000001        4.7146291315414146E-009   29.600000000000001        1.1249993590062908        1.1249993542916616     
   29.700000000000003        2.6840827338503459E-009   29.700000000000003        1.1249993542916588        1.1249993516075760     
   29.800000000000001        7.6725159559032363E-010   29.800000000000001        1.1249993516075756        1.1249993508403240     
   29.900000000000002        2.2592749893135533E-010   29.900000000000002        1.1249993508403227        1.1249993506143952     
   30.000000000000000        3.7597525093246986E-010   30.000000000000000        1.1249993506143934        1.1249993502384181     
   30.100000000000001        4.9962478598786220E-010   30.100000000000001        1.1249993502384172        1.1249993497387925     
   30.200000000000003        6.1587468458412786E-010   30.200000000000003        1.1249993497387907        1.1249993491229160     
   30.300000000000001        8.0486683984304364E-010   30.300000000000001        1.1249993491229158        1.1249993483180489     
   30.400000000000002        9.6712127195530684E-010   30.400000000000002        1.1249993483180500        1.1249993473509288     
   30.500000000000000        1.6246037848333117E-009   30.500000000000000        1.1249993473509303        1.1249993457263265     
   30.600000000000001        2.7169044791719443E-009   30.600000000000001        1.1249993457263290        1.1249993430094245     
   30.700000000000003        2.5207387288617156E-009   30.700000000000003        1.1249993430094283        1.1249993404886895     
   30.800000000000001        1.2865906118264547E-009   30.800000000000001        1.1249993404886904        1.1249993392020998     
   30.900000000000002        1.2806360416561802E-009   30.900000000000002        1.1249993392020985        1.1249993379214625     
   31.000000000000000        2.9396276524096265E-009   31.000000000000000        1.1249993379214629        1.1249993349818352     
   31.100000000000001        4.4005310506634032E-009   31.100000000000001        1.1249993349818348        1.1249993305813037     
   31.200000000000003        3.8683019010221642E-009   31.200000000000003        1.1249993305813040        1.1249993267130021     
   31.300000000000001        1.9285160135495971E-009   31.300000000000001        1.1249993267130010        1.1249993247844849     
   31.400000000000002        5.1634541087253183E-010   31.400000000000002        1.1249993247844834        1.1249993242681380     
   31.500000000000000        2.7070523600514207E-010   31.500000000000000        1.1249993242681358        1.1249993239974305     
   31.600000000000001        4.2307157777088378E-010   31.600000000000001        1.1249993239974299        1.1249993235743583     
   31.700000000000003        5.2274473638647123E-010   31.700000000000003        1.1249993235743592        1.1249993230516144     
   31.800000000000001        6.1890714775358902E-010   31.800000000000001        1.1249993230516155        1.1249993224327084     
   31.900000000000002        7.8904105471622188E-010   31.900000000000002        1.1249993224327077        1.1249993216436667     
   32.000000000000000        1.3656644703985421E-009   32.000000000000000        1.1249993216436687        1.1249993202780042     
   32.100000000000001        2.4166662004887485E-009   32.100000000000001        1.1249993202780062        1.1249993178613400     
   32.200000000000003        2.8134268248436456E-009   32.200000000000003        1.1249993178613409        1.1249993150479141     
   32.300000000000004        1.9307462295614641E-009   32.300000000000004        1.1249993150479172        1.1249993131171709     
   32.399999999999999        1.0984526621626856E-009   32.399999999999999        1.1249993131171709        1.1249993120187183     
   32.500000000000000        1.6284105175401464E-009   32.500000000000000        1.1249993120187194        1.1249993103903089     
   32.600000000000001        3.2713665110151169E-009   32.600000000000001        1.1249993103903084        1.1249993071189419     
   32.700000000000003        4.2747454465086321E-009   32.700000000000003        1.1249993071189432        1.1249993028441978     
   32.800000000000004        3.2817286665931533E-009   32.800000000000004        1.1249993028441982        1.1249992995624696     
   32.899999999999999        1.3279402022448039E-009   32.899999999999999        1.1249992995624696        1.1249992982345294     
   33.000000000000000        3.3343861005619146E-010   33.000000000000000        1.1249992982345307        1.1249992979010921     
   33.100000000000001        3.2327385213193338E-010   33.100000000000001        1.1249992979010921        1.1249992975778182     
   33.200000000000003        4.4451353709007435E-010   33.200000000000003        1.1249992975778169        1.1249992971333034     
   33.300000000000004        4.7864867624980434E-010   33.300000000000004        1.1249992971333020        1.1249992966546534     
   33.399999999999999        6.2277805135124709E-010   33.399999999999999        1.1249992966546529        1.1249992960318749     
   33.500000000000000        1.1896195140082000E-009   33.500000000000000        1.1249992960318751        1.1249992948422556     
   33.600000000000001        2.0593824423542628E-009   33.600000000000001        1.1249992948422567        1.1249992927828742     
   33.700000000000003        2.6234425742899248E-009   33.700000000000003        1.1249992927828758        1.1249992901594332     
   33.800000000000004        2.3803865545346525E-009   33.800000000000004        1.1249992901594348        1.1249992877790482     
   33.899999999999999        1.5302943356942933E-009   33.899999999999999        1.1249992877790491        1.1249992862487548     
   34.000000000000000        1.0523080185009803E-009   34.000000000000000        1.1249992862487546        1.1249992851964465     
   34.100000000000001        1.9996333477934058E-009   34.100000000000001        1.1249992851964470        1.1249992831968136     
   34.200000000000003        3.7280081244261964E-009   34.200000000000003        1.1249992831968141        1.1249992794688060     
   34.300000000000004        4.1152106167174907E-009   34.300000000000004        1.1249992794688080        1.1249992753535973     
   34.399999999999999        2.4869917236713945E-009   34.399999999999999        1.1249992753535967        1.1249992728666049     
   34.500000000000000        7.9720607892852513E-010   34.500000000000000        1.1249992728666043        1.1249992720693982     
   34.600000000000001        3.0015456786713912E-010   34.600000000000001        1.1249992720693964        1.1249992717692419     
   34.700000000000003        3.6184788498871967E-010   34.700000000000003        1.1249992717692405        1.1249992714073926     
   34.800000000000004        4.0306469273332368E-010   34.800000000000004        1.1249992714073915        1.1249992710043268     
   34.899999999999999        4.9430393112004367E-010   34.899999999999999        1.1249992710043268        1.1249992705100229     
   35.000000000000000        9.9959329702414834E-010   35.000000000000000        1.1249992705100222        1.1249992695104289     
   35.100000000000001        1.7435386467923308E-009   35.100000000000001        1.1249992695104289        1.1249992677668903     
   35.200000000000003        2.2230686180790826E-009   35.200000000000003        1.1249992677668923        1.1249992655438237     
   35.300000000000004        2.4179038771166006E-009   35.300000000000004        1.1249992655438250        1.1249992631259211     
   35.399999999999999        2.1131298932886011E-009   35.399999999999999        1.1249992631259218        1.1249992610127919     
   35.500000000000000        1.2636263146958981E-009   35.500000000000000        1.1249992610127917        1.1249992597491654     
   35.600000000000001        1.2013503525309943E-009   35.600000000000001        1.1249992597491649        1.1249992585478146     
   35.700000000000003        2.6301725242205976E-009   35.700000000000003        1.1249992585478137        1.1249992559176412     
   35.800000000000004        3.9735572610055669E-009   35.800000000000004        1.1249992559176409        1.1249992519440837     
   35.899999999999999        3.4347915622845449E-009   35.899999999999999        1.1249992519440839        1.1249992485092923     
   36.000000000000000        1.7220356252067859E-009   36.000000000000000        1.1249992485092895        1.1249992467872538     
   36.100000000000001        5.9406279895313219E-010   36.100000000000001        1.1249992467872549        1.1249992461931921     
   36.200000000000003        3.1937319455721536E-010   36.200000000000003        1.1249992461931897        1.1249992458738165     
   36.300000000000004        3.5289038358143898E-010   36.300000000000004        1.1249992458738136        1.1249992455209232     
   36.399999999999999        4.2971226577037669E-010   36.399999999999999        1.1249992455209208        1.1249992450912085     
   36.500000000000000        7.8984552231986527E-010   36.500000000000000        1.1249992450912092        1.1249992443013637     
   36.600000000000001        1.4135697057326979E-009   36.600000000000001        1.1249992443013632        1.1249992428877935     
   36.700000000000003        1.8397003920256338E-009   36.700000000000003        1.1249992428877953        1.1249992410480949     
   36.800000000000004        2.1872101907405295E-009   36.800000000000004        1.1249992410480962        1.1249992388608860     
   36.899999999999999        2.4477200266659338E-009   36.899999999999999        1.1249992388608869        1.1249992364131669     
   37.000000000000000        1.8724721773111241E-009   37.000000000000000        1.1249992364131687        1.1249992345406965     
   37.100000000000001        1.1119523080083127E-009   37.100000000000001        1.1249992345406976        1.1249992334287453     
   37.200000000000003        1.6093675281325659E-009   37.200000000000003        1.1249992334287451        1.1249992318193776     
   37.300000000000004        3.0156313002294155E-009   37.300000000000004        1.1249992318193778        1.1249992288037465     
   37.399999999999999        3.6295602079405853E-009   37.399999999999999        1.1249992288037476        1.1249992251741874     
   37.500000000000000        2.7710183037044089E-009   37.500000000000000        1.1249992251741878        1.1249992224031695     
   37.600000000000001        1.3848315827402757E-009   37.600000000000001        1.1249992224031682        1.1249992210183366     
   37.700000000000003        4.8565085286611520E-010   37.700000000000003        1.1249992210183366        1.1249992205326858     
   37.800000000000004        2.9596503026141363E-010   37.800000000000004        1.1249992205326849        1.1249992202367198     
   37.899999999999999        3.9222780578995753E-010   37.899999999999999        1.1249992202367189        1.1249992198444911     
   38.000000000000000        6.1288729646946649E-010   38.000000000000000        1.1249992198444900        1.1249992192316027     
   38.100000000000001        1.0512788417571528E-009   38.100000000000001        1.1249992192316045        1.1249992181803257     
   38.200000000000003        1.4906991196994568E-009   38.200000000000003        1.1249992181803261        1.1249992166896270     
   38.300000000000004        1.9283861174557160E-009   38.300000000000004        1.1249992166896297        1.1249992147612435     
   38.400000000000006        2.4617614613475780E-009   38.400000000000006        1.1249992147612444        1.1249992122994830     
   38.500000000000000        2.3782746882972106E-009   38.500000000000000        1.1249992122994854        1.1249992099212107     
   38.600000000000001        1.5247492157755005E-009   38.600000000000001        1.1249992099212123        1.1249992083964631     
   38.700000000000003        1.1202667682397305E-009   38.700000000000003        1.1249992083964648        1.1249992072761981     
   38.800000000000004        1.8431205450752941E-009   38.800000000000004        1.1249992072761985        1.1249992054330780     
   38.900000000000006        2.9955840030737590E-009   38.900000000000006        1.1249992054330782        1.1249992024374942     
   39.000000000000000        3.3829699042087213E-009   39.000000000000000        1.1249992024374955        1.1249991990545256     
   39.100000000000001        2.5001656300815966E-009   39.100000000000001        1.1249991990545252        1.1249991965543595     
   39.200000000000003        1.0657255078427852E-009   39.200000000000003        1.1249991965543586        1.1249991954886331     
   39.300000000000004        3.1410363199313451E-010   39.300000000000004        1.1249991954886318        1.1249991951745282     
   39.400000000000006        3.2267633010008012E-010   39.400000000000006        1.1249991951745268        1.1249991948518505     
   39.500000000000000        4.8790615991833874E-010   39.500000000000000        1.1249991948518498        1.1249991943639437     
   39.600000000000001        7.2681483054282126E-010   39.600000000000001        1.1249991943639412        1.1249991936371264     
   39.700000000000003        1.1323157966813824E-009   39.700000000000003        1.1249991936371273        1.1249991925048115     
   39.800000000000004        1.7091341675268268E-009   39.800000000000004        1.1249991925048120        1.1249991907956778     
   39.900000000000006        2.3227773038314581E-009   39.900000000000006        1.1249991907956787        1.1249991884729014     
   40.000000000000000        2.5342630216584894E-009   40.000000000000000        1.1249991884729025        1.1249991859386395     
   40.100000000000001        2.0047050686144985E-009   40.100000000000001        1.1249991859386417        1.1249991839339366     
   40.200000000000003        1.2239127489266366E-009   40.200000000000003        1.1249991839339373        1.1249991827100245     
   40.300000000000004        1.0607086320391090E-009   40.300000000000004        1.1249991827100239        1.1249991816493152     
   40.400000000000006        1.9600012723941518E-009   40.400000000000006        1.1249991816493157        1.1249991796893144     
   40.500000000000000        3.2245355274795884E-009   40.500000000000000        1.1249991796893135        1.1249991764647780     
   40.600000000000001        3.4065041898401205E-009   40.600000000000001        1.1249991764647778        1.1249991730582736     
   40.700000000000003        2.0370507503031376E-009   40.700000000000003        1.1249991730582733        1.1249991710212226     
   40.800000000000004        6.1474714208031855E-010   40.800000000000004        1.1249991710212219        1.1249991704064748     
   40.900000000000006        2.4898505479598043E-010   40.900000000000006        1.1249991704064741        1.1249991701574891     
   41.000000000000000        3.7906056071790317E-010   41.000000000000000        1.1249991701574897        1.1249991697784292     
   41.100000000000001        5.0660653450051996E-010   41.100000000000001        1.1249991697784270        1.1249991692718204     
   41.200000000000003        7.9880346781635581E-010   41.200000000000003        1.1249991692718204        1.1249991684730170     
   41.300000000000004        1.4589602859160777E-009   41.300000000000004        1.1249991684730174        1.1249991670140571     
   41.400000000000006        2.1531829652587930E-009   41.400000000000006        1.1249991670140571        1.1249991648608741     
   41.500000000000000        2.4263691056347625E-009   41.500000000000000        1.1249991648608755        1.1249991624345064     
   41.600000000000001        2.2323616288844050E-009   41.600000000000001        1.1249991624345079        1.1249991602021463     
   41.700000000000003        1.6284962267576475E-009   41.700000000000003        1.1249991602021490        1.1249991585736527     
   41.800000000000004        9.3133123435507059E-010   41.800000000000004        1.1249991585736527        1.1249991576423215     
   41.900000000000006        1.1090517393341770E-009   41.900000000000006        1.1249991576423217        1.1249991565332700     
   42.000000000000000        2.4520483421497374E-009   42.000000000000000        1.1249991565332707        1.1249991540812223     
   42.100000000000001        3.5960663335998788E-009   42.100000000000001        1.1249991540812214        1.1249991504851551     
   42.200000000000003        3.0047273558153620E-009   42.200000000000003        1.1249991504851549        1.1249991474804275     
   42.300000000000004        1.3379559682391573E-009   42.300000000000004        1.1249991474804253        1.1249991461424693     
   42.400000000000006        3.6093372735024332E-010   42.400000000000006        1.1249991461424693        1.1249991457815356     
   42.500000000000000        2.7321123141632597E-010   42.500000000000000        1.1249991457815334        1.1249991455083221     
   42.600000000000001        3.7902703198255949E-010   42.600000000000001        1.1249991455083215        1.1249991451292944     
   42.700000000000003        5.6275517579251755E-010   42.700000000000003        1.1249991451292929        1.1249991445665377     
   42.800000000000004        1.1546845701815300E-009   42.800000000000004        1.1249991445665375        1.1249991434118529     
   42.900000000000006        1.9205315116010979E-009   42.900000000000006        1.1249991434118523        1.1249991414913207     
   43.000000000000000        2.2342443450895644E-009   43.000000000000000        1.1249991414913212        1.1249991392570768     
   43.100000000000001        2.1960608886928412E-009   43.100000000000001        1.1249991392570782        1.1249991370610173     
   43.200000000000003        1.9677157681030621E-009   43.200000000000003        1.1249991370610197        1.1249991350933040     
   43.300000000000004        1.2880592148434289E-009   43.300000000000004        1.1249991350933062        1.1249991338052470     
   43.400000000000006        8.1435014287478680E-010   43.400000000000006        1.1249991338052492        1.1249991329908990     
   43.500000000000000        1.5559249444407897E-009   43.500000000000000        1.1249991329908993        1.1249991314349743     
   43.600000000000001        2.9964548620142750E-009   43.600000000000001        1.1249991314349728        1.1249991284385179     
   43.700000000000003        3.4335976284438630E-009   43.700000000000003        1.1249991284385181        1.1249991250049205     
   43.800000000000004        2.2985775505190986E-009   43.800000000000004        1.1249991250049209        1.1249991227063434     
   43.900000000000006        8.9283180848553911E-010   43.900000000000006        1.1249991227063429        1.1249991218135111     
   44.000000000000000        2.8015878505982528E-010   44.000000000000000        1.1249991218135089        1.1249991215333501     
   44.100000000000001        2.8097235649227059E-010   44.100000000000001        1.1249991215333490        1.1249991212523767     
   44.200000000000003        4.3519499115518556E-010   44.200000000000003        1.1249991212523753        1.1249991208171803     
   44.300000000000004        8.6221740858150042E-010   44.300000000000004        1.1249991208171788        1.1249991199549614     
   44.400000000000006        1.5772341210862351E-009   44.400000000000006        1.1249991199549625        1.1249991183777284     
   44.500000000000000        2.0037942416450960E-009   44.500000000000000        1.1249991183777275        1.1249991163739332     
   44.600000000000001        2.0649983945020267E-009   44.600000000000001        1.1249991163739350        1.1249991143089366     
   44.700000000000003        2.0860224658747484E-009   44.700000000000003        1.1249991143089380        1.1249991122229155     
   44.800000000000004        1.7347989711424816E-009   44.800000000000004        1.1249991122229182        1.1249991104881192     
   44.900000000000006        1.0522929194678454E-009   44.900000000000006        1.1249991104881212        1.1249991094358283     
   45.000000000000000        1.0097029878863850E-009   45.000000000000000        1.1249991094358285        1.1249991084261255     
   45.100000000000001        2.0020565205669527E-009   45.100000000000001        1.1249991084261253        1.1249991064240688     
   45.200000000000003        3.0779350179699350E-009   45.200000000000003        1.1249991064240694        1.1249991033461344     
   45.300000000000004        3.0164934994303394E-009   45.300000000000004        1.1249991033461348        1.1249991003296413     
   45.400000000000006        1.8365513554385871E-009   45.400000000000006        1.1249991003296378        1.1249990984930864     
   45.500000000000000        6.2327121241878558E-010   45.500000000000000        1.1249990984930867        1.1249990978698154     
   45.600000000000001        2.1528356874966903E-010   45.600000000000001        1.1249990978698150        1.1249990976545314     
   45.700000000000003        3.4618730104796214E-010   45.700000000000003        1.1249990976545288        1.1249990973083415     
   45.800000000000004        6.4539218413983690E-010   45.800000000000004        1.1249990973083415        1.1249990966629493     
   45.900000000000006        1.1794456522551400E-009   45.900000000000006        1.1249990966629491        1.1249990954835034     
   46.000000000000000        1.6869299290789286E-009   46.000000000000000        1.1249990954835036        1.1249990937965737     
   46.100000000000001        1.9314678745274705E-009   46.100000000000001        1.1249990937965757        1.1249990918651078     
   46.200000000000003        2.0666994782203574E-009   46.200000000000003        1.1249990918651092        1.1249990897984097     
   46.300000000000004        1.9839505593921558E-009   46.300000000000004        1.1249990897984115        1.1249990878144609     
   46.400000000000006        1.4932615144402916E-009   46.400000000000006        1.1249990878144627        1.1249990863212012     
   46.500000000000000        9.9513552953567341E-010   46.500000000000000        1.1249990863212012        1.1249990853260656     
   46.600000000000001        1.1689762491329247E-009   46.600000000000001        1.1249990853260650        1.1249990841570887     
   46.700000000000003        2.1707027286765879E-009   46.700000000000003        1.1249990841570885        1.1249990819863858     
   46.800000000000004        3.0793709804299851E-009   46.800000000000004        1.1249990819863855        1.1249990789070146     
   46.900000000000006        2.7993194429143387E-009   46.900000000000006        1.1249990789070143        1.1249990761076949     
   47.000000000000000        1.4156409378074386E-009   47.000000000000000        1.1249990761076925        1.1249990746920515     
   47.100000000000001        3.3718872138877032E-010   47.100000000000001        1.1249990746920517        1.1249990743548630     
   47.200000000000003        2.3572388485604279E-010   47.200000000000003        1.1249990743548612        1.1249990741191374     
   47.300000000000004        4.9139692315236516E-010   47.300000000000004        1.1249990741191351        1.1249990736277382     
   47.400000000000006        8.3542150974835749E-010   47.400000000000006        1.1249990736277344        1.1249990727923129     
   47.500000000000000        1.2969387785943809E-009   47.500000000000000        1.1249990727923127        1.1249990714953739     
   47.600000000000001        1.7440073829533276E-009   47.600000000000001        1.1249990714953739        1.1249990697513665     
   47.700000000000003        2.0182078230845946E-009   47.700000000000003        1.1249990697513668        1.1249990677331589     
   47.800000000000004        2.0241484044447589E-009   47.800000000000004        1.1249990677331587        1.1249990657090103     
   47.900000000000006        1.7988623923770319E-009   47.900000000000006        1.1249990657090110        1.1249990639101486     
   48.000000000000000        1.3381908914311680E-009   48.000000000000000        1.1249990639101504        1.1249990625719595     
   48.100000000000001        8.6500406837330956E-010   48.100000000000001        1.1249990625719608        1.1249990617069567     
   48.200000000000003        1.2286056616517271E-009   48.200000000000003        1.1249990617069581        1.1249990604783524     
   48.300000000000004        2.4741406701167534E-009   48.300000000000004        1.1249990604783520        1.1249990580042113     
   48.400000000000006        3.2536724425824559E-009   48.400000000000006        1.1249990580042104        1.1249990547505380     
   48.500000000000000        2.4197972514627963E-009   48.500000000000000        1.1249990547505377        1.1249990523307405     
   48.600000000000001        8.5188522902512887E-010   48.600000000000001        1.1249990523307376        1.1249990514788524     
   48.700000000000003        1.8874324325679481E-010   48.700000000000003        1.1249990514788517        1.1249990512901085     
   48.800000000000004        3.4169644891335338E-010   48.800000000000004        1.1249990512901076        1.1249990509484111     
   48.900000000000006        5.9927240947388327E-010   48.900000000000006        1.1249990509484105        1.1249990503491381     
   49.000000000000000        9.3197094486185961E-010   49.000000000000000        1.1249990503491361        1.1249990494171651     
   49.100000000000001        1.4538850123813063E-009   49.100000000000001        1.1249990494171660        1.1249990479632810     
   49.200000000000003        1.9168908682587471E-009   49.200000000000003        1.1249990479632803        1.1249990460463895     
   49.300000000000004        1.9845942667018335E-009   49.300000000000004        1.1249990460463912        1.1249990440617970     
   49.400000000000006        1.8760890618807480E-009   49.400000000000006        1.1249990440617981        1.1249990421857090     
   49.500000000000000        1.6999170959763887E-009   49.500000000000000        1.1249990421857108        1.1249990404857937     
   49.600000000000001        1.0815237594385962E-009   49.600000000000001        1.1249990404857955        1.1249990394042717     
   49.700000000000003        7.0662453666159308E-010   49.700000000000003        1.1249990394042719        1.1249990386976474     
   49.800000000000004        1.5736090208662290E-009   49.800000000000004        1.1249990386976476        1.1249990371240386     
   49.900000000000006        2.9555100589107042E-009   49.900000000000006        1.1249990371240386        1.1249990341685285     
   50.000000000000000        3.1241920162017323E-009   50.000000000000000        1.1249990341685281        1.1249990310443361     
   50.100000000000001        1.7350387793158006E-009   50.100000000000001        1.1249990310443336        1.1249990293092949     
   50.200000000000003        4.3846948294401500E-010   50.200000000000003        1.1249990293092953        1.1249990288708258     
   50.300000000000004        2.0739121531221372E-010   50.300000000000004        1.1249990288708254        1.1249990286634342     
   50.400000000000006        4.3225956147807665E-010   50.400000000000006        1.1249990286634317        1.1249990282311721     
   50.500000000000000        6.7583871832255227E-010   50.500000000000000        1.1249990282311695        1.1249990275553308     
   50.600000000000001        1.1138312494551883E-009   50.600000000000001        1.1249990275553312        1.1249990264415000     
   50.700000000000003        1.6845695949285755E-009   50.700000000000003        1.1249990264415013        1.1249990247569317     
   50.800000000000004        1.9099661852095551E-009   50.800000000000004        1.1249990247569313        1.1249990228469651     
   50.900000000000006        1.8472878782205271E-009   50.900000000000006        1.1249990228469666        1.1249990209996787     
   51.000000000000000        1.8736689977316701E-009   51.000000000000000        1.1249990209996799        1.1249990191260109     
   51.100000000000001        1.5052548096861074E-009   51.100000000000001        1.1249990191260151        1.1249990176207603     
   51.200000000000003        7.4574324493426047E-010   51.200000000000003        1.1249990176207614        1.1249990168750181     
   51.300000000000004        8.5897400303736049E-010   51.300000000000004        1.1249990168750184        1.1249990160160444     
   51.400000000000006        2.1151851381517872E-009   51.400000000000006        1.1249990160160452        1.1249990139008601     
   51.500000000000000        3.1325071425669648E-009   51.500000000000000        1.1249990139008601        1.1249990107683530     
   51.600000000000001        2.6107227490967944E-009   51.600000000000001        1.1249990107683541        1.1249990081576313     
   51.700000000000003        1.1344130079748993E-009   51.700000000000003        1.1249990081576291        1.1249990070232161     
   51.800000000000004        2.5871949027589380E-010   51.800000000000004        1.1249990070232145        1.1249990067644950     
   51.900000000000006        2.7967783644555766E-010   51.900000000000006        1.1249990067644939        1.1249990064848161     
   52.000000000000000        5.2004311967834838E-010   52.000000000000000        1.1249990064848139        1.1249990059647708     
   52.100000000000001        8.2376994114952140E-010   52.100000000000001        1.1249990059647694        1.1249990051409995     
   52.200000000000003        1.3337027038318183E-009   52.200000000000003        1.1249990051410006        1.1249990038072979     
   52.300000000000004        1.7343937397384934E-009   52.300000000000004        1.1249990038072972        1.1249990020729035     
   52.400000000000006        1.8170542848139348E-009   52.400000000000006        1.1249990020729039        1.1249990002558496     
   52.500000000000000        1.8995109929420551E-009   52.500000000000000        1.1249990002558523        1.1249989983563413     
   52.600000000000001        1.8117178868237716E-009   52.600000000000001        1.1249989983563433        1.1249989965446254     
   52.700000000000003        1.1351695139438789E-009   52.700000000000003        1.1249989965446261        1.1249989954094566     
   52.800000000000004        6.3134009131715629E-010   52.800000000000004        1.1249989954094588        1.1249989947781187     
   52.900000000000006        1.2154379724904629E-009   52.900000000000006        1.1249989947781187        1.1249989935626807     
   53.000000000000000        2.4711557244927462E-009   53.000000000000000        1.1249989935626796        1.1249989910915239     
   53.100000000000001        2.9992970329573154E-009   53.100000000000001        1.1249989910915248        1.1249989880922278     
   53.200000000000003        2.0782164877886089E-009   53.200000000000003        1.1249989880922275        1.1249989860140110     
   53.300000000000004        7.0975958443852960E-010   53.300000000000004        1.1249989860140095        1.1249989853042499     
   53.400000000000006        2.0127410849113403E-010   53.400000000000006        1.1249989853042481        1.1249989851029740     
   53.500000000000000        3.8726732931593233E-010   53.500000000000000        1.1249989851029725        1.1249989847157051     
   53.600000000000001        6.2895133545737281E-010   53.600000000000001        1.1249989847157049        1.1249989840867536     
   53.700000000000003        9.7173358248880959E-010   53.700000000000003        1.1249989840867500        1.1249989831150164     
   53.800000000000004        1.4261252179181838E-009   53.800000000000004        1.1249989831150171        1.1249989816888919     
   53.900000000000006        1.7442729483008179E-009   53.900000000000006        1.1249989816888908        1.1249989799446178     
   54.000000000000000        1.9006256568587787E-009   54.000000000000000        1.1249989799446178        1.1249989780439922     
   54.100000000000001        1.9119097416364639E-009   54.100000000000001        1.1249989780439937        1.1249989761320840     
   54.200000000000003        1.5219698834556539E-009   54.200000000000003        1.1249989761320860        1.1249989746101161     
   54.300000000000004        8.6153217893070178E-010   54.300000000000004        1.1249989746101188        1.1249989737485866     
   54.400000000000006        6.9481043141195187E-010   54.400000000000006        1.1249989737485855        1.1249989730537751     
   54.500000000000000        1.5389216567740505E-009   54.500000000000000        1.1249989730537735        1.1249989715148518     
   54.600000000000001        2.7005817582193004E-009   54.600000000000001        1.1249989715148512        1.1249989688142694     
   54.700000000000003        2.7870912244765123E-009   54.700000000000003        1.1249989688142705        1.1249989660271793     
   54.800000000000004        1.5386327767430430E-009   54.800000000000004        1.1249989660271775        1.1249989644885448     
   54.900000000000006        3.9537173535109105E-010   54.900000000000006        1.1249989644885439        1.1249989640931721     
   55.000000000000000        2.5773672085449562E-010   55.000000000000000        1.1249989640931710        1.1249989638354343     
   55.100000000000001        4.8921999784568015E-010   55.100000000000001        1.1249989638354316        1.1249989633462116     
   55.200000000000003        6.9976935357374259E-010   55.200000000000003        1.1249989633462103        1.1249989626464409     
   55.300000000000004        1.0636220793003304E-009   55.300000000000004        1.1249989626464387        1.1249989615828166     
   55.400000000000006        1.5470122960437038E-009   55.400000000000006        1.1249989615828160        1.1249989600358037     
   55.500000000000000        1.8829855452651145E-009   55.500000000000000        1.1249989600358032        1.1249989581528177     
   55.600000000000001        1.9133461481857239E-009   55.600000000000001        1.1249989581528188        1.1249989562394727     
   55.700000000000003        1.7092800508322625E-009   55.700000000000003        1.1249989562394755        1.1249989545301955     
   55.800000000000004        1.2653205150314761E-009   55.800000000000004        1.1249989545301977        1.1249989532648772     
   55.900000000000006        7.0854011546828133E-010   55.900000000000006        1.1249989532648785        1.1249989525563384     
   56.000000000000000        8.1919138139596726E-010   56.000000000000000        1.1249989525563382        1.1249989517371468     
   56.100000000000001        1.9250108174162506E-009   56.100000000000001        1.1249989517371475        1.1249989498121367     
   56.200000000000003        2.8675730678884293E-009   56.200000000000003        1.1249989498121364        1.1249989469445634     
   56.300000000000004        2.3725579278988107E-009   56.300000000000004        1.1249989469445629        1.1249989445720050     
   56.400000000000006        9.8986907559606152E-010   56.400000000000006        1.1249989445720048        1.1249989435821357     
   56.500000000000000        2.7308444394691378E-010   56.500000000000000        1.1249989435821364        1.1249989433090519     
   56.600000000000001        3.5081004767789636E-010   56.600000000000001        1.1249989433090519        1.1249989429582419     
   56.700000000000003        5.2988213816718144E-010   56.700000000000003        1.1249989429582408        1.1249989424283586     
   56.800000000000004        7.6449646613241384E-010   56.800000000000004        1.1249989424283575        1.1249989416638611     
   56.900000000000006        1.2398360116350204E-009   56.900000000000006        1.1249989416638617        1.1249989404240257     
   57.000000000000000        1.7505863425526513E-009   57.000000000000000        1.1249989404240264        1.1249989386734400     
   57.100000000000001        1.8930621514812174E-009   57.100000000000001        1.1249989386734396        1.1249989367803774     
   57.200000000000003        1.7500749738275090E-009   57.200000000000003        1.1249989367803792        1.1249989350303042     
   57.300000000000004        1.5675141185056418E-009   57.300000000000004        1.1249989350303058        1.1249989334627917     
   57.400000000000006        1.0790563997886693E-009   57.400000000000006        1.1249989334627937        1.1249989323837373     
   57.500000000000000        5.9912652616844753E-010   57.500000000000000        1.1249989323837390        1.1249989317846125     
   57.600000000000001        1.1090379725686716E-009   57.600000000000001        1.1249989317846116        1.1249989306755737     
   57.700000000000003        2.3135147131370104E-009   57.700000000000003        1.1249989306755741        1.1249989283620594     
   57.800000000000004        2.7435114180462961E-009   57.800000000000004        1.1249989283620589        1.1249989256185475     
   57.900000000000006        1.8049195471547819E-009   57.900000000000006        1.1249989256185478        1.1249989238136282     
   58.000000000000000        6.4135452504388013E-010   58.000000000000000        1.1249989238136284        1.1249989231722739     
   58.100000000000001        2.7503710420262450E-010   58.100000000000001        1.1249989231722743        1.1249989228972372     
   58.200000000000003        4.0079539687098986E-010   58.200000000000003        1.1249989228972359        1.1249989224964405     
   58.300000000000004        5.8174087769202742E-010   58.300000000000004        1.1249989224964403        1.1249989219146994     
   58.400000000000006        9.2719720790057636E-010   58.400000000000006        1.1249989219146979        1.1249989209875007     
   58.500000000000000        1.4638334988603674E-009   58.500000000000000        1.1249989209875000        1.1249989195236665     
   58.600000000000001        1.7959849163418085E-009   58.600000000000001        1.1249989195236660        1.1249989177276811     
   58.700000000000003        1.7670607199704591E-009   58.700000000000003        1.1249989177276825        1.1249989159606217     
   58.800000000000004        1.7118439998853319E-009   58.800000000000004        1.1249989159606237        1.1249989142487797     
   58.900000000000006        1.4853049901120130E-009   58.900000000000006        1.1249989142487813        1.1249989127634763     
   59.000000000000000        8.3711393372709608E-010   59.000000000000000        1.1249989127634774        1.1249989119263635     
   59.100000000000001        6.3516836235066876E-010   59.100000000000001        1.1249989119263639        1.1249989112911956     
   59.200000000000003        1.4702750128492426E-009   59.200000000000003        1.1249989112911953        1.1249989098209203     
   59.300000000000004        2.4606963133777526E-009   59.300000000000004        1.1249989098209208        1.1249989073602245     
   59.400000000000006        2.4123754105431772E-009   59.400000000000006        1.1249989073602256        1.1249989049478502     
   59.500000000000000        1.3647938335026311E-009   59.500000000000000        1.1249989049478486        1.1249989035830548     
   59.600000000000001        4.5228665257468492E-010   59.600000000000001        1.1249989035830559        1.1249989031307692     
   59.700000000000003        2.8831514953253645E-010   59.700000000000003        1.1249989031307692        1.1249989028424541     
   59.800000000000004        4.6907500106385669E-010   59.800000000000004        1.1249989028424519        1.1249989023733769     
   59.900000000000006        6.9996519691528647E-010   59.900000000000006        1.1249989023733764        1.1249989016734112     
   60.000000000000000        1.1033671754034913E-009   60.000000000000000        1.1249989016734097        1.1249989005700425     
