  -16.629509478833864        3.6908603995623371E-042
  -16.086755105929726        3.1893226066710707E-041
  -15.639752989987683        2.9638905868991873E-040
  -15.242655509972606        1.1711677088556132E-039
  -14.877946763142498        8.5634699610139024E-040
  -14.536600709088955        3.7662327524807632E-040
  -14.213203763983852        1.9235999703200041E-040
  -13.904189753562468        1.5251623141864214E-040
  -13.607053753368866        4.5756259885752241E-041
  -13.319951870041418        2.8208204180763015E-040
  -13.041477351568496        6.6896246271057752E-040
  -12.770526190723878        7.6925479535518850E-040
  -12.506211898605262        8.7108660533455178E-040
  -12.247809027167506        5.5536005990279938E-041
  -11.994714366091594        2.2945558816809269E-039
  -11.746419465057169        7.0423150495240618E-039
  -11.502490670154140        6.0582957065120341E-039
  -11.262554295905716        6.9764590792422533E-039
  -11.026285398343322        5.1440587360872873E-039
  -10.793399130164838        1.2807815801484323E-039
  -10.563643984112028        4.8282718235831950E-040
  -10.336796441464246        6.7737252184593299E-039
  -10.112656682574077        4.7862466481444914E-039
  -9.8910451114622777        2.6496381926878504E-039
  -9.6717995123443536        1.8861391805815488E-039
  -9.4547727023830390        2.5696579348833337E-039
  -9.2398305782140078        4.5331471318450574E-038
  -9.0268504779630501        2.5372149832858950E-036
  -8.8157197982791242        9.7524462723518807E-035
  -8.6063348191874436        3.8436159559495056E-033
  -8.3985996995836860        1.3086393911887740E-031
  -8.1924256138258222        4.0061526655526586E-030
  -7.9877300057571530        1.0991872474651919E-028
  -7.7844359410588435        2.7140430383294341E-027
  -7.5824715424057807        6.0463507125604760E-026
  -7.3817694947224126        1.2185725689965540E-024
  -7.1822666100804051        2.2271038978902388E-023
  -6.9839034435780709        3.6995197415883877E-022
  -6.7866239529910715        5.5973876285489673E-021
  -6.5903751961596155        7.7289545329238156E-020
  -6.3951070610365957        9.7579122689177624E-019
  -6.2007720241079056        1.1283628518633629E-017
  -6.0073249335450436        1.1970284725133056E-016
  -5.8147228139876930        1.1667791551731985E-015
  -5.6229246903015975        1.0464669607985938E-014
  -5.4318914280313066        8.6477181182904959E-014
  -5.2415855885816516        6.5927690929780394E-013
  -5.0519712974268067        4.6424014151424415E-012
  -4.8630141238699967        3.0228258271150229E-011
  -4.6746809710674029        1.8219527392604274E-010
  -4.4869399751921195        1.0175249460681297E-009
  -4.2997604127527840        5.2703739846659569E-009
  -4.1131126152005670        2.5339967090664703E-008
  -3.9269678900605394        1.1318670149194615E-007
  -3.7412984479117783        4.7004975367734706E-007
  -3.5560773346168784        1.8162035843241692E-006
  -3.3712783682677481        6.5335700759073556E-006
  -3.1868760803720182        2.1896549737554732E-005
  -3.0028456608544349        6.8406166426499205E-005
  -2.8191629064911976        1.9931814747137111E-004
  -2.6358041724333079        5.4193973693557936E-004
  -2.4527463265082488        1.3756622267014523E-003
  -2.2699667060184630        3.2615008937613163E-003
  -2.0874430767805632        7.2250506087611927E-003
  -1.9051535941715367        1.4960285819683424E-002
  -1.7230767659677173        2.8963956257545827E-002
  -1.5411914167793415        5.2447417938576692E-002
  -1.3594766538983880        8.8849298410723143E-002
  -1.1779118343903048       0.14084759990475185     
 -0.99647653327140173       0.20897728239737934     
 -0.81515051262328742       0.29025415558262108     
 -0.63391369150388610       0.37744202285245670     
 -0.45274611652143026       0.45958353964611209     
 -0.27162793294346238       0.52403279409784065     
  -9.0539356217393022E-002  0.55957347579777805     
   9.0539356217393022E-002  0.55959374153361341     
  0.27162793294346238       0.52408973396884373     
  0.45274611652143026       0.45966677704794445     
  0.63391369150388610       0.37753774125363915     
  0.81515051262328742       0.29034881134284829     
  0.99647653327140173       0.20906059538318256     
   1.1779118343903048       0.14091397796282235     
   1.3594766538983880        8.8897626968522533E-002
   1.5411914167793415        5.2479760510861027E-002
   1.7230767659677173        2.8983925986628349E-002
   1.9051535941715367        1.4971690821688229E-002
   2.0874430767805632        7.2310858808069031E-003
   2.2699667060184630        3.2644636379951688E-003
   2.4527463265082488        1.3770125491798077E-003
   2.6358041724333079        5.4251141705696760E-004
   2.8191629064911976        1.9954303837916196E-004
   3.0028456608544349        6.8488381056057936E-005
   3.1868760803720182        2.1924480172133096E-005
   3.3712783682677481        6.5423866125421819E-006
   3.5560773346168784        1.8187888467230327E-006
   3.7412984479117783        4.7075371885910464E-007
   3.9269678900605394        1.1336463341857972E-007
   4.1131126152005670        2.5381691860237456E-008
   4.2997604127527840        5.2794463223589563E-009
   4.4869399751921195        1.0193528152245093E-009
   4.6746809710674029        1.8253627455203561E-010
   4.8630141238699967        3.0287115676112994E-011
   5.0519712974268067        4.6517922118252032E-012
   5.2415855885816516        6.6066062189479962E-013
   5.4318914280313066        8.6665279318497942E-014
   5.6229246903015975        1.0488232916460112E-014
   5.8147228139876930        1.1694961126104978E-015
   6.0073249335450436        1.1999083066259482E-016
   6.2007720241079056        1.1311650140408700E-017
   6.3951070610365957        9.7829053749229436E-019
   6.5903751961596155        7.7493561006315864E-020
   6.7866239529910715        5.6126032392288590E-021
   6.9839034435780709        3.7098689602877895E-022
   7.1822666100804051        2.2335115120168841E-023
   7.3817694947224126        1.2221757323523657E-024
   7.5824715424057807        6.0647338740602278E-026
   7.7844359410588435        2.7224706823451593E-027
   7.9877300057571530        1.1027456618740218E-028
   8.1924256138258222        4.0183390479246505E-030
   8.3985996995836860        1.3146963631163479E-031
   8.6063348191874436        3.8246387088147195E-033
   8.8157197982791242        1.0222063063847131E-034
   9.0268504779630501        2.0962562714871641E-036
   9.2398305782140078        5.2238926208284665E-038
   9.4547727023830390        2.6672111980853951E-039
   9.6717995123443536        2.2273203436883755E-039
   9.8910451114622777        2.5610295115806589E-039
   10.112656682574077        4.8375927969157961E-039
   10.336796441464246        6.8298666273032798E-039
   10.563643984112028        4.9661004358847768E-040
   10.793399130164838        1.3055728947371723E-039
   11.026285398343322        5.1771206090682763E-039
   11.262554295905716        7.0411277021579782E-039
   11.502490670154140        6.0859166155933978E-039
   11.746419465057169        7.0809615368666771E-039
   11.994714366091594        2.3150754813777412E-039
   12.247809027167506        5.6123021889834942E-041
   12.506211898605262        8.7927084176405021E-040
   12.770526190723878        7.7779597790541947E-040
   13.041477351568496        6.7109758187722504E-040
   13.319951870041418        2.8779539729220406E-040
   13.607053753368866        4.7489118865871186E-041
   13.904189753562468        1.4957196146633675E-040
   14.213203763983852        1.9254501050143846E-040
   14.536600709088955        3.7880199383936075E-040
   14.877946763142498        8.5843291238566085E-040
   15.242655509972606        1.1758509241861388E-039
   15.639752989987683        2.9702856952304439E-040
   16.086755105929726        2.2825007756655281E-041
   16.629509478833864        2.7014895390079925E-042
