  -9.4800000000000004        2.4113646432368252E-008
  -8.4399999999999995        2.1668366936458516E-007
  -7.3999999999999995        5.9800764365555090E-007
  -6.3599999999999994        1.1628268735438128E-006
  -5.3199999999999994        1.9021801728608405E-006
  -4.2799999999999994        2.8104633098850539E-006
  -3.2400000000000002        3.8803280514460350E-006
  -2.1999999999999993        5.1143148050280263E-006
  -1.1600000000000001        6.5158707352336862E-006
 -0.11999999999999922        8.1055834241533333E-006
  0.92000000000000171        9.9069936680575208E-006
   1.9600000000000009        1.1967865996089653E-005
   3.0000000000000000        1.4339309696161448E-005
   4.0400000000000027        1.7103198407549564E-005
   5.0800000000000018        2.0342956653111081E-005
   6.1200000000000010        2.4179077483690064E-005
   7.1600000000000001        2.8729718961555278E-005
   8.2000000000000028        3.4156985076452446E-005
   9.2400000000000020        4.0615381491733938E-005
   10.280000000000005        4.8311573039822759E-005
   11.320000000000004        5.7439359227145192E-005
   12.360000000000003        6.8254121316438016E-005
   13.400000000000002        8.0995336529824250E-005
   14.440000000000001        9.5972778820667417E-005
   15.480000000000000        1.1348287988532300E-004
   16.520000000000000        1.3389615470674011E-004
   17.560000000000002        1.5758238135811959E-004
   18.600000000000005        1.8497832949339918E-004
   19.640000000000004        2.1654697233108080E-004
   20.680000000000003        2.5279509005533655E-004
   21.720000000000002        2.9429791048581424E-004
   22.760000000000005        3.4163536627796105E-004
   23.800000000000004        3.9550609292436818E-004
   24.840000000000003        4.5656943949178437E-004
   25.880000000000003        5.2564205289013150E-004
   26.920000000000002        6.0347627151927997E-004
   27.960000000000001        6.9097901094031960E-004
   29.000000000000007        7.8901536156606854E-004
   30.040000000000006        8.9853652922411106E-004
   31.080000000000005        1.0205328777856200E-003
   32.119999999999997        1.1559546288925488E-003
   33.160000000000004        1.3058964142618804E-003
   34.200000000000003        1.4712899549878897E-003
   35.240000000000009        1.6532560989942361E-003
   36.280000000000008        1.8527288680474853E-003
   37.320000000000007        2.0707301173688592E-003
   38.360000000000007        2.3082197879267840E-003
   39.400000000000006        2.5660103977887634E-003
   40.440000000000005        2.8450372463837662E-003
   41.480000000000004        3.1458856171743621E-003
   42.520000000000010        3.4692944767324022E-003
   43.560000000000009        3.8156941990390358E-003
   44.600000000000009        4.1854124562431937E-003
   45.640000000000008        4.5787487736695170E-003
   46.680000000000007        4.9955435450292941E-003
   47.720000000000006        5.4357878972492125E-003
   48.760000000000005        5.8989715898364447E-003
   49.800000000000004        6.3844787027599612E-003
   50.840000000000003        6.8915737019311371E-003
   51.880000000000003        7.4189474826615483E-003
   52.920000000000002        7.9654526184335748E-003
   53.960000000000001        8.5293566294738742E-003
   55.000000000000000        9.1087473961204510E-003
   56.040000000000006        9.7016807597953975E-003
   57.080000000000013        1.0305519614631808E-002
   58.120000000000005        1.0917833434634342E-002
   59.160000000000011        1.1535746479891177E-002
   60.200000000000017        1.2156025799312157E-002
   61.240000000000009        1.2775700999412819E-002
   62.280000000000015        1.3391127742386247E-002
   63.320000000000007        1.3998793181024838E-002
   64.360000000000014        1.4595236916389460E-002
   65.400000000000006        1.5176432134207826E-002
   66.440000000000012        1.5738850996396016E-002
   67.480000000000004        1.6278769262443524E-002
   68.520000000000010        1.6792236841048965E-002
   69.560000000000002        1.7275969232700545E-002
   70.600000000000009        1.7726350571475761E-002
   71.640000000000001        1.8139937569300112E-002
   72.680000000000007        1.8513975534869200E-002
   73.720000000000013        1.8845376621767159E-002
   74.760000000000005        1.9131559597917496E-002
   75.800000000000011        1.9370595507022362E-002
   76.840000000000003        1.9560294634127916E-002
   77.880000000000010        1.9699194447921470E-002
   78.920000000000002        1.9786443185851658E-002
   79.960000000000008        1.9821003691040100E-002
   81.000000000000000        1.9802667771222034E-002
   82.040000000000006        1.9731811458830871E-002
   83.079999999999998        1.9608656278487121E-002
   84.120000000000019        1.9434243667274000E-002
   85.159999999999997        1.9210189700329654E-002
   86.200000000000017        1.8937929189074772E-002
   87.240000000000009        1.8619603119517228E-002
   88.280000000000015        1.8257929586530611E-002
   89.320000000000007        1.7855381202805963E-002
   90.360000000000014        1.7414922434283012E-002
   91.400000000000020        1.6940096420695598E-002
   92.440000000000012        1.6434146075597584E-002
   93.480000000000018        1.5900505208270209E-002
   94.520000000000010        1.5343156597603458E-002
   95.560000000000016        1.4765794470205431E-002
   96.600000000000009        1.4171960936581652E-002
   97.640000000000015        1.3565635391058161E-002
   98.680000000000007        1.2950619238064074E-002
   99.720000000000013        1.2330268749680651E-002
   100.76000000000001        1.1708137576833519E-002
   101.80000000000001        1.1087773093255662E-002
   102.84000000000000        1.0472156544410022E-002
   103.88000000000001        9.8641178469876158E-003
   104.92000000000000        9.2665893735300355E-003
   105.96000000000001        8.6820591812084499E-003
   107.00000000000000        8.1125464140264364E-003
   108.04000000000002        7.5600843578449012E-003
   109.08000000000000        7.0265351467579300E-003
   110.12000000000002        6.5132124942774254E-003
   111.16000000000001        6.0211794683650930E-003
   112.20000000000002        5.5515012500321984E-003
   113.24000000000002        5.1049183245217662E-003
   114.28000000000002        4.6817285993449786E-003
   115.32000000000002        4.2821329250114920E-003
   116.36000000000001        3.9062940112849498E-003
   117.40000000000002        3.5540515555931543E-003
   118.44000000000000        3.2249527392375454E-003
   119.48000000000002        2.9185346652852635E-003
   120.52000000000001        2.6343011360201590E-003
   121.56000000000003        2.3715146006187994E-003
   122.60000000000002        2.1292664646633971E-003
   123.64000000000001        1.9066894379813691E-003
   124.68000000000001        1.7029258581999025E-003
   125.72000000000003        1.5169753859722252E-003
   126.76000000000002        1.3477462707519707E-003
   127.80000000000001        1.1942148922593023E-003
   128.84000000000000        1.0554183066388511E-003
   129.88000000000002        9.3033866374458637E-004
   130.92000000000002        8.1791302497587941E-004
   131.96000000000001        7.1714824230706398E-004
   133.00000000000000        6.2714611121167710E-004
   134.04000000000002        5.4702281156383066E-004
   135.08000000000001        4.7587852383752007E-004
   136.12000000000000        4.1286375161864755E-004
   137.16000000000003        3.5722737171219548E-004
   138.20000000000002        3.0827910106576156E-004
   139.24000000000001        2.6533981721002536E-004
   140.28000000000000        2.2775619764714509E-004
   141.32000000000002        1.9494640493657921E-004
   142.36000000000001        1.6640459133779152E-004
   143.40000000000003        1.4166374707649815E-004
   144.44000000000003        1.2027372107926336E-004
   145.48000000000002        1.0181857536528528E-004
   146.52000000000001        8.5939555296229305E-005
   147.56000000000003        7.2329464312523534E-005
   148.60000000000002        6.0708208320853381E-005
   149.64000000000001        5.0810890569739071E-005
   150.68000000000001        4.2397408790820368E-005
   151.72000000000003        3.5264434439045007E-005
   152.76000000000002        2.9242204061300693E-005
   153.80000000000001        2.4180411458950000E-005
   154.84000000000000        1.9939100458029201E-005
   155.88000000000002        1.6391259890622057E-005
   156.92000000000002        1.3429515392915254E-005
   157.96000000000004        1.0966878692112495E-005
   159.00000000000000        8.9303702531028311E-006
   160.04000000000002        7.2541211374869157E-006
   161.08000000000001        5.8775741806866322E-006
   162.12000000000003        4.7480713261340996E-006
   163.16000000000000        3.8231707642600166E-006
   164.20000000000002        3.0696051409462322E-006
   165.24000000000004        2.4598088514070063E-006
   166.28000000000003        1.9689902402189583E-006
   167.31999999999999        1.5745319529283591E-006
   168.36000000000001        1.2570825737589502E-006
   169.40000000000003        1.0015116622139258E-006
   170.44000000000003        7.9657235212284614E-007
   171.47999999999999        6.3352868556251270E-007
   172.52000000000001        5.0479265359915781E-007
   173.56000000000003        4.0335325818445014E-007
   174.60000000000002        3.2299834670102459E-007
   175.64000000000001        2.5878007539572035E-007
   176.68000000000001        2.0718523913855466E-007
   177.72000000000003        1.6585466069651970E-007
   178.76000000000002        1.3306403650497111E-007
   179.80000000000004        1.0728755194773111E-007
   180.84000000000000        8.7029455726724120E-008
   181.88000000000002        7.0897415858240225E-008
   182.92000000000002        5.7762862418404823E-008
   183.96000000000004        4.6857947531292199E-008
   185.00000000000000        3.7747824342296971E-008
   186.04000000000002        3.0209885681724042E-008
   187.08000000000001        2.4095030612884130E-008
   188.12000000000003        1.9234032279052734E-008
   189.16000000000000        1.5411136514281945E-008
   190.20000000000002        1.2388911498473174E-008
   191.24000000000004        9.9512370020280404E-009
   192.28000000000003        7.9357337646504566E-009
   193.31999999999999        6.2426755038615661E-009
   194.36000000000001        4.8229101775447545E-009
   195.40000000000003        3.6557000656032561E-009
   196.44000000000003        2.7278087190472472E-009
   197.48000000000002        2.0206272610115865E-009
   198.52000000000001        1.5065528060848748E-009
   199.56000000000003        1.1519329244923647E-009
   200.60000000000002        9.2256102080716621E-010
   201.64000000000004        7.8842285332754725E-010
   202.68000000000001        7.2604170778220529E-010
   203.72000000000003        7.1834731009843068E-010
   204.76000000000002        7.5295178362981622E-010
   205.80000000000004        8.1996771912280773E-010
   206.84000000000000        9.1025314687243807E-010
   207.88000000000002        1.0145097580675318E-009
   208.92000000000002        1.1232339532695601E-009
   209.96000000000004        1.2272525105865282E-009
   211.00000000000000        1.3184874602460353E-009
   212.04000000000002        1.3906435209154588E-009
   213.08000000000004        1.4396287658057040E-009
   214.12000000000003        1.4636454764865180E-009
   215.16000000000000        1.4629860427779319E-009
   216.20000000000002        1.4396241362064530E-009
   217.24000000000004        1.3967071315500377E-009
   218.28000000000003        1.3380434385624998E-009
   219.31999999999999        1.2676516872295074E-009
   220.36000000000001        1.1894087702774364E-009
   221.40000000000003        1.1068078477552977E-009
   222.44000000000003        1.0228189710211693E-009
   223.48000000000005        9.3983433429178060E-010
   224.52000000000001        8.5967611771346005E-010
   225.56000000000003        7.8364540817056704E-010
   226.60000000000002        7.1259387780019705E-010
   227.64000000000004        6.4700418763598842E-010
   228.68000000000001        5.8706940612469996E-010
   229.72000000000003        5.3276545339851984E-010
   230.76000000000002        4.8391350591083425E-010
   231.80000000000004        4.4023136564800287E-010
   232.84000000000000        4.0137412229240402E-010
   233.88000000000002        3.6696519588371978E-010
   234.92000000000002        3.3661919317906709E-010
   235.96000000000004        3.0995808077180321E-010
   237.00000000000000        2.8662208855419297E-010
   238.04000000000002        2.6627658919869287E-010
   239.08000000000004        2.4861599819834146E-010
   240.12000000000003        2.3336553702837849E-010
   241.16000000000000        2.2028152784861945E-010
   242.20000000000002        2.0915072350034807E-010
   243.24000000000004        1.9978906416339631E-010
   244.28000000000003        1.9204013935298511E-010
   245.32000000000005        1.8577355539289227E-010
   246.36000000000001        1.8088336169109888E-010
   247.40000000000003        1.7728663178592807E-010
   248.44000000000005        1.7492226342209509E-010
   249.48000000000002        1.7375005039080490E-010
