  -16.629509478833864        5.1379470513406656E-030
  -16.086755105929726        7.1966204398044307E-030
  -15.639752989987683        3.3830474227260681E-029
  -15.242655509972606        2.8798620585313155E-029
  -14.877946763142498        1.0169110258952334E-030
  -14.536600709088955        4.3900780830416014E-030
  -14.213203763983852        1.4229619544281782E-031
  -13.904189753562468        2.0109599396225186E-029
  -13.607053753368866        3.9062375736487697E-029
  -13.319951870041418        3.8944303032110599E-030
  -13.041477351568496        2.8523495148914643E-029
  -12.770526190723878        2.2001555618674433E-029
  -12.506211898605262        1.1781026800203587E-031
  -12.247809027167506        1.4705806568916750E-029
  -11.994714366091594        5.0713594147889512E-029
  -11.746419465057169        2.6520205365082595E-029
  -11.502490670154140        3.4834408895310538E-030
  -11.262554295905716        1.8101428853470951E-029
  -11.026285398343322        1.8752494790175307E-029
  -10.793399130164838        2.2275149459540626E-029
  -10.563643984112028        1.8890679838138087E-029
  -10.336796441464246        4.5236504094014019E-029
  -10.112656682574077        3.5421514610791635E-029
  -9.8910451114622777        2.3851308710159531E-030
  -9.6717995123443536        6.9582000621441411E-030
  -9.4547727023830390        9.8658572451143404E-030
  -9.2398305782140078        2.3362908324594366E-029
  -9.0268504779630501        1.3577835128493835E-029
  -8.8157197982791242        3.0237938624390657E-029
  -8.6063348191874436        1.6788092347835273E-027
  -8.3985996995836860        2.9250013102792225E-026
  -8.1924256138258222        6.4991521162670328E-025
  -7.9877300057571530        1.3084134326480914E-023
  -7.7844359410588435        2.3593719734409697E-022
  -7.5824715424057807        3.8549182917878670E-021
  -7.3817694947224126        5.7063269813089152E-020
  -7.1822666100804051        7.6753872713502114E-019
  -6.9839034435780709        9.3996606311118404E-018
  -6.7866239529910715        1.0502189858584699E-016
  -6.5903751961596155        1.0725825235270781E-015
  -6.3951070610365957        1.0030833598011588E-014
  -6.2007720241079056        8.6044276051871863E-014
  -6.0073249335450436        6.7805256303873024E-013
  -5.8147228139876930        4.9158339115307805E-012
  -5.6229246903015975        3.2833737772046779E-011
  -5.4318914280313066        2.0229870008965804E-010
  -5.2415855885816516        1.1511759497047148E-009
  -5.0519712974268067        6.0570390611201133E-009
  -4.8630141238699967        2.9499403679499172E-008
  -4.6746809710674029        1.3311780406479047E-007
  -4.4869399751921195        5.5710653991697038E-007
  -4.2997604127527840        2.1642304448092937E-006
  -4.1131126152005670        7.8107351713043519E-006
  -3.9269678900605394        2.6208419953335602E-005
  -3.7412984479117783        8.1821239887539183E-005
  -3.5560773346168784        2.3782788820802717E-004
  -3.3712783682677481        6.4403072457704298E-004
  -3.1868760803720182        1.6257518696919501E-003
  -3.0028456608544349        3.8277588357600117E-003
  -2.8191629064911976        8.4100570821024744E-003
  -2.6358041724333079        1.7251312736340660E-002
  -2.4527463265082488        3.3052387818174801E-002
  -2.2699667060184630        5.9171707724613665E-002
  -2.0874430767805632        9.9017949366249663E-002
  -1.9051535941715367       0.15493360890235955     
  -1.7230767659677173       0.22674529018435277     
  -1.5411914167793415       0.31046092754430071     
  -1.3594766538983880       0.39778934305157448     
  -1.1779118343903048       0.47705117835343669     
 -0.99647653327140173       0.53557145998878908     
 -0.81515051262328742       0.56295354687933252     
 -0.63391369150388610       0.55408917378924083     
 -0.45274611652143026       0.51071121750383752     
 -0.27162793294346238       0.44084293075819087     
  -9.0539356217393022E-002  0.35638283609508259     
   9.0539356217393022E-002  0.26981950181513542     
  0.27162793294346238       0.19131119496454477     
  0.45274611652143026       0.12702591472707475     
  0.63391369150388610        7.8975267605780594E-002
  0.81515051262328742        4.5971225944619352E-002
  0.99647653327140173        2.5050360533370144E-002
   1.1779118343903048        1.2776111683915974E-002
   1.3594766538983880        6.0974910769343608E-003
   1.5411914167793415        2.7225079243241544E-003
   1.7230767659677173        1.1369384827182301E-003
   1.9051535941715367        4.4394099424812852E-004
   2.0874430767805632        1.6202820904801833E-004
   2.2699667060184630        5.5255483125495812E-005
   2.4527463265082488        1.7599771011927550E-005
   2.6358041724333079        5.2335680654116773E-006
   2.8191629064911976        1.4522608368640656E-006
   3.0028456608544349        3.7586140421395395E-007
   3.1868760803720182        9.0679867629404278E-008
   3.3712783682677481        2.0381695921160025E-008
   3.5560773346168784        4.2652469173118329E-009
   3.7412984479117783        8.3048478269183121E-010
   3.9269678900605394        1.5034614584231142E-010
   4.1131126152005670        2.5286856672791369E-011
   4.2997604127527840        3.9480846560790603E-012
   4.4869399751921195        5.7173065622600207E-013
   4.6746809710674029        7.6720299374897932E-014
   4.8630141238699967        9.5305502710316725E-015
   5.0519712974268067        1.0948703163304012E-015
   5.2415855885816516        1.1618895820616270E-016
   5.4318914280313066        1.1376642857160573E-017
   5.6229246903015975        1.0265301075887006E-018
   5.8147228139876930        8.5241220298706078E-020
   6.0073249335450436        6.5044504833865304E-021
   6.2007720241079056        4.5555049342506856E-022
   6.3951070610365957        2.9221642996791615E-023
   6.5903751961596155        1.7141798221759392E-024
   6.7866239529910715        9.0391113720493976E-026
   6.9839034435780709        4.4791452079584648E-027
   7.1822666100804051        1.6512566179399576E-028
   7.3817694947224126        3.7940162644588797E-030
   7.5824715424057807        3.0031034068277118E-029
   7.7844359410588435        8.0652796688561257E-029
   7.9877300057571530        4.2597881640590402E-030
   8.1924256138258222        1.8621716968585522E-029
   8.3985996995836860        8.2357103811297352E-029
   8.6063348191874436        7.8313595292520581E-029
   8.8157197982791242        4.4352336755892634E-031
   9.0268504779630501        1.3404638403835252E-030
   9.2398305782140078        2.7859712889662507E-029
   9.4547727023830390        2.5213127548219548E-030
   9.6717995123443536        1.6250093857902516E-029
   9.8910451114622777        1.8695504860742131E-029
   10.112656682574077        5.4371763268043389E-031
   10.336796441464246        4.1100792868495414E-030
   10.563643984112028        1.2593033142127184E-030
   10.793399130164838        4.2950149954775612E-030
   11.026285398343322        2.3956862896383616E-030
   11.262554295905716        2.3147433084845349E-029
   11.502490670154140        4.8913683511751471E-030
   11.746419465057169        4.9501424623962979E-030
   11.994714366091594        8.8418505195575512E-031
   12.247809027167506        5.9528034770334367E-030
   12.506211898605262        1.6849595770556942E-029
   12.770526190723878        4.2697620429309298E-029
   13.041477351568496        1.3505660289577676E-029
   13.319951870041418        1.9825407809401743E-029
   13.607053753368866        4.8340976559168351E-030
   13.904189753562468        1.0132513244920305E-031
   14.213203763983852        3.0933302526312314E-030
   14.536600709088955        5.0844744508660835E-030
   14.877946763142498        4.7282074713207602E-030
   15.242655509972606        7.0840685006595476E-030
   15.639752989987683        3.3733300564499573E-030
   16.086755105929726        1.2353789957000288E-029
   16.629509478833864        2.1896914036410855E-030
