  -6.1436553102522282        1.6273586231346656E-016
  -5.4840193830407156        2.7430637917950688E-017
  -4.9368707203285478        3.7841030156548967E-017
  -4.4476577819871057        3.6433594879109964E-017
  -3.9955718618935223        7.1664559673407032E-017
  -3.5698963259782706        9.2958404844830988E-017
  -3.1642008713975840        2.3084116714911494E-017
  -2.7742430275433176        1.0348257293113139E-015
  -2.3970344393478604        8.5410762252299655E-014
  -2.0303659370401470        3.9142433969630924E-012
  -1.6725420182919550        1.2913540604333731E-010
  -1.3222215125774910        3.1052647829217201E-009
 -0.97831652498104615        5.5371708075021345E-008
 -0.63992541463818142        7.4860741303847278E-007
 -0.30628666606080301        7.7980308490950482E-006
   2.3253878302565312E-002   6.3428819569204064E-005
  0.34926694560934290        4.0740877040678654E-004
  0.67225774357842427        2.0856845962295588E-003
  0.99267967919067868        8.5761056664971306E-003
   1.3109451003611894        2.8504862474547150E-002
   1.6274338929787879        7.6982076160584514E-002
   1.9425005189194062       0.16963071050494374     
   2.2564799183224808       0.30595597899522403     
   2.5696925911988520       0.45276533471567770     
   2.8824491009876194       0.55057316167224457     
   3.1950541947665565       0.55057314825405901     
   3.5078107045553240       0.45276533063690161     
   3.8210233774316951       0.30595600360900632     
   4.1350027768347699       0.16963069924259006     
   4.4500694027753882        7.6982076234159216E-002
   4.7665581953929870        2.8504869776382110E-002
   5.0848236165634972        8.5761025259602185E-003
   5.4052455521757512        2.0856849403952534E-003
   5.7282363501448330        4.0740899407924367E-004
   6.0542494174516106        6.3428839967005784E-005
   6.3837899618149789        7.7979947921585725E-006
   6.7174287103923573        7.4861041471027948E-007
   7.0558198207352216        5.5371874958340330E-008
   7.3997248083316673        3.1053900850305184E-009
   7.7500453140461314        1.2936628388356990E-010
   8.1078692327943234        3.8829480234879989E-012
   8.4745377351020359        7.7328520713430276E-014
   8.8517463232974940        5.1968837582858189E-016
   9.2417041671517595        5.0871340982018065E-016
   9.6473996217324469        9.5906602449784502E-016
   10.073075157647699        3.1382020911935291E-016
   10.525161077741283        3.5062776013239388E-017
   11.014374016082725        2.1616443864104418E-018
   11.561522678794892        2.5442263586474421E-019
   12.221158606006405        4.7985408462383687E-019
