  -7.2989039000866800        2.0725412298688778E-010
  -6.5482678213142620        1.3047885740529330E-009
  -5.9199518333864516        7.8671325938685000E-008
  -5.3532409104207890        1.1651988640509724E-007
  -4.8249143430325834        5.7288375890016839E-007
  -4.3229263904593322        2.0934124260907170E-005
  -3.8399517032072534        3.6282892398340746E-004
  -3.3710515963015082        3.8270124049572820E-003
  -2.9126325903713752        2.3927867715297611E-002
  -2.4619121681073115        9.7064750113025150E-002
  -2.0166142222480490       0.25889435770945446     
  -1.5747787646795359       0.46466940215336011     
  -1.1346314660342276       0.56433268682525706     
 -0.69448416738891927       0.46500893100994439     
 -0.25264870982040621       0.25918513058224263     
  0.19264923603885631        9.6821252841729516E-002
  0.64336965830291981        2.3866495562326933E-002
   1.1017886642330532        3.8101893577219131E-003
   1.5706887711387985        3.8147717127167107E-004
   2.0536634583908775        2.0649039100697958E-005
   2.5556514109641286        1.1494684907958614E-006
   3.0839779783523333        8.3899846431714742E-007
   3.6506889013179959        5.2829081864721642E-007
   4.2790048892458064        2.7229961828894785E-006
   5.0296409680182244        3.8949761646260807E-007
