  -9.4800000000000004        9.4323367267017007E-009
  -8.4399999999999995        7.2843476858855891E-008
  -7.3999999999999995        2.1469390144068317E-007
  -6.3599999999999994        4.0279844890171259E-007
  -5.3199999999999994        6.8299711884580654E-007
  -4.2799999999999994        9.8968518482358609E-007
  -3.2400000000000002        1.4017381829048390E-006
  -2.1999999999999993        1.8177267432427170E-006
  -1.1600000000000001        2.3531228145203458E-006
 -0.11999999999999922        2.8672301599710497E-006
  0.92000000000000171        3.5167906978014553E-006
   1.9600000000000009        4.1175774535213975E-006
   3.0000000000000000        4.8730603328034943E-006
   4.0400000000000027        5.5507124344228880E-006
   5.0800000000000018        6.4065258447690506E-006
   6.1200000000000010        7.1548441351999059E-006
   7.1600000000000001        8.1097168696336210E-006
   8.2000000000000028        8.9280830208571177E-006
   9.2400000000000020        9.9865399502522603E-006
   10.280000000000005        1.0881749513915747E-005
   11.320000000000004        1.2055253679140732E-005
   12.360000000000003        1.3043142283458495E-005
   13.400000000000002        1.4350786522681936E-005
   14.440000000000001        1.5457619529968638E-005
   15.480000000000000        1.6926280894301742E-005
   16.520000000000000        1.8189920820711939E-005
   17.560000000000002        1.9853833840732713E-005
   18.600000000000005        2.1324728852092993E-005
   19.640000000000004        2.3224497944467370E-005
   20.680000000000003        2.4966528831508845E-005
   21.720000000000002        2.7147699528494235E-005
   22.760000000000005        2.9238859447457033E-005
   23.800000000000004        3.1750317344297622E-005
   24.840000000000003        3.4283061141654189E-005
   25.880000000000003        3.7175731888084991E-005
   26.920000000000002        4.0256621825721972E-005
   27.960000000000001        4.3583185131985885E-005
   29.000000000000007        4.7331216999606297E-005
   30.040000000000006        5.1147756870270346E-005
   31.080000000000005        5.5690571533645067E-005
   32.119999999999997        6.0061137751200196E-005
   33.160000000000004        6.5528368349368978E-005
   34.200000000000003        7.0533139608545492E-005
   35.240000000000009        7.7046613702864834E-005
   36.280000000000008        8.2793541425939108E-005
   37.320000000000007        9.0455115444760807E-005
   38.360000000000007        9.7093494308429191E-005
   39.400000000000006        1.0597294318908426E-004
   40.440000000000005        1.1370545222647507E-004
   41.480000000000004        1.2383273912866755E-004
   42.520000000000010        1.3292067881727270E-004
   43.560000000000009        1.4428831057686106E-004
   44.600000000000009        1.5504402477066841E-004
   45.640000000000008        1.6762489766084630E-004
   46.680000000000007        1.8038694871424154E-004
   47.720000000000006        1.9416994881345481E-004
   48.760000000000005        2.0926140036764423E-004
   49.800000000000004        2.2430064853993115E-004
   50.840000000000003        2.4197846120635385E-004
   51.880000000000003        2.5844377883979568E-004
   52.920000000000002        2.7885544246903624E-004
   53.960000000000001        2.9706487534140726E-004
   55.000000000000000        3.2023251143257386E-004
   56.040000000000006        3.4064762859849663E-004
   57.080000000000013        3.6649491337546254E-004
   58.120000000000005        3.8967015819279914E-004
   59.160000000000011        4.1809139292240261E-004
   60.200000000000017        4.4458922756321616E-004
   61.240000000000009        4.7553721598155886E-004
   62.280000000000015        5.0584257965150794E-004
   63.320000000000007        5.3939501458788236E-004
   64.360000000000014        5.7387078965521489E-004
   65.400000000000006        6.1023894388581481E-004
   66.440000000000012        6.4914587997183461E-004
   67.480000000000004        6.8862142871558131E-004
   68.520000000000010        7.3218355166008802E-004
   69.560000000000002        7.7506577037677118E-004
   70.600000000000009        8.2352085294971596E-004
   71.640000000000001        8.7009285541524086E-004
   72.680000000000007        9.2366531114945630E-004
   73.720000000000013        9.7426025825015077E-004
   74.760000000000005        1.0330514675682427E-003
   75.800000000000011        1.0881695561402835E-003
   76.840000000000003        1.1520482862672485E-003
   77.880000000000010        1.2124106751959026E-003
   78.920000000000002        1.2810258177943603E-003
   79.960000000000008        1.3474651346780987E-003
   81.000000000000000        1.4204287498193666E-003
   82.040000000000006        1.4936433605053539E-003
   83.079999999999998        1.5707754857595647E-003
   84.120000000000019        1.6511220328898500E-003
   85.159999999999997        1.7325545811201824E-003
   86.200000000000017        1.8200567255683504E-003
   87.240000000000009        1.9060987813084983E-003
   88.280000000000015        2.0006493250350863E-003
   89.320000000000007        2.0915667671986596E-003
   90.360000000000014        2.1930715202962015E-003
   91.400000000000020        2.2890621672522447E-003
   92.440000000000012        2.3973063480314874E-003
   93.480000000000018        2.4987428039419685E-003
   94.520000000000010        2.6131026001335609E-003
   95.560000000000016        2.7207407956988581E-003
   96.600000000000009        2.8401376793949235E-003
   97.640000000000015        2.9549324403243984E-003
   98.680000000000007        3.0782087069405593E-003
   99.720000000000013        3.2008329538738365E-003
   100.76000000000001        3.3271762573528606E-003
   101.80000000000001        3.4577821550961121E-003
   102.84000000000000        3.5866894303949980E-003
   103.88000000000001        3.7251813986473280E-003
   104.92000000000000        3.8560722139918393E-003
   105.96000000000001        4.0024070615844358E-003
   107.00000000000000        4.1345746954104378E-003
   108.04000000000002        4.2884846379740256E-003
   109.08000000000000        4.4216170450347668E-003
   110.12000000000002        4.5820497870341032E-003
   111.16000000000001        4.7165761395011885E-003
   112.20000000000002        4.8817426633840930E-003
   113.24000000000002        5.0183854517064207E-003
   114.28000000000002        5.1864287254778339E-003
   115.32000000000002        5.3256266955917465E-003
   116.36000000000001        5.4948363436912208E-003
   117.40000000000002        5.6370066045867123E-003
   118.44000000000000        5.8052391088014325E-003
   119.48000000000002        5.9513489622818206E-003
   120.52000000000001        6.1158438039302532E-003
   121.56000000000003        6.2670453114065704E-003
   122.60000000000002        6.4252358594291759E-003
   123.64000000000001        6.5820219342212069E-003
   124.68000000000001        6.7319906909674397E-003
   125.72000000000003        6.8943977457277938E-003
   126.76000000000002        7.0341743507318661E-003
   127.80000000000001        7.2025591896226673E-003
   128.84000000000000        7.3298205786537698E-003
   129.88000000000002        7.5044574743380653E-003
   130.92000000000002        7.6174751987565367E-003
   131.96000000000001        7.7976568397082092E-003
   133.00000000000000        7.8956124076304500E-003
   134.04000000000002        8.0801611854839066E-003
   135.08000000000001        8.1621884718999036E-003
   136.12000000000000        8.3502112457374787E-003
   137.16000000000003        8.4154634011165842E-003
   138.20000000000002        8.6054585400477026E-003
   139.24000000000001        8.6543081158351673E-003
   140.28000000000000        8.8434963323308999E-003
   141.32000000000002        8.8772673056603125E-003
   142.36000000000001        9.0625816221562069E-003
   143.40000000000003        9.0826993765580500E-003
   144.44000000000003        9.2607613253982875E-003
   145.48000000000002        9.2698028145617815E-003
   146.52000000000001        9.4355683595775154E-003
   147.56000000000003        9.4379743653883828E-003
   148.60000000000002        9.5852021163154322E-003
   149.64000000000001        9.5860931172835444E-003
   150.68000000000001        9.7082450536133229E-003
   151.72000000000003        9.7136346613592647E-003
   152.76000000000002        9.8027322236582479E-003
   153.80000000000001        9.8205960283666207E-003
   154.84000000000000        9.8673009706225639E-003
   155.88000000000002        9.9062347018946985E-003
   156.92000000000002        9.9015406591171848E-003
   157.96000000000004        9.9699527573097763E-003
   159.00000000000000        9.9047667815577826E-003
   160.04000000000002        1.0011671732398890E-002
   161.08000000000001        9.8769772500546422E-003
   162.12000000000003        1.0030346262745364E-002
   163.16000000000000        9.8195320097997207E-003
   164.20000000000002        1.0024730804522108E-002
   165.24000000000004        9.7337379888817206E-003
   166.28000000000003        9.9940055733205926E-003
   167.31999999999999        9.6216894267428851E-003
   168.36000000000001        9.9362603460406134E-003
   169.40000000000003        9.4868680955537618E-003
   170.44000000000003        9.8494825850860314E-003
   171.47999999999999        9.3325147466055327E-003
   172.52000000000001        9.7321831613174561E-003
   173.56000000000003        9.1625588634963590E-003
   174.60000000000002        9.5819989104660979E-003
   175.64000000000001        8.9817102770203619E-003
   176.68000000000001        9.3971947952953896E-003
   177.72000000000003        8.7937780904458526E-003
   178.76000000000002        9.1768580788747847E-003
   179.80000000000004        8.6028919722750934E-003
   180.84000000000000        8.9198914813053091E-003
   181.88000000000002        8.4127155413845581E-003
   182.92000000000002        8.6269286722737929E-003
   183.96000000000004        8.2253435503208648E-003
   185.00000000000000        8.2995805834421010E-003
   186.04000000000002        8.0426700588555958E-003
   187.08000000000001        7.9403194179220420E-003
   188.12000000000003        7.8647548252629776E-003
   189.16000000000000        7.5539524579009759E-003
   190.20000000000002        7.6902029772989997E-003
   191.24000000000004        7.1459771140549751E-003
   192.28000000000003        7.5168496856720512E-003
   193.31999999999999        6.7236242473626331E-003
   194.36000000000001        7.3403382908392998E-003
   195.40000000000003        6.2955690620714122E-003
   196.44000000000003        7.1559766315677301E-003
   197.48000000000002        5.8707129844496045E-003
   198.52000000000001        6.9579665809917837E-003
   199.56000000000003        5.4592787890189644E-003
   200.60000000000002        6.7399604550964984E-003
   201.64000000000004        5.0708127227344678E-003
   202.68000000000001        6.4963714541910354E-003
   203.72000000000003        4.7146739461400898E-003
   204.76000000000002        6.2214346767601302E-003
   205.80000000000004        4.3991696526110317E-003
   206.84000000000000        5.9113964155598289E-003
   207.88000000000002        4.1305635573190246E-003
   208.92000000000002        5.5636543584464690E-003
   209.96000000000004        3.9135950536667869E-003
   211.00000000000000        5.1779506973275002E-003
   212.04000000000002        3.7497722223690643E-003
   213.08000000000004        4.7566585502977982E-003
   214.12000000000003        3.6384714034141106E-003
   215.16000000000000        4.3043165236105871E-003
   216.20000000000002        3.5756594650745727E-003
   217.24000000000004        3.8287468920027829E-003
   218.28000000000003        3.5548564245379533E-003
   219.31999999999999        3.3395150143106806E-003
   220.36000000000001        3.5669326934088261E-003
   221.40000000000003        2.8489201312677220E-003
   222.44000000000003        3.6006524070179139E-003
   223.48000000000005        2.3702636882452018E-003
   224.52000000000001        3.6436089853339108E-003
   225.56000000000003        1.9180764887799309E-003
   226.60000000000002        3.6823352481954448E-003
   227.64000000000004        1.5067195257934029E-003
   228.68000000000001        3.7040648940272849E-003
   229.72000000000003        1.1498637794459946E-003
   230.76000000000002        3.6964709758700019E-003
   231.80000000000004        8.5954382520085973E-004
   232.84000000000000        3.6497629947374339E-003
   233.88000000000002        6.4533113752383939E-004
   234.92000000000002        3.5561032962774081E-003
   235.96000000000004        5.1379703570131731E-004
   237.00000000000000        3.4115355780081373E-003
   238.04000000000002        4.6788352834449580E-004
   239.08000000000004        3.2150994080315876E-003
   240.12000000000003        5.0674062521724678E-004
   241.16000000000000        2.9702098080697098E-003
   242.20000000000002        6.2563151110536298E-004
   243.24000000000004        2.6834836186167320E-003
   244.28000000000003        8.1612884059450487E-004
   245.32000000000005        2.3653993158290697E-003
   246.36000000000001        1.0666586282905464E-003
   247.40000000000003        2.0288865882499545E-003
   248.44000000000005        1.3629884196353476E-003
   249.48000000000002        1.6893181023694508E-003
