  -2.8079604644415790        5.3782545176362626E-008
  -2.0573243856691610        8.6397381359748758E-008
  -1.4290083977413506        9.9097430913642786E-008
 -0.86229747477568797        5.2898728155365882E-008
 -0.33397090738748281        1.1491193220909456E-006
  0.16801704518576832        2.0743929925560991E-005
  0.65099173243784714        3.7610159911402786E-004
   1.1198918393435924        3.7903914501992535E-003
   1.5783108452737258        2.3892803743090545E-002
   2.0290312675377891        9.7078435100282745E-002
   2.4743292133970520       0.25882848882774306     
   2.9161646709655651       0.46501142633861181     
   3.3563119696108732       0.56428366197810753     
   3.7964592682561813       0.46496928236377955     
   4.2382947258246944       0.25900324306407058     
   4.6835926716839573        9.6700356886031472E-002
   5.1343130939480206        2.4003753711601423E-002
   5.5927320998781536        3.8519463445745683E-003
   6.0616322067838997        3.6906710695635490E-004
   6.5446068940359776        1.9647552384709497E-005
   7.0465948466092296        9.7599982903512536E-007
   7.5749214139974343        6.3767837173486704E-008
   8.1416323369630970        1.5751886604152983E-009
   8.7699483248909083        5.7746745408006568E-011
   9.5205844036633245        3.9117953351929120E-011
