  -5.6891884032225004        7.7505949395574691E-017
  -5.0295524760109878        1.4758264463855394E-017
  -4.4824038132988200        5.8877755864290163E-017
  -3.9931908749573775        3.2250033635579344E-017
  -3.5411049548637936        1.1292094964425475E-018
  -3.1154294189485419        1.2161461421048926E-017
  -2.7097339643678553        7.5187211981004285E-017
  -2.3197761205135889        8.2058919358140665E-016
  -1.9425675323181317        8.5079029485787519E-014
  -1.5758990300104183        3.9113447096675087E-012
  -1.2180751112622263        1.2923685233632774E-010
 -0.86775460554776229        3.1046575716838374E-009
 -0.52384961795131746        5.5372435755240143E-008
 -0.18545850760845273        7.4861458660704998E-007
  0.14818024096892568        7.7979926736756338E-006
  0.47772078533229401        6.3428894358126447E-005
  0.80373385263907160        4.0740872993008529E-004
   1.1267246506081530        2.0856845119291184E-003
   1.4471465862204074        8.5761053281035639E-003
   1.7654120073909181        2.8504863702280222E-002
   2.0819008000085164        7.6982072745917743E-002
   2.3969674259491347       0.16963071206253266     
   2.7109468253522095       0.30595597746391356     
   3.0241594982285807       0.45276533110140693     
   3.3369160080173481       0.55057316609862750     
   3.6495211017962852       0.55057313952259190     
   3.9622776115850527       0.45276534166040144     
   4.2754902844614238       0.30595599896774511     
   4.5894696838644986       0.16963069883688217     
   4.9045363098051169        7.6982080001544204E-002
   5.2210251024227148        2.8504869007191323E-002
   5.5392905235932259        8.5761018654824141E-003
   5.8597124592054808        2.0856854154011565E-003
   6.1827032571745617        4.0740907298923024E-004
   6.5087163244813393        6.3428748829777703E-005
   6.8382568688447076        7.7980003016952335E-006
   7.1718956174220860        7.4861378164038648E-007
   7.5102867277649512        5.5373198772940169E-008
   7.8541917153613952        3.1054029589682200E-009
   8.2045122210758592        1.2914704198959391E-010
   8.5623361398240512        3.8729497731669737E-012
   8.9290046421317655        8.4752913661029736E-014
   9.3062132303272218        1.3793567991377480E-015
   9.6961710741814890        5.8652880640577509E-016
   10.101866528762175        1.3635653660865550E-015
   10.527542064677426        4.7083868221919018E-016
   10.979627984771010        4.7537973900769092E-017
   11.468840923112452        1.9201984438823904E-018
   12.015989585824620        8.1746332343239634E-020
   12.675625513036133        5.3467323031008043E-019
