  -16.629509478833864        2.2650393098458870E-030
  -16.086755105929726        9.1074920855737281E-030
  -15.639752989987683        5.9843694015736506E-031
  -15.242655509972606        3.1998249620216482E-031
  -14.877946763142498        6.3725563784849520E-032
  -14.536600709088955        2.0351234183814448E-030
  -14.213203763983852        9.4575606335455497E-030
  -13.904189753562468        1.3865678472491416E-029
  -13.607053753368866        3.1906449051317273E-030
  -13.319951870041418        8.4759789190662124E-031
  -13.041477351568496        1.2906276171780559E-029
  -12.770526190723878        1.2344417382478622E-029
  -12.506211898605262        1.5806905351898972E-029
  -12.247809027167506        2.0748394059104094E-029
  -11.994714366091594        6.3068480671188013E-030
  -11.746419465057169        1.9051356094422741E-029
  -11.502490670154140        1.8440679839439042E-029
  -11.262554295905716        1.8692014648482183E-029
  -11.026285398343322        2.5745314513944110E-029
  -10.793399130164838        1.8981651536515491E-029
  -10.563643984112028        1.4479555463314329E-029
  -10.336796441464246        7.5356219069164816E-030
  -10.112656682574077        1.1126216666466142E-029
  -9.8910451114622777        2.6699725291376281E-029
  -9.6717995123443536        1.0573701138203517E-029
  -9.4547727023830390        1.5452884201369389E-029
  -9.2398305782140078        1.5107437543896466E-029
  -9.0268504779630501        1.5980983566940252E-029
  -8.8157197982791242        5.6634123940757832E-030
  -8.6063348191874436        9.2642222724819546E-030
  -8.3985996995836860        1.4491164537540498E-029
  -8.1924256138258222        1.1411535790511853E-029
  -7.9877300057571530        3.4856095689135440E-029
  -7.7844359410588435        1.7009929411760831E-029
  -7.5824715424057807        3.6689306002636132E-029
  -7.3817694947224126        3.3100801398270689E-028
  -7.1822666100804051        6.7551316304238491E-027
  -6.9839034435780709        1.2719713704328805E-025
  -6.7866239529910715        2.3334500247419264E-024
  -6.5903751961596155        3.9769599942524873E-023
  -6.3951070610365957        6.2257671578416606E-022
  -6.2007720241079056        8.9233984626792689E-021
  -6.0073249335450436        1.1716729849673438E-019
  -5.8147228139876930        1.4123283846056856E-018
  -5.6229246903015975        1.5650772677905186E-017
  -5.4318914280313066        1.5966410858274809E-016
  -5.2415855885816516        1.5014840363651762E-015
  -5.0519712974268067        1.3031998082175051E-014
  -4.8630141238699967        1.0451586350988519E-013
  -4.6746809710674029        7.7536844865794264E-013
  -4.4869399751921195        5.3264075431466744E-012
  -4.2997604127527840        3.3914090517859872E-011
  -4.1131126152005670        2.0032701192585616E-010
  -3.9269678900605394        1.0987089184032384E-009
  -3.7412984479117783        5.5996027521611223E-009
  -3.5560773346168784        2.6539292072571001E-008
  -3.3712783682677481        1.1705354985382727E-007
  -3.1868760803720182        4.8076070649868799E-007
  -3.0028456608544349        1.8398807041249571E-006
  -2.8191629064911976        6.5647149891699115E-006
  -2.6358041724333079        2.1849397326367303E-005
  -2.4527463265082488        6.7869648668639876E-005
  -2.2699667060184630        1.9684453283790021E-004
  -2.0874430767805632        5.3329339997198316E-004
  -1.9051535941715367        1.3501204706414017E-003
  -1.7230767659677173        3.1951847845215859E-003
  -1.5411914167793415        7.0709206768945288E-003
  -1.3594766538983880        1.4636522695282593E-002
  -1.1779118343903048        2.8346118471442843E-002
 -0.99647653327140173        5.1373769277360544E-002
 -0.81515051262328742        8.7149854622140019E-002
 -0.63391369150388610       0.13840176122900308     
 -0.45274611652143026       0.20579073152618688     
 -0.27162793294346238       0.28652738421707941     
  -9.0539356217393022E-002  0.37359145380120140     
   9.0539356217393022E-002  0.45618403276250946     
  0.27162793294346238       0.52168100950522922     
  0.45274611652143026       0.55871304859591775     
  0.63391369150388610       0.56037151549895636     
  0.81515051262328742       0.52630667191829184     
  0.99647653327140173       0.46284638168615400     
   1.1779118343903048       0.38108071542228900     
   1.3594766538983880       0.29370632839233962     
   1.5411914167793415       0.21185905715193445     
   1.7230767659677173       0.14299674747655527     
   1.9051535941715367        9.0291166241989129E-002
   2.0874430767805632        5.3319399299484427E-002
   2.2699667060184630        2.9438320146017879E-002
   2.4527463265082488        1.5190817751901302E-002
   2.6358041724333079        7.3236479593565967E-003
   2.8191629064911976        3.2974224543083799E-003
   3.0028456608544349        1.3858924605877454E-003
   3.1868760803720182        5.4347938115231200E-004
   3.3712783682677481        1.9875094987178879E-004
   3.5560773346168784        6.7743014840051177E-005
   3.7412984479117783        2.1507375345268053E-005
   3.9269678900605394        6.3561975429352294E-006
   4.1131126152005670        1.7474072962126925E-006
   4.2997604127527840        4.4653620929721358E-007
   4.4869399751921195        1.0598447251714781E-007
   4.6746809710674029        2.3344534041628091E-008
   4.8630141238699967        4.7675567081751296E-009
   5.0519712974268067        9.0190139095035509E-010
   5.2415855885816516        1.5788202752988553E-010
   5.4318914280313066        2.5547367443988348E-011
   5.6229246903015975        3.8167918377429506E-012
   5.8147228139876930        5.2584337220570315E-013
   6.0073249335450436        6.6719413372609554E-014
   6.2007720241079056        7.7854077212549760E-015
   6.3951070610365957        8.3425697571469371E-016
   6.5903751961596155        8.1963597041702466E-017
   6.7866239529910715        7.3707768570561589E-018
   6.9839034435780709        6.0561327772212312E-019
   7.1822666100804051        4.5378613733749547E-020
   7.3817694947224126        3.0938592820743346E-021
   7.5824715424057807        1.9148379182660975E-022
   7.7844359410588435        1.0694052849137811E-023
   7.9877300057571530        5.4556336251482632E-025
   8.1924256138258222        2.3112726561632676E-026
   8.3985996995836860        8.8309211137030502E-028
   8.6063348191874436        4.2609539855116567E-029
   8.8157197982791242        2.5872270519230765E-029
   9.0268504779630501        1.4209990779540120E-029
   9.2398305782140078        1.8018281956345528E-029
   9.4547727023830390        2.9426118536658503E-030
   9.6717995123443536        2.2754899600521441E-030
   9.8910451114622777        8.1244038087403604E-030
   10.112656682574077        1.6142265148333393E-029
   10.336796441464246        5.0569080463053534E-030
   10.563643984112028        6.0042752667203083E-032
   10.793399130164838        2.4450518621067771E-029
   11.026285398343322        1.1168904717445804E-029
   11.262554295905716        3.4592197416859655E-029
   11.502490670154140        2.6582186664145107E-029
   11.746419465057169        1.8080634230162638E-029
   11.994714366091594        2.1632596553691642E-029
   12.247809027167506        1.1361911043550221E-030
   12.506211898605262        9.6065301507320547E-030
   12.770526190723878        6.1675053865442058E-030
   13.041477351568496        3.4356169796550158E-030
   13.319951870041418        4.4092500447732736E-031
   13.607053753368866        1.3687737386922722E-029
   13.904189753562468        4.9560207184028707E-030
   14.213203763983852        2.4570344894750396E-029
   14.536600709088955        1.4552493524240497E-029
   14.877946763142498        3.9978792011230113E-030
   15.242655509972606        4.3666492526841874E-029
   15.639752989987683        2.6550191621661084E-030
   16.086755105929726        2.5592670946642418E-030
   16.629509478833864        2.1726011580745340E-030
