  -9.4800000000000004        2.5201530708520358E-008
  -8.4399999999999995        2.2932438190105009E-007
  -7.3999999999999995        6.3944445923007955E-007
  -6.3599999999999994        1.2776340519905856E-006
  -5.3199999999999994        2.1815353142901187E-006
  -4.2799999999999994        3.4528685289968229E-006
  -3.2400000000000002        5.2471845504468315E-006
  -2.1999999999999993        7.8414579596210664E-006
  -1.1600000000000001        1.1620255841484930E-005
 -0.11999999999999922        1.7165186378290896E-005
  0.92000000000000171        2.5236907264981228E-005
   1.9600000000000009        3.6921662500655695E-005
   3.0000000000000000        5.3579475813948507E-005
   4.0400000000000027        7.7133258327509389E-005
   5.0800000000000018        1.0988190508088249E-004
   6.1200000000000010        1.5508729693641620E-004
   7.1600000000000001        2.1644516868196808E-004
   8.2000000000000028        2.9919439094190956E-004
   9.2400000000000020        4.0896036650303700E-004
   10.280000000000005        5.5358292058761184E-004
   11.320000000000004        7.4115370959081919E-004
   12.360000000000003        9.8242881349501856E-004
   13.400000000000002        1.2884054671480508E-003
   14.440000000000001        1.6723693115491835E-003
   15.480000000000000        2.1483317868745476E-003
   16.520000000000000        2.7307638283298702E-003
   17.560000000000002        3.4358821105822733E-003
   18.600000000000005        4.2772973287439195E-003
   19.640000000000004        5.2707329580880570E-003
   20.680000000000003        6.4269164464864142E-003
   21.720000000000002        7.7560133153585448E-003
   22.760000000000005        9.2639041915249121E-003
   23.800000000000004        1.0949553126108525E-002
   24.840000000000003        1.2810284467351826E-002
   25.880000000000003        1.4831536771898451E-002
   26.920000000000002        1.6995517099508525E-002
   27.960000000000001        1.9275962755161070E-002
   29.000000000000007        2.1635798891138015E-002
   30.040000000000006        2.4037199249668233E-002
   31.080000000000005        2.6430001132457599E-002
   32.119999999999997        2.8761729906807681E-002
   33.160000000000004        3.0980129188458310E-002
   34.200000000000003        3.3024756269993377E-002
   35.240000000000009        3.4843184969445808E-002
   36.280000000000008        3.6385689226067795E-002
   37.320000000000007        3.7603222666697023E-002
   38.360000000000007        3.8463037571669287E-002
   39.400000000000006        3.8938689469617427E-002
   40.440000000000005        3.9011595197599239E-002
   41.480000000000004        3.8683273092744101E-002
   42.520000000000010        3.7963129167813088E-002
   43.560000000000009        3.6869445275872069E-002
   44.600000000000009        3.5438657911338246E-002
   45.640000000000008        3.3712879870950584E-002
   46.680000000000007        3.1737623022391692E-002
   47.720000000000006        2.9569621352687821E-002
   48.760000000000005        2.7266814217695497E-002
   49.800000000000004        2.4882280634088046E-002
   50.840000000000003        2.2471090840611566E-002
   51.880000000000003        2.0085863690848929E-002
   52.920000000000002        1.7768774259853501E-002
   53.960000000000001        1.5555887765173205E-002
   55.000000000000000        1.3479269567913321E-002
   56.040000000000006        1.1561055483028203E-002
   57.080000000000013        9.8135573295457367E-003
   58.120000000000005        8.2444439360445532E-003
   59.160000000000011        6.8562758776777380E-003
   60.200000000000017        5.6441383858886239E-003
   61.240000000000009        4.5983523429266402E-003
   62.280000000000015        3.7078712546429336E-003
   63.320000000000007        2.9598187788141272E-003
   64.360000000000014        2.3387815473691681E-003
   65.400000000000006        1.8287384770717520E-003
   66.440000000000012        1.4149232256134286E-003
   67.480000000000004        1.0835783400696003E-003
   68.520000000000010        8.2135624709321218E-004
   69.560000000000002        6.1590955535655251E-004
   70.600000000000009        4.5671707766291347E-004
   71.640000000000001        3.3500526663108758E-004
   72.680000000000007        2.4318455515495865E-004
   73.720000000000013        1.7465866590149883E-004
   74.760000000000005        1.2400383878290213E-004
   75.800000000000011        8.7005188337920263E-005
   76.840000000000003        6.0392235180519956E-005
   77.880000000000010        4.1536176828134726E-005
   78.920000000000002        2.8319496426941419E-005
   79.960000000000008        1.9122227842501523E-005
   81.000000000000000        1.2779254422840893E-005
   82.040000000000006        8.4681587294056866E-006
   83.079999999999998        5.5882277967846580E-006
   84.120000000000019        3.6866676893555660E-006
   85.159999999999997        2.4308278556932635E-006
   86.200000000000017        1.5940126679253060E-006
   87.240000000000009        1.0332458513085655E-006
   88.280000000000015        6.6030760803719377E-007
   89.320000000000007        4.1709795877247780E-007
   90.360000000000014        2.6162956717744754E-007
   91.400000000000020        1.6290309119668364E-007
   92.440000000000012        9.9495473799259985E-008
   93.480000000000018        5.8121785201783977E-008
   94.520000000000010        3.1268530311412949E-008
   95.560000000000016        1.4660087945665573E-008
   96.600000000000009        5.4271810369784039E-009
   97.640000000000015        1.2324649732547728E-009
   98.680000000000007        8.5103152822838760E-011
   99.720000000000013        4.3093258759633048E-010
   100.76000000000001        1.2297273383570297E-009
   101.80000000000001        1.9196895513312875E-009
   102.84000000000000        2.2945046458199240E-009
   103.88000000000001        2.3570884037590918E-009
   104.92000000000000        2.1990387636771542E-009
   105.96000000000001        1.9246001005531185E-009
   107.00000000000000        1.6152068481516088E-009
   108.04000000000002        1.3210242500490303E-009
   109.08000000000000        1.0658845401411892E-009
   110.12000000000002        8.5621150108450373E-010
   111.16000000000001        6.8908067282780672E-010
   112.20000000000002        5.5779237268457798E-010
   113.24000000000002        4.5503778266043831E-010
   114.28000000000002        3.7434555341719781E-010
   115.32000000000002        3.1052057226681690E-010
   116.36000000000001        2.5959593013958795E-010
   117.40000000000002        2.1860907707085641E-010
   118.44000000000000        1.8535667261233318E-010
   119.48000000000002        1.5818831787417161E-010
   120.52000000000001        1.3585183569133146E-010
   121.56000000000003        1.1738355047065683E-010
   122.60000000000002        1.0203214204132975E-010
   123.64000000000001        8.9205682923551119E-011
   124.68000000000001        7.8434127583425639E-011
   125.72000000000003        6.9342044557791856E-011
   126.76000000000002        6.1628257954209427E-011
   127.80000000000001        5.5050301618549596E-011
   128.84000000000000        4.9412351692840517E-011
   129.88000000000002        4.4555759299453961E-011
   130.92000000000002        4.0351575333823683E-011
   131.96000000000001        3.6694629208337097E-011
   133.00000000000000        3.3498829442380221E-011
   134.04000000000002        3.0693429978760524E-011
   135.08000000000001        2.8220059587960020E-011
   136.12000000000000        2.6030357247649971E-011
   137.16000000000003        2.4084085251066553E-011
   138.20000000000002        2.2347621351036332E-011
   139.24000000000001        2.0792751084962863E-011
   140.28000000000000        1.9395696904796045E-011
   141.32000000000002        1.8136336462941526E-011
   142.36000000000001        1.6997570637266609E-011
   143.40000000000003        1.5964810311079154E-011
   144.44000000000003        1.5025559298294871E-011
   145.48000000000002        1.4169073049588986E-011
   146.52000000000001        1.3386078673968064E-011
   147.56000000000003        1.2668544950379367E-011
   148.60000000000002        1.2009491797786301E-011
   149.64000000000001        1.1402832110654845E-011
   150.68000000000001        1.0843240739988365E-011
   151.72000000000003        1.0326044583484017E-011
   152.76000000000002        9.8471299722147749E-012
   153.80000000000001        9.4028657084351350E-012
   154.84000000000000        8.9900375889795779E-012
   155.88000000000002        8.6057924201995995E-012
   156.92000000000002        8.2475912336633456E-012
   157.96000000000004        7.9131693487035228E-012
   159.00000000000000        7.6005014093788131E-012
   160.04000000000002        7.3077720498003199E-012
   161.08000000000001        7.0333507896309156E-012
   162.12000000000003        6.7757698461197117E-012
   163.16000000000000        6.5337051515456149E-012
   164.20000000000002        6.3059600086335881E-012
   165.24000000000004        6.0914507307493018E-012
   166.28000000000003        5.8891942121808083E-012
   167.31999999999999        5.6982969266711354E-012
   168.36000000000001        5.5179453336141067E-012
   169.40000000000003        5.3473976550100196E-012
   170.44000000000003        5.1859763700090458E-012
   171.47999999999999        5.0330615632875370E-012
   172.52000000000001        4.8880853347187899E-012
   173.56000000000003        4.7505267970825131E-012
   174.60000000000002        4.6199071756463502E-012
   175.64000000000001        4.4957860060359800E-012
   176.68000000000001        4.3777576657546314E-012
   177.72000000000003        4.2654479245160139E-012
   178.76000000000002        4.1585111253177933E-012
   179.80000000000004        4.0566277475487126E-012
   180.84000000000000        3.9595020327685558E-012
   181.88000000000002        3.8668598401087320E-012
   182.92000000000002        3.7784468435712037E-012
   183.96000000000004        3.6940269604135993E-012
   185.00000000000000        3.6133806470908495E-012
   186.04000000000002        3.5363036033374575E-012
   187.08000000000001        3.4626056115859188E-012
   188.12000000000003        3.3921093359704843E-012
   189.16000000000000        3.3246492463421915E-012
   190.20000000000002        3.2600708487162451E-012
   191.24000000000004        3.1982297217031812E-012
   192.28000000000003        3.1389907689693737E-012
   193.31999999999999        3.0822274973380375E-012
   194.36000000000001        3.0278215011174442E-012
   195.40000000000003        2.9756617802312425E-012
   196.44000000000003        2.9256440556900082E-012
   197.48000000000002        2.8776705924230467E-012
   198.52000000000001        2.8316496546935017E-012
   199.56000000000003        2.7874948083842229E-012
   200.60000000000002        2.7451248737690493E-012
   201.64000000000004        2.7044636160804303E-012
   202.68000000000001        2.6654390821954776E-012
   203.72000000000003        2.6279834787488155E-012
   204.76000000000002        2.5920331257267137E-012
   205.80000000000004        2.5575278927117394E-012
   206.84000000000000        2.5244109683087594E-012
   207.88000000000002        2.4926289474011131E-012
   208.92000000000002        2.4621313121724410E-012
   209.96000000000004        2.4328703722141503E-012
   211.00000000000000        2.4048012311793598E-012
   212.04000000000002        2.3778813295745462E-012
   213.08000000000004        2.3520704863588155E-012
   214.12000000000003        2.3273308703592212E-012
   215.16000000000000        2.3036266699819771E-012
   216.20000000000002        2.2809239776290112E-012
   217.24000000000004        2.2591908136113691E-012
   218.28000000000003        2.2383970547703217E-012
   219.31999999999999        2.2185141280601995E-012
   220.36000000000001        2.1995150649486237E-012
   221.40000000000003        2.1813744455607323E-012
   222.44000000000003        2.1640683002079829E-012
   223.48000000000005        2.1475739670974668E-012
   224.52000000000001        2.1318700468451331E-012
   225.56000000000003        2.1169364728573143E-012
   226.60000000000002        2.1027543301087226E-012
   227.64000000000004        2.0893057782855805E-012
   228.68000000000001        2.0765740535738575E-012
   229.72000000000003        2.0645434922365202E-012
   230.76000000000002        2.0531993928730852E-012
   231.80000000000004        2.0425279677070016E-012
   232.84000000000000        2.0325163668056381E-012
   233.88000000000002        2.0231526379391677E-012
   234.92000000000002        2.0144256622809751E-012
   235.96000000000004        2.0063251413452896E-012
   237.00000000000000        1.9988415614457568E-012
   238.04000000000002        1.9919662412404694E-012
   239.08000000000004        1.9856911854493733E-012
   240.12000000000003        1.9800091055175528E-012
   241.16000000000000        1.9749135145206594E-012
   242.20000000000002        1.9703986133076625E-012
   243.24000000000004        1.9664591959697337E-012
   244.28000000000003        1.9630907423895190E-012
   245.32000000000005        1.9602895397588893E-012
   246.36000000000001        1.9580523810736608E-012
   247.40000000000003        1.9563766706381085E-012
   248.44000000000005        1.9552605788687288E-012
   249.48000000000002        1.9547028791740465E-012
