  -9.5999999999999996       -1.7519018824646297E-016   2.2890343784450951E-016 -0.19599567244138813     
  -8.8000000000000007       -1.0293672596069503      -0.35357949709918129        3.5672127102131960E-016
  -8.0000000000000000       -9.0563160870295923E-016   6.6407748997476690E-016 -0.38147705998071640     
  -7.1999999999999993        1.1703884671702860       -1.2191743508511452       -8.9483735744607706E-016
  -6.4000000000000004       -2.6858178968130280E-016  -7.7090595069930565E-016  -1.3122578531965590     
  -5.5999999999999996       0.43796205245708497        1.3831863702921565        1.9812947480380061E-015
  -4.7999999999999998       -1.7948958416345091E-016   3.7030072337163356E-016   1.4917393900953486     
  -3.9999999999999991       0.29332532514836679       0.52024092421948676       -5.0777843123944073E-016
  -3.1999999999999993       -1.5456844126508783E-016   4.5865412074729209E-016  0.56404997750256647     
  -2.3999999999999995       0.23368281926822937       0.35217717784877817       -9.5425002981357311E-016
  -1.5999999999999996        7.5031362099450461E-016  -2.8456415173025962E-015  0.38504046776546141     
 -0.79999999999999893       0.20332275977294917       0.28505077312748828       -1.1979879227215446E-015
   1.7763568394002505E-015  -1.2474391638434514E-015  -1.5984954652268573E-015  0.31532691284857428     
  0.80000000000000071       0.18729950825882910       0.25340372244246301        1.5279336761905444E-015
   1.6000000000000014       -1.2010359523428124E-015   1.0264193622608159E-015  0.28483602975838263     
   2.4000000000000004       0.18024297470075057       0.24019362972811181       -1.6324245810650026E-015
   3.2000000000000011        5.1142054219881491E-016   3.5875407950042190E-016  0.19516165734126315     
   4.0000000000000000       -1.4854457042658219E-002  -1.1939713281884069E-002   1.6617419019127937E-015
   4.8000000000000007       -3.5568044178752066E-016   4.6595169877061402E-016  -2.1738075487186814E-002
   5.6000000000000014       -4.7516468690782951E-002  -3.7619070337808168E-002   2.3769583664614881E-015
   6.4000000000000021        6.2444228706530819E-016   4.0332169226604117E-016  -4.6491222977439066E-002
   7.2000000000000028       -9.1041971729267979E-002  -6.9557775086535975E-002  -6.1423634577285567E-016
   8.0000000000000036        1.1021493382707134E-015   1.0478092719472709E-015  -7.8587459718587438E-002
   8.8000000000000007      -0.16290092875570167      -0.11577889210942485       -1.9084838390906527E-015
   9.6000000000000014        8.3850708801734546E-016  -9.8337600431531739E-016 -0.12635674323394469     
