  -6.1642724340524522        5.2138323817021593E-003
  -5.4136363552800342        7.6479489294641018E-002
  -4.7853203673522238       0.30449731113352962     
  -4.2186094443865612       0.53786104540339197     
  -3.6902828769983560       0.51258453296255180     
  -3.1882949244251049       0.29193325761874078     
  -2.7053202371730261       0.10555104215195081     
  -2.2364201302672808        2.5158011112650366E-002
  -1.7780011243371474        4.0475482709379940E-003
  -1.3272807020730839        4.4573168575032631E-004
 -0.88198275621382138        3.3822088078153680E-005
 -0.44014729864530833        1.7693183504970809E-006
   0.0000000000000000        6.3491173359333017E-008
  0.44014729864530833        1.5464977532642151E-009
  0.88198275621382138        2.5151072531767122E-011
   1.3272807020730839        2.6679798813928064E-013
   1.7780011243371474        1.7880300071710560E-015
   2.2364201302672808        7.2516620419948113E-018
   2.7053202371730261        1.6786962222038249E-020
   3.1882949244251049        2.0452259562047557E-023
   3.6902828769983560        1.1669537799687229E-026
   4.2186094443865612        2.6107737870671820E-030
   4.7853203673522238        1.7051861128227432E-034
   5.4136363552800342        1.8439393873492995E-039
   6.1642724340524522        7.6454845690782471E-046
