  -16.629509478833864                            NaN
  -16.086755105929726                            NaN
  -15.639752989987683                            NaN
  -15.242655509972606                            NaN
  -14.877946763142498                            NaN
  -14.536600709088955                            NaN
  -14.213203763983852                            NaN
  -13.904189753562468                            NaN
  -13.607053753368866                            NaN
  -13.319951870041418                            NaN
  -13.041477351568496                            NaN
  -12.770526190723878                            NaN
  -12.506211898605262                            NaN
  -12.247809027167506                            NaN
  -11.994714366091594                            NaN
  -11.746419465057169                            NaN
  -11.502490670154140                            NaN
  -11.262554295905716                            NaN
  -11.026285398343322                            NaN
  -10.793399130164838                            NaN
  -10.563643984112028                            NaN
  -10.336796441464246                            NaN
  -10.112656682574077                            NaN
  -9.8910451114622777                            NaN
  -9.6717995123443536                            NaN
  -9.4547727023830390                            NaN
  -9.2398305782140078                            NaN
  -9.0268504779630501                            NaN
  -8.8157197982791242                            NaN
  -8.6063348191874436                            NaN
  -8.3985996995836860                            NaN
  -8.1924256138258222                            NaN
  -7.9877300057571530                            NaN
  -7.7844359410588435                            NaN
  -7.5824715424057807                            NaN
  -7.3817694947224126                            NaN
  -7.1822666100804051                            NaN
  -6.9839034435780709                            NaN
  -6.7866239529910715                            NaN
  -6.5903751961596155                            NaN
  -6.3951070610365957                            NaN
  -6.2007720241079056                            NaN
  -6.0073249335450436                            NaN
  -5.8147228139876930                            NaN
  -5.6229246903015975                            NaN
  -5.4318914280313066                            NaN
  -5.2415855885816516                            NaN
  -5.0519712974268067                            NaN
  -4.8630141238699967                            NaN
  -4.6746809710674029                            NaN
  -4.4869399751921195                            NaN
  -4.2997604127527840                            NaN
  -4.1131126152005670                            NaN
  -3.9269678900605394                            NaN
  -3.7412984479117783                            NaN
  -3.5560773346168784                            NaN
  -3.3712783682677481                            NaN
  -3.1868760803720182                            NaN
  -3.0028456608544349                            NaN
  -2.8191629064911976                            NaN
  -2.6358041724333079                            NaN
  -2.4527463265082488                            NaN
  -2.2699667060184630                            NaN
  -2.0874430767805632                            NaN
  -1.9051535941715367                            NaN
  -1.7230767659677173                            NaN
  -1.5411914167793415                            NaN
  -1.3594766538983880                            NaN
  -1.1779118343903048                            NaN
 -0.99647653327140173                            NaN
 -0.81515051262328742                            NaN
 -0.63391369150388610                            NaN
 -0.45274611652143026                            NaN
 -0.27162793294346238                            NaN
  -9.0539356217393022E-002                       NaN
   9.0539356217393022E-002                       NaN
  0.27162793294346238                            NaN
  0.45274611652143026                            NaN
  0.63391369150388610                            NaN
  0.81515051262328742                            NaN
  0.99647653327140173                            NaN
   1.1779118343903048                            NaN
   1.3594766538983880                            NaN
   1.5411914167793415                            NaN
   1.7230767659677173                            NaN
   1.9051535941715367                            NaN
   2.0874430767805632                            NaN
   2.2699667060184630                            NaN
   2.4527463265082488                            NaN
   2.6358041724333079                            NaN
   2.8191629064911976                            NaN
   3.0028456608544349                            NaN
   3.1868760803720182                            NaN
   3.3712783682677481                            NaN
   3.5560773346168784                            NaN
   3.7412984479117783                            NaN
   3.9269678900605394                            NaN
   4.1131126152005670                            NaN
   4.2997604127527840                            NaN
   4.4869399751921195                            NaN
   4.6746809710674029                            NaN
   4.8630141238699967                            NaN
   5.0519712974268067                            NaN
   5.2415855885816516                            NaN
   5.4318914280313066                            NaN
   5.6229246903015975                            NaN
   5.8147228139876930                            NaN
   6.0073249335450436                            NaN
   6.2007720241079056                            NaN
   6.3951070610365957                            NaN
   6.5903751961596155                            NaN
   6.7866239529910715                            NaN
   6.9839034435780709                            NaN
   7.1822666100804051                            NaN
   7.3817694947224126                            NaN
   7.5824715424057807                            NaN
   7.7844359410588435                            NaN
   7.9877300057571530                            NaN
   8.1924256138258222                            NaN
   8.3985996995836860                            NaN
   8.6063348191874436                            NaN
   8.8157197982791242                            NaN
   9.0268504779630501                            NaN
   9.2398305782140078                            NaN
   9.4547727023830390                            NaN
   9.6717995123443536                            NaN
   9.8910451114622777                            NaN
   10.112656682574077                            NaN
   10.336796441464246                            NaN
   10.563643984112028                            NaN
   10.793399130164838                            NaN
   11.026285398343322                            NaN
   11.262554295905716                            NaN
   11.502490670154140                            NaN
   11.746419465057169                            NaN
   11.994714366091594                            NaN
   12.247809027167506                            NaN
   12.506211898605262                            NaN
   12.770526190723878                            NaN
   13.041477351568496                            NaN
   13.319951870041418                            NaN
   13.607053753368866                            NaN
   13.904189753562468                            NaN
   14.213203763983852                            NaN
   14.536600709088955                            NaN
   14.877946763142498                            NaN
   15.242655509972606                            NaN
   15.639752989987683                            NaN
   16.086755105929726                            NaN
   16.629509478833864                            NaN
