  -5.9778324966368563        2.7673563947008946E-015
  -5.3181965694253437        1.2156402585289122E-015
  -4.7710479067131759        1.7096443803039880E-016
  -4.2818349683717338        4.6878597020913109E-017
  -3.8297490482781500        3.0207527657357322E-016
  -3.4040735123628982        4.0536131343985032E-016
  -2.9983780577822117        2.8401292321605740E-016
  -2.6084202139279453        1.4312961279812867E-015
  -2.2312116257324881        8.3751957324299902E-014
  -1.8645431234247747        3.8516140530077413E-012
  -1.5067192046765827        1.2991508015679566E-010
  -1.1563986989621187        3.1014829272006888E-009
 -0.81249371136567383        5.5377600143181132E-008
 -0.47410260102280910        7.4862996180964340E-007
 -0.14046385244543069        7.7979183770643800E-006
  0.18907669191793763        6.3428839823113670E-005
  0.51508975922471523        4.0740990929138493E-004
  0.83808055719379659        2.0856809448272016E-003
   1.1585024928060510        8.5761096137312743E-003
   1.4767679139765617        2.8504868564761848E-002
   1.7932567065941603        7.6982054243756676E-002
   2.1083233325347788       0.16963073274505078     
   2.4223027319378536       0.30595600133189027     
   2.7355154048142243       0.45276526481018498     
   3.0482719146029917       0.55057322339659698     
   3.3608770083819288       0.55057317020629037     
   3.6736335181706963       0.45276523865810597     
   3.9868461910470669       0.30595607689925014     
   4.3008255904501418       0.16963069175547238     
   4.6158922163907601        7.6982044841579361E-002
   4.9323810090083589        2.8504889342072969E-002
   5.2506464301788700        8.5761037978189132E-003
   5.5710683657911240        2.0856780307795040E-003
   5.8940591637602058        4.0741168391462512E-004
   6.2200722310669825        6.3429163065966687E-005
   6.5496127754303508        7.7974567288316822E-006
   6.8832515240077292        7.4873523566373220E-007
   7.2216426343505944        5.5387565875260780E-008
   7.5655476219470392        3.0941707884407123E-009
   7.9158681276615033        1.3040112141529544E-010
   8.2736920464096961        4.1668203924064941E-012
   8.6403605487174087        3.2238675962339340E-014
   9.0175691369128650        3.2488353650232479E-015
   9.4075269807671322        4.2572979879178918E-014
   9.8132224353478179        9.7223203704028986E-014
   10.238897971263071        4.5121787283810774E-014
   10.690983891356655        6.6236078122849537E-015
   11.180196829698097        2.5463321617245928E-016
   11.727345492410265        3.0869787791993263E-017
   12.386981419621776        2.7686022724707363E-017
