  -13.147218198318800        7.0427999157430501E-020
  -12.487582271107287        1.4548485613559813E-019
  -11.940433608395120        1.0154119890474409E-018
  -11.451220670053678        2.9924789755640777E-017
  -10.999134749960094        2.8805350894051270E-016
  -10.573459214044842        7.7354120379658788E-016
  -10.167763759464156        3.3866200987743557E-016
  -9.7778059156098891        8.3220055823836729E-016
  -9.4005973274144328        8.6822298947746143E-014
  -9.0339288251067185        4.0500933264176620E-012
  -8.6761049063585265        1.2948179394269891E-010
  -8.3257844006440624        3.1005435795783732E-009
  -7.9818794130476185        5.5371986059241024E-008
  -7.6434883027047533        7.4867113504847033E-007
  -7.3098495541273749        7.7978955570783567E-006
  -6.9803090097640066        6.3428657563409298E-005
  -6.6542959424572290        4.0740981287231705E-004
  -6.3313051444881481        2.0856837656702005E-003
  -6.0108832088758932        8.5761032198014512E-003
  -5.6926177877053821        2.8504872711661949E-002
  -5.3761289950877842        7.6982068691576269E-002
  -5.0610623691471659       0.16963071057295850     
  -4.7470829697440911       0.30595600575925269     
  -4.4338702968677204       0.45276531689362359     
  -4.1211137870789525       0.55057316085524199     
  -3.8085086933000154       0.55057316947235668     
  -3.4957521835112479       0.45276530961156403     
  -3.1825395106348768       0.30595599198900270     
  -2.8685601112318020       0.16963071099473792     
  -2.5534934852911837        7.6982065714889053E-002
  -2.2370046926735854        2.8504868395066232E-002
  -1.9187392715030747        8.5761040558064734E-003
  -1.5983173358908203        2.0856842013845336E-003
  -1.2753265379217389        4.0740901942365259E-004
 -0.94931347061496130        6.3428827833626075E-005
 -0.61977292625159297        7.7979852255105108E-006
 -0.28613417767421456        7.4862041584662506E-007
   5.2256932668650169E-002   5.5372224529833878E-008
  0.39616192026509500        3.1042000044706086E-009
  0.74648242597955905        1.2936335570296405E-010
   1.1043063447277510        3.9026391099496409E-012
   1.4709748470354644        8.3162529925851121E-014
   1.8481834352309217        1.2399134607650720E-015
   2.2381412790851880        5.0801523433662356E-018
   2.6438367336658746        1.6904706147750695E-017
   3.0695122695811263        2.0607818125618438E-017
   3.5215981896747102        1.2508745137465268E-017
   4.0108111280161527        3.9937418726553359E-018
   4.5579597907283205        2.3478415110130471E-017
   5.2175957179398331        8.7284759826927150E-017
