  -7.0420358128450085        3.4799802054150713E-010
  -6.2913997340725905        6.8739107592172143E-010
  -5.6630837461447801        6.8718391436754195E-009
  -5.0963728231791174        4.6823605927335806E-008
  -4.5680462557909127        5.0298317471308839E-007
  -4.0660583032176616        2.1138699098281635E-005
  -3.5830836159655823        3.8044256630139617E-004
  -3.1141835090598371        3.8228725557378205E-003
  -2.6557645031297037        2.3928297513831687E-002
  -2.2050440808656404        9.6773910379185854E-002
  -1.7597461350063779       0.25895804521140842     
  -1.3179106774378648       0.46506586923521198     
 -0.87776337879255639       0.56448313047175724     
 -0.43761608014724807       0.46477130255914884     
   4.2193774212649915E-003  0.25895492747944870     
  0.44951732328052751        9.6878691110960119E-002
  0.90023774554459102        2.3983929338803688E-002
   1.3586567514747245        3.7920161478662180E-003
   1.8275568583804698        3.7455427654726006E-004
   2.3105315456325486        1.8821057221338451E-005
   2.8125194982057997        1.2824721703956356E-006
   3.3408460655940049        8.7995745575292066E-009
   3.9075569885596675        2.9484145353895948E-007
   4.5358729764874779        1.1050869966383421E-007
   5.2865090552598959        1.3343107282827677E-009
