  -16.629509478833864        7.3595408758230365E-030
  -16.086755105929726        6.6868898906735398E-030
  -15.639752989987683        3.8880138750324433E-030
  -15.242655509972606        1.6349905590380645E-030
  -14.877946763142498        8.1329850455405177E-030
  -14.536600709088955        1.0124505540337354E-029
  -14.213203763983852        1.8941176438318976E-030
  -13.904189753562468        3.4283811151303582E-029
  -13.607053753368866        2.2043722258055503E-029
  -13.319951870041418        1.2354013899011156E-029
  -13.041477351568496        7.4120391004868563E-030
  -12.770526190723878        2.9573826939942694E-029
  -12.506211898605262        3.1078589472609167E-029
  -12.247809027167506        3.2388756171408032E-029
  -11.994714366091594        1.6799129839984913E-029
  -11.746419465057169        1.0852934608960487E-029
  -11.502490670154140        1.6561887632813853E-029
  -11.262554295905716        3.6306540588351730E-030
  -11.026285398343322        2.1440895550212208E-029
  -10.793399130164838        2.3010603008491173E-030
  -10.563643984112028        2.4605433051319456E-029
  -10.336796441464246        2.9020091792296585E-030
  -10.112656682574077        1.3806885970147296E-029
  -9.8910451114622777        9.0829478828153027E-030
  -9.6717995123443536        2.1206212378588014E-029
  -9.4547727023830390        1.4172999665021720E-029
  -9.2398305782140078        2.2831523498913396E-029
  -9.0268504779630501        8.5648609855143628E-030
  -8.8157197982791242        1.2749897387001546E-029
  -8.6063348191874436        2.4597786246599760E-029
  -8.3985996995836860        6.3439528962297517E-029
  -8.1924256138258222        4.3526008565509780E-029
  -7.9877300057571530        1.0271766309413694E-029
  -7.7844359410588435        1.7378119336063674E-031
  -7.5824715424057807        8.4031812931222979E-030
  -7.3817694947224126        5.3137225714199208E-033
  -7.1822666100804051        7.5721527013527544E-030
  -6.9839034435780709        1.5777241015472750E-028
  -6.7866239529910715        9.2105547631012244E-027
  -6.5903751961596155        1.7994667563658358E-025
  -6.3951070610365957        3.2477456317411427E-024
  -6.2007720241079056        5.3650105677896697E-023
  -6.0073249335450436        8.1299891062783317E-022
  -5.8147228139876930        1.1297878079928864E-020
  -5.6229246903015975        1.4420019545128382E-019
  -5.4318914280313066        1.6935248367694282E-018
  -5.2415855885816516        1.8324303990800139E-017
  -5.0519712974268067        1.8290141066259725E-016
  -4.8630141238699967        1.6860773747912172E-015
  -4.6746809710674029        1.4371203276184344E-014
  -4.4869399751921195        1.1337561225129449E-013
  -4.2997604127527840        8.2867813889988373E-013
  -4.1131126152005670        5.6168839782489595E-012
  -3.9269678900605394        3.5336845936455636E-011
  -3.7412984479117783        2.0650919415845310E-010
  -3.5560773346168784        1.1219281090560073E-009
  -3.3712783682677481        5.6704649010748143E-009
  -3.1868760803720182        2.6680529181267735E-008
  -3.0028456608544349        1.1694118551592716E-007
  -2.8191629064911976        4.7774347124749650E-007
  -2.6358041724333079        1.8201856185140644E-006
  -2.4527463265082488        6.4707232771160480E-006
  -2.2699667060184630        2.1473979161455106E-005
  -2.0874430767805632        6.6555718175987798E-005
  -1.9051535941715367        1.9272884852652606E-004
  -1.7230767659677173        5.2162349873623062E-004
  -1.5411914167793415        1.3199661700363313E-003
  -1.3594766538983880        3.1238905135462028E-003
  -1.1779118343903048        6.9163115763457520E-003
 -0.99647653327140173        1.4328607262562935E-002
 -0.81515051262328742        2.7782788209845789E-002
 -0.63391369150388610        5.0427662361933426E-002
 -0.45274611652143026        8.5693705287686314E-002
 -0.27162793294346238       0.13635445295154514     
  -9.0539356217393022E-002  0.20317521361877977     
   9.0539356217393022E-002  0.28351844380578722     
  0.27162793294346238       0.37052444528845119     
  0.45274611652143026       0.45350359295825138     
  0.63391369150388610       0.51983301718613484     
  0.81515051262328742       0.55801354729100949     
  0.99647653327140173       0.56090505409070024     
   1.1779118343903048       0.52789925424060691     
   1.3594766538983880       0.46512580956163962     
   1.5411914167793415       0.38359702321264078     
   1.7230767659677173       0.29606019405778689     
   1.9051535941715367       0.21378935968040447     
   2.0874430767805632       0.14440462772247065     
   2.2699667060184630        9.1209249524926483E-002
   2.4527463265082488        5.3854122698701219E-002
   2.6358041724333079        2.9714352572771083E-002
   2.8191629064911976        1.5314779009081632E-002
   3.0028456608544349        7.3699871911646030E-003
   3.1868760803720182        3.3100353068515613E-003
   3.3712783682677481        1.3867244206275419E-003
   3.5560773346168784        5.4163142517022053E-004
   3.7412984479117783        1.9711527001433493E-004
   3.9269678900605394        6.6798588051366031E-005
   4.1131126152005670        2.1064600752627342E-005
   4.2997604127527840        6.1768350588092280E-006
   4.4869399751921195        1.6829531712301862E-006
   4.6746809710674029        4.2571131402755855E-007
   4.8630141238699967        9.9888526503672422E-008
   5.0519712974268067        2.1720424842192361E-008
   5.2415855885816516        4.3726209596649814E-009
   5.4318914280313066        8.1409774179505314E-010
   5.6229246903015975        1.4001771737855527E-010
   5.8147228139876930        2.2219787087110854E-011
   6.0073249335450436        3.2493168623879473E-012
   6.2007720241079056        4.3726836280845090E-013
   6.3951070610365957        5.4072638375446416E-014
   6.5903751961596155        6.1349153975885105E-015
   6.7866239529910715        6.3756467856092877E-016
   6.9839034435780709        6.0584102670751683E-017
   7.1822666100804051        5.2540338869615004E-018
   7.3817694947224126        4.1500768002695406E-019
   7.5824715424057807        2.9794577068896214E-020
   7.7844359410588435        1.9397991775473980E-021
   7.9877300057571530        1.1416761504425405E-022
   8.1924256138258222        6.0924340522871251E-024
   8.3985996995836860        2.8868723028541771E-025
   8.6063348191874436        1.2750883386671868E-026
   8.8157197982791242        3.6535393842828452E-028
   9.0268504779630501        8.3304094524984903E-029
   9.2398305782140078        2.0414537715041559E-029
   9.4547727023830390        5.0571259285735404E-029
   9.6717995123443536        5.1607281766070783E-029
   9.8910451114622777        1.6805608769840827E-030
   10.112656682574077        5.8136209014717698E-030
   10.336796441464246        1.3384701242505802E-029
   10.563643984112028        2.3387026334350546E-029
   10.793399130164838        4.0999542744859840E-029
   11.026285398343322        6.0439869296433800E-029
   11.262554295905716        6.2973794936765711E-029
   11.502490670154140        4.5424141498150914E-029
   11.746419465057169        5.4644944410588643E-030
   11.994714366091594        1.4306899624251537E-028
   12.247809027167506        7.2837144513331900E-030
   12.506211898605262        2.2131700990580264E-029
   12.770526190723878        9.1341921223545974E-030
   13.041477351568496        1.7532009924925875E-029
   13.319951870041418        2.8432976017918840E-030
   13.607053753368866        1.0526381499080449E-028
   13.904189753562468        7.8873608278134414E-029
   14.213203763983852        4.1073800998892495E-029
   14.536600709088955        6.7482853426047210E-030
   14.877946763142498        1.8051424835818806E-029
   15.242655509972606        1.8351608638080208E-029
   15.639752989987683        1.5759108162025649E-029
   16.086755105929726        1.2795999606797605E-029
   16.629509478833864        1.0474703560775352E-029
