  -7.7966272994687982        2.3082322836017474E-010
  -7.0459912206963802        7.3123405815248782E-010
  -6.4176752327685698        6.4972933367248268E-009
  -5.8509643098029072        1.2471942263950200E-007
  -5.3226377424147024        1.2303379764564498E-006
  -4.8206497898414504        2.0900231614536889E-005
  -4.3376751025893725        3.8148189581805263E-004
  -3.8687749956836268        3.7653020426652918E-003
  -3.4103559897534934        2.3837323186561028E-002
  -2.9596355674894301        9.6993342266670626E-002
  -2.5143376216301672       0.25918860681466882     
  -2.0725021640616541       0.46513272207827988     
  -1.6323548654163460       0.56372267628818828     
  -1.1922075667710377       0.46492210461042416     
 -0.75037210920252462       0.25913264051395546     
 -0.30507416334326209        9.7049447444872580E-002
  0.14564625892080141        2.3879046023491193E-002
  0.60406526485093481        3.7862441746404278E-003
   1.0729653717566801        3.7226291691360699E-004
   1.5559400590087589        2.2124878414620570E-005
   2.0579280115820100        9.5197501456712620E-007
   2.5862545789702152        1.8957745394399552E-008
   3.1529655019358778        2.3283979546672723E-008
   3.7812814898636882        9.9031078635194762E-009
   4.5319175686361062        4.4691741612010570E-010
