  -16.629509478833864        7.4823552991447593E-031
  -16.086755105929726        3.7349199270218665E-030
  -15.639752989987683        7.2733246419253096E-030
  -15.242655509972606        4.0268286820258074E-030
  -14.877946763142498        3.4918975404716488E-031
  -14.536600709088955        4.2053077490510949E-030
  -14.213203763983852        3.8405823757593291E-031
  -13.904189753562468        8.0034594234162368E-030
  -13.607053753368866        4.0914226308342811E-030
  -13.319951870041418        8.6806602170061135E-031
  -13.041477351568496        1.4237476112961520E-030
  -12.770526190723878        1.2219814018476686E-029
  -12.506211898605262        8.4019538221757318E-030
  -12.247809027167506        1.2552609241252696E-029
  -11.994714366091594        2.4574418452859006E-031
  -11.746419465057169        1.9023458742658895E-029
  -11.502490670154140        3.1221331797458652E-029
  -11.262554295905716        3.9137855547485681E-030
  -11.026285398343322        3.7976748097710730E-030
  -10.793399130164838        1.4266008521731302E-030
  -10.563643984112028        5.4097545678453431E-030
  -10.336796441464246        2.8914620886367776E-030
  -10.112656682574077        7.8571369330238963E-030
  -9.8910451114622777        1.6479032881822441E-029
  -9.6717995123443536        6.9985028095316365E-030
  -9.4547727023830390        2.9251067360908799E-030
  -9.2398305782140078        3.7929968128990875E-030
  -9.0268504779630501        2.1031046409030452E-029
  -8.8157197982791242        1.7892930335105915E-030
  -8.6063348191874436        1.0240844002860873E-029
  -8.3985996995836860        4.5037202869198615E-030
  -8.1924256138258222        4.2506621754018742E-028
  -7.9877300057571530        9.6236176707904086E-027
  -7.7844359410588435        2.2119563206224678E-025
  -7.5824715424057807        4.4030268707803520E-024
  -7.3817694947224126        7.8882529437971513E-023
  -7.1822666100804051        1.2853681792904865E-021
  -6.9839034435780709        1.9044205512433262E-020
  -6.7866239529910715        2.5718542705642729E-019
  -6.5903751961596155        3.1715562958379384E-018
  -6.3951070610365957        3.5780416253359079E-017
  -6.2007720241079056        3.6991866631122039E-016
  -6.0073249335450436        3.5103765730504789E-015
  -5.8147228139876930        3.0622536223481907E-014
  -5.6229246903015975        2.4591358459600859E-013
  -5.4318914280313066        1.8203479993561119E-012
  -5.2415855885816516        1.2436514766167527E-011
  -5.0519712974268067        7.8509912909485688E-011
  -4.8630141238699967        4.5846939163045409E-010
  -4.6746809710674029        2.4791676793477303E-009
  -4.4869399751921195        1.2426064749732182E-008
  -4.2997604127527840        5.7781688198638061E-008
  -4.1131126152005670        2.4948713373330831E-007
  -3.9269678900605394        1.0010521761006516E-006
  -3.7412984479117783        3.7354530085313339E-006
  -3.5560773346168784        1.2972219953600583E-005
  -3.3712783682677481        4.1952350097011447E-005
  -3.1868760803720182        1.2642607607084468E-004
  -3.0028456608544349        3.5522580714876447E-004
  -2.8191629064911976        9.3108940549621133E-004
  -2.6358041724333079        2.2777806947295045E-003
  -2.4527463265082488        5.2031265253714301E-003
  -2.2699667060184630        1.1102770480811354E-002
  -2.0874430767805632        2.2140126538740111E-002
  -1.9051535941715367        4.1272714553903515E-002
  -1.7230767659677173        7.1947909254551135E-002
  -1.5411914167793415       0.11731930334091797     
  -1.3594766538983880       0.17898932141438947     
  -1.1779118343903048       0.25555703857433421     
 -0.99647653327140173       0.34153495666540828     
 -0.81515051262328742       0.42730656410759127     
 -0.63391369150388610       0.50056297669621719     
 -0.45274611652143026       0.54908252578132621     
 -0.27162793294346238       0.56403839282568202     
  -9.0539356217393022E-002  0.54261497209533582     
   9.0539356217393022E-002  0.48887116450727053     
  0.27162793294346238       0.41248834100999010     
  0.45274611652143026       0.32593138644488606     
  0.63391369150388610       0.24116158251058861     
  0.81515051262328742       0.16707641954534636     
  0.99647653327140173       0.10836582069186851     
   1.1779118343903048        6.5791820609476415E-002
   1.3594766538983880        3.7382924593160539E-002
   1.5411914167793415        1.9874797232348064E-002
   1.7230767659677173        9.8844644113504875E-003
   1.9051535941715367        4.5973115123029134E-003
   2.0874430767805632        1.9990356522181095E-003
   2.2699667060184630        8.1237060547378014E-004
   2.4527463265082488        3.0841930143521705E-004
   2.6358041724333079        1.0934632614954347E-004
   2.8191629064911976        3.6186640277944496E-005
   3.0028456608544349        1.1172847439680033E-005
   3.1868760803720182        3.2168037003797589E-006
   3.3712783682677481        8.6315082344941066E-007
   3.5560773346168784        2.1571916589544135E-007
   3.7412984479117783        5.0182297066568482E-008
   3.9269678900605394        1.0858566696937877E-008
   4.1131126152005670        2.1839097420414547E-009
   4.2997604127527840        4.0793954884424505E-010
   4.4869399751921195        7.0711850957728056E-011
   4.6746809710674029        1.1364141002390261E-011
   4.8630141238699967        1.6916749557026026E-012
   5.0519712974268067        2.3302082044955704E-013
   5.2415855885816516        2.9669061004561837E-014
   5.4318914280313066        3.4877752102309881E-015
   5.6229246903015975        3.7809538656956244E-016
   5.8147228139876930        3.7748735535710569E-017
   6.0073249335450436        3.4661959954987975E-018
   6.2007720241079056        2.9229776825553217E-019
   6.3951070610365957        2.2601677735258840E-020
   6.5903751961596155        1.5996233960622581E-021
   6.7866239529910715        1.0345514157997108E-022
   6.9839034435780709        6.1282825682636207E-024
   7.1822666100804051        3.2750581046627223E-025
   7.3817694947224126        1.5445125924473077E-026
   7.5824715424057807        7.7930490399182762E-028
   7.7844359410588435        3.4379176222611906E-030
   7.9877300057571530        9.1822736809801302E-030
   8.1924256138258222        2.5943942365616905E-030
   8.3985996995836860        2.2115249342400819E-030
   8.6063348191874436        1.0903559786637634E-029
   8.8157197982791242        1.3984540750358585E-029
   9.0268504779630501        2.5357626718380476E-029
   9.2398305782140078        3.4315939425145459E-030
   9.4547727023830390        2.1329471559562328E-029
   9.6717995123443536        1.1116138758644661E-029
   9.8910451114622777        3.3607715575637001E-030
   10.112656682574077        1.4294696151235489E-029
   10.336796441464246        1.5219625307742709E-031
   10.563643984112028        2.9878506188875752E-030
   10.793399130164838        9.4414584942618139E-030
   11.026285398343322        9.0503261379913325E-030
   11.262554295905716        2.3172694115210888E-030
   11.502490670154140        2.2840774696806123E-030
   11.746419465057169        3.4015214524556487E-030
   11.994714366091594        1.2062441521486643E-030
   12.247809027167506        1.2129067394719998E-030
   12.506211898605262        4.2492643867243527E-030
   12.770526190723878        6.0444315634971052E-030
   13.041477351568496        1.7023097907854990E-029
   13.319951870041418        1.3906566057291015E-031
   13.607053753368866        5.1251937368110418E-030
   13.904189753562468        3.6914866631920358E-030
   14.213203763983852        3.8426848764735208E-030
   14.536600709088955        1.7584751378874264E-030
   14.877946763142498        2.5902090719936052E-030
   15.242655509972606        6.5723736360855603E-030
   15.639752989987683        1.3387680716180439E-029
   16.086755105929726        1.5316446630942687E-030
   16.629509478833864        2.8770951467373445E-030
