  -9.4800000000000004        1.4369281121034521E-008
  -8.4399999999999995        1.2690907555609113E-007
  -7.3999999999999995        3.5360521646103787E-007
  -6.3599999999999994        6.8614772613204767E-007
  -5.3199999999999994        1.1298713493029527E-006
  -4.2799999999999994        1.6685162607238613E-006
  -3.2400000000000002        2.3125243852431693E-006
  -2.1999999999999993        3.0383479745414552E-006
  -1.1600000000000001        3.8636402317623166E-006
 -0.11999999999999922        4.7584263215815594E-006
  0.92000000000000171        5.7501063417493449E-006
   1.9600000000000009        6.8032167595880033E-006
   3.0000000000000000        7.9575313591842021E-006
   4.0400000000000027        9.1730105982125237E-006
   5.0800000000000018        1.0504159343454836E-005
   6.1200000000000010        1.1907210510320914E-005
   7.1600000000000001        1.3453127224861793E-005
   8.2000000000000028        1.5095283242404129E-005
   9.2400000000000020        1.6921825083004597E-005
   10.280000000000005        1.8884431401889781E-005
   11.320000000000004        2.1087725734798815E-005
   12.360000000000003        2.3483688676543010E-005
   13.400000000000002        2.6190729731468677E-005
   14.440000000000001        2.9164797786669220E-005
   15.480000000000000        3.2532703324474066E-005
   16.520000000000000        3.6260769893537650E-005
   17.560000000000002        4.0475363005439253E-005
   18.600000000000005        4.5163359485459746E-005
   19.640000000000004        5.0437903301769286E-005
   20.680000000000003        5.6320779040971242E-005
   21.720000000000002        6.2895735311401977E-005
   22.760000000000005        7.0236837313774207E-005
   23.800000000000004        7.8381402881086111E-005
   24.840000000000003        8.7472376978941450E-005
   25.880000000000003        9.7488212964232308E-005
   26.920000000000002        1.0864949870060915E-004
   27.960000000000001        1.2087644306780429E-004
   29.000000000000007        1.3445865969879926E-004
   30.040000000000006        1.4928131430105244E-004
   31.080000000000005        1.6566833195539820E-004
   32.119999999999997        1.8352144719678001E-004
   33.160000000000004        2.0313641656861446E-004
   34.200000000000003        2.2450648325354454E-004
   35.240000000000009        2.4782191185556302E-004
   36.280000000000008        2.7324310933463255E-004
   37.320000000000007        3.0079441274788541E-004
   38.360000000000007        3.3083972024551989E-004
   39.400000000000006        3.6323822469976861E-004
   40.440000000000005        3.9851073647031510E-004
   41.480000000000004        4.3644806011702218E-004
   42.520000000000010        4.7758102735948385E-004
   43.560000000000009        5.2181550496198229E-004
   44.600000000000009        5.6948806603646107E-004
   45.640000000000008        6.2080988524088564E-004
   46.680000000000007        6.7577509775684991E-004
   47.720000000000006        7.3496163064690179E-004
   48.760000000000005        7.9806637281902180E-004
   49.800000000000004        8.6585574794523896E-004
   50.840000000000003        9.3802084202195446E-004
   51.880000000000003        1.0151329091036957E-003
   52.920000000000002        1.0972756431160630E-003
   53.960000000000001        1.1844785888948735E-003
   55.000000000000000        1.2774063644437508E-003
   56.040000000000006        1.3755720897252015E-003
   57.080000000000013        1.4799272520098193E-003
   58.120000000000005        1.5899879091083938E-003
   59.160000000000011        1.7063168200865144E-003
   60.200000000000017        1.8290918858021885E-003
   61.240000000000009        1.9580038520565228E-003
   62.280000000000015        2.0940090874074380E-003
   63.320000000000007        2.2362489021925899E-003
   64.360000000000014        2.3856925695610316E-003
   65.400000000000006        2.5419539329359308E-003
   66.440000000000012        2.7049923518239830E-003
   67.480000000000004        2.8755591825418798E-003
   68.520000000000010        3.0525512129568879E-003
   69.560000000000002        3.2371582329060273E-003
   70.600000000000009        3.4285090847842813E-003
   71.640000000000001        3.6266987689045913E-003
   72.680000000000007        3.8322992471043226E-003
   73.720000000000013        4.0439125049289600E-003
   74.760000000000005        4.2628437865537992E-003
   75.800000000000011        4.4878716951923352E-003
   76.840000000000003        4.7189465152015749E-003
   77.880000000000010        4.9566840528915490E-003
   78.920000000000002        5.1992163822251920E-003
   79.960000000000008        5.4478845002770586E-003
   81.000000000000000        5.7013793864354456E-003
   82.040000000000006        5.9590711906412882E-003
   83.079999999999998        6.2219676772965592E-003
   84.120000000000019        6.4876314601316652E-003
   85.159999999999997        6.7571508723303243E-003
   86.200000000000017        7.0296984026943666E-003
   87.240000000000009        7.3035123751955281E-003
   88.280000000000015        7.5801974091970585E-003
   89.320000000000007        7.8571429064840537E-003
   90.360000000000014        8.1343831477481299E-003
   91.400000000000020        8.4124130613511643E-003
   92.440000000000012        8.6881428811735537E-003
   93.480000000000018        8.9631619703478341E-003
   94.520000000000010        9.2360211632699224E-003
   95.560000000000016        9.5046028862689740E-003
   96.600000000000009        9.7709212001266948E-003
   97.640000000000015        1.0031842050428523E-002
   98.680000000000007        1.0287004240020756E-002
   99.720000000000013        1.0537661777660417E-002
   100.76000000000001        1.0779920777181424E-002
   101.80000000000001        1.1015152526598985E-002
   102.84000000000000        1.1243150401051142E-002
   103.88000000000001        1.1460263691022241E-002
   104.92000000000000        1.1669070766275465E-002
   105.96000000000001        1.1867776380293505E-002
   107.00000000000000        1.2053682726991735E-002
   108.04000000000002        1.2229937780049140E-002
   109.08000000000000        1.2393413591112632E-002
   110.12000000000002        1.2542690645202194E-002
   111.16000000000001        1.2680995923548773E-002
   112.20000000000002        1.2804261722286285E-002
   113.24000000000002        1.2912368943000898E-002
   114.28000000000002        1.3008374329930144E-002
   115.32000000000002        1.3087620685473561E-002
   116.36000000000001        1.3151134962368973E-002
   117.40000000000002        1.3201783196741325E-002
   118.44000000000000        1.3234542105036494E-002
   119.48000000000002        1.3251349820223605E-002
   120.52000000000001        1.3255038206142466E-002
   121.56000000000003        1.3240305443871380E-002
   122.60000000000002        1.3209725355872571E-002
   123.64000000000001        1.3166379769307793E-002
   124.68000000000001        1.3104679076620763E-002
   125.72000000000003        1.3027504452365555E-002
   126.76000000000002        1.2938562813591483E-002
   127.80000000000001        1.2831943375164646E-002
   128.84000000000000        1.2710405375381912E-002
   129.88000000000002        1.2578709021832585E-002
   130.92000000000002        1.2430670288419453E-002
   131.96000000000001        1.2268336931434446E-002
   133.00000000000000        1.2097933086614920E-002
   134.04000000000002        1.1913270536636086E-002
   135.08000000000001        1.1714905292071755E-002
   136.12000000000000        1.1510775513389032E-002
   137.16000000000003        1.1295335824236526E-002
   138.20000000000002        1.1066742157784519E-002
   139.24000000000001        1.0834493459635896E-002
   140.28000000000000        1.0594821895742939E-002
   141.32000000000002        1.0342685521393415E-002
   142.36000000000001        1.0088271572151227E-002
   143.40000000000003        9.8311422121281911E-003
   144.44000000000003        9.5628420283802532E-003
   145.48000000000002        9.2924063456763812E-003
   146.52000000000001        9.0242704129054069E-003
   147.56000000000003        8.7475676518401681E-003
   148.60000000000002        8.4674812192697090E-003
   149.64000000000001        8.1939663162372244E-003
   150.68000000000001        7.9164435800318719E-003
   151.72000000000003        7.6334954938794847E-003
   152.76000000000002        7.3592062772116469E-003
   153.80000000000001        7.0874055598567310E-003
   154.84000000000000        6.8088908920716064E-003
   155.88000000000002        6.5377738494873565E-003
   156.92000000000002        6.2762555075744301E-003
   157.96000000000004        6.0095237550509264E-003
   159.00000000000000        5.7457819543964865E-003
   160.04000000000002        5.4967046465711914E-003
   161.08000000000001        5.2478870628118041E-003
   162.12000000000003        4.9968403490798655E-003
   163.16000000000000        4.7607425340392443E-003
   164.20000000000002        4.5330932135740163E-003
   165.24000000000004        4.3009211765507828E-003
   166.28000000000003        4.0786630533526640E-003
   167.31999999999999        3.8718467935455244E-003
   168.36000000000001        3.6636640303631773E-003
   169.40000000000003        3.4581296451970632E-003
   170.44000000000003        3.2696953489968939E-003
   171.47999999999999        3.0871234602105400E-003
   172.52000000000001        2.9027362096890213E-003
   173.56000000000003        2.7311131481774628E-003
   174.60000000000002        2.5718390951516498E-003
   175.64000000000001        2.4117730849235412E-003
   176.68000000000001        2.2579567777030467E-003
   177.72000000000003        2.1182738683364981E-003
   178.76000000000002        1.9822073639523419E-003
   179.80000000000004        1.8482117134905162E-003
   180.84000000000000        1.7259155478879420E-003
   181.88000000000002        1.6110124821683222E-003
   182.92000000000002        1.4972564507697115E-003
   183.96000000000004        1.3916157610022357E-003
   185.00000000000000        1.2950623566701381E-003
   186.04000000000002        1.2002791163033058E-003
   187.08000000000001        1.1102739313245422E-003
   188.12000000000003        1.0296604366083150E-003
   189.16000000000000        9.5241721489164788E-004
   190.20000000000002        8.7688651573632995E-004
   191.24000000000004        8.0926760528544277E-004
   192.28000000000003        7.4757104535362563E-004
   193.31999999999999        6.8624384998053594E-004
   194.36000000000001        6.2925364708261652E-004
   195.40000000000003        5.7965003517650171E-004
   196.44000000000003        5.3179855136302847E-004
   197.48000000000002        4.8487359495385602E-004
   198.52000000000001        4.4417695551107213E-004
   199.56000000000003        4.0742204734314557E-004
   200.60000000000002        3.7018729682295316E-004
   201.64000000000004        3.3674728385282832E-004
   202.68000000000001        3.0861965829734865E-004
   203.72000000000003        2.7997814219663544E-004
   204.76000000000002        2.5245762185546359E-004
   205.80000000000004        2.3089905542239574E-004
   206.84000000000000        2.1002064882027780E-004
   207.88000000000002        1.8754264239157596E-004
   208.92000000000002        1.7022924083795682E-004
   209.96000000000004        1.5584141967837713E-004
   211.00000000000000        1.3843538775582038E-004
   212.04000000000002        1.2392842868131721E-004
   213.08000000000004        1.1411244085241300E-004
   214.12000000000003        1.0140488457266007E-004
   215.16000000000000        8.9107032497191867E-005
   216.20000000000002        8.2438207505951210E-005
   217.24000000000004        7.3912309990534523E-005
   218.28000000000003        6.3323106248076909E-005
   219.31999999999999        5.8395319435209416E-005
   220.36000000000001        5.3549197505475840E-005
   221.40000000000003        4.4786779150682606E-005
   222.44000000000003        4.0539789720579098E-005
   223.48000000000005        3.8410997256123966E-005
   224.52000000000001        3.1534944168140061E-005
   225.56000000000003        2.7471647142680310E-005
   226.60000000000002        2.7307005532797752E-005
   227.64000000000004        2.2353762647901192E-005
   228.68000000000001        1.8065280169198982E-005
   229.72000000000003        1.9005677670550767E-005
   230.76000000000002        1.6049221273214041E-005
   231.80000000000004        1.1570591848475759E-005
   232.84000000000000        1.2895330788551377E-005
   233.88000000000002        1.1793157439764246E-005
   234.92000000000002        7.2033004014582069E-006
   235.96000000000004        8.3076783954143276E-006
   237.00000000000000        8.9455824530784168E-006
   238.04000000000002        4.5554515529751681E-006
   239.08000000000004        4.9259911004943202E-006
   240.12000000000003        6.9655369867324419E-006
   241.16000000000000        3.1387281057590325E-006
   242.20000000000002        2.4882189916110950E-006
   243.24000000000004        5.5432978150537351E-006
   244.28000000000003        2.6927501431982599E-006
   245.32000000000005        8.9336067529670988E-007
   246.36000000000001        4.4025742514982467E-006
   247.40000000000003        2.8766087207542900E-006
   248.44000000000005        9.9382560727069526E-008
   249.48000000000002        3.5156737881454816E-006
