  -10.568948228852916        1.0663185419433451E-017
  -9.9093123016414033        7.9030737041603863E-017
  -9.3621636389292355        4.4085368506292111E-017
  -8.8729507005877934        9.8394990494308661E-016
  -8.4208647804942096        1.8570706933321081E-015
  -7.9951892445789579        1.1983417983947522E-015
  -7.5894937899982713        8.6792373574256415E-015
  -7.1995359461440049        6.7674577415015929E-015
  -6.8223273579485477        4.8691388397742944E-014
  -6.4556588556408343        3.8446981523952785E-012
  -6.0978349368926423        1.3072892115941509E-010
  -5.7475144311781783        3.1039101430187842E-009
  -5.4036094435817335        5.5353385157249529E-008
  -5.0652183332388683        7.4867450307170565E-007
  -4.7315795846614899        7.7978886243953371E-006
  -4.4020390402981215        6.3429017063939216E-005
  -4.0760259729913439        4.0740915793508506E-004
  -3.7530351750222630        2.0856827810752788E-003
  -3.4326132394100082        8.5761050008927465E-003
  -3.1143478182394979        2.8504878501539904E-002
  -2.7978590256218991        7.6982045590987466E-002
  -2.4827923996812808       0.16963072746019403     
  -2.1688130002782060       0.30595601521192267     
  -1.8556003274018353       0.45276528083383349     
  -1.5428438176130679       0.55057317026722141     
  -1.2302387238341304       0.55057320533380816     
 -0.91748221404536301       0.45276526859581129     
 -0.60426954116899223       0.30595601032956377     
 -0.29029014176591739       0.16963072728706260     
   2.4776484174700908E-002   7.6982051795942502E-002
  0.34126527679229945        2.8504871462525710E-002
  0.65953069796281016        8.5761092181470388E-003
  0.97995263357506457        2.0856808347348051E-003
   1.3029434315441459        4.0740946102338588E-004
   1.6289564988509235        6.3429265139042630E-005
   1.9584970432142919        7.7978064817306085E-006
   2.2921357917916705        7.4861559115023721E-007
   2.6305269021345348        5.5387358527016032E-008
   2.9744318897309796        3.1024975276114357E-009
   3.3247523954454437        1.2882871421177577E-010
   3.6825763141936356        4.0015435525410907E-012
   4.0492448165013490        9.1599456909644351E-014
   4.4264534046968063        1.8725782425500815E-016
   4.8164112485510726        4.2572322331628955E-016
   5.2221067031317592        4.0734592633216499E-016
   5.6477822390470109        3.6172833854245111E-016
   6.0998681591405948        7.5774757560827428E-017
   6.5890810974820369        3.8653915205698397E-016
   7.1362297601942046        2.1409881641539683E-016
   7.7958656874057173        1.0218749653596539E-017
