  -6.1642724340524522        5.2138650591660521E-003
  -5.4136363552800342        7.6479968626454287E-002
  -4.7853203673522238       0.30449921955694131     
  -4.2186094443865612       0.53786441642347838     
  -3.6902828769983560       0.51258774556255182     
  -3.1882949244251049       0.29193508729751177     
  -2.7053202371730261       0.10555170368843564     
  -2.2364201302672808        2.5158168789058924E-002
  -1.7780011243371474        4.0475736387669018E-003
  -1.3272807020730839        4.4573447935394400E-004
 -0.88198275621382138        3.3822300056593324E-005
 -0.44014729864530833        1.7693294396212397E-006
   0.0000000000000000        6.3491571287472582E-008
  0.44014729864530833        1.5465074458829898E-009
  0.88198275621382138        2.5151230162516341E-011
   1.3272807020730839        2.6679966032319197E-013
   1.7780011243371474        1.7880412154243862E-015
   2.2364201302672808        7.2517078730093106E-018
   2.7053202371730261        1.6787048159126034E-020
   3.1882949244251049        2.0451981395513327E-023
   3.6902828769983560        1.1671902080322329E-026
   4.2186094443865612        2.9681615863641964E-030
   4.7853203673522238        7.9128507220869015E-033
   5.4136363552800342        2.2052941510505651E-034
   6.1642724340524522        1.7784054033590388E-034
