  -13.173600071152919        2.2871462109380351E-018
  -12.513964143941408        3.8685153841972310E-020
  -11.966815481229240        1.0609642632192239E-018
  -11.477602542887798        3.3077486785714254E-017
  -11.025516622794214        3.3886302818085209E-016
  -10.599841086878961        9.3564588918962733E-016
  -10.194145632298275        3.9786081794033143E-016
  -9.8041877884440076        2.5432117447465128E-015
  -9.4269792002485513        9.5832473388446176E-014
  -9.0603106979408388        3.9311999275185622E-012
  -8.7024867791926468        1.2927251956893661E-010
  -8.3521662734781827        3.1038356010484611E-009
  -8.0082612858817370        5.5369035111200800E-008
  -7.6698701755388718        7.4863738171296827E-007
  -7.3362314269614934        7.7979994057754646E-006
  -7.0066908825981251        6.3428644009455928E-005
  -6.6806778152913484        4.0740929530429248E-004
  -6.3576870173222666        2.0856848981525419E-003
  -6.0372650817100126        8.5761023073625663E-003
  -5.7189996605395015        2.8504870885266338E-002
  -5.4025108679219027        7.6982072781280844E-002
  -5.0874442419812844       0.16963070318682763     
  -4.7734648425782096       0.30595600774547710     
  -4.4602521697018389       0.45276531896297684     
  -4.1474956599130719       0.55057315133999751     
  -3.8348905661341344       0.55057318123492394     
  -3.5221340563453669       0.45276530550204297     
  -3.2089213834689962       0.30595599316058741     
  -2.8949419840659214       0.16963071740506075     
  -2.5798753581253031        7.6982061595227677E-002
  -2.2633865655077043        2.8504871464960318E-002
  -1.9451211443371936        8.5761035711776484E-003
  -1.6246992087249392        2.0856839375438100E-003
  -1.3017084107558579        4.0740940390108767E-004
 -0.97569534344908027        6.3428631084696277E-005
 -0.64615479908571194        7.7980493241188458E-006
 -0.31251605050833353        7.4860899929442521E-007
   2.5875059834531200E-002   5.5371996934787294E-008
  0.36978004743097603        3.1050482185226228E-009
  0.72010055314544008        1.2907623839287196E-010
   1.0779244718936321        3.9588892539894948E-012
   1.4445929742013455        7.6434175812889313E-014
   1.8218015623968027        1.7701090888470526E-015
   2.2117594062510690        2.4193778648918628E-018
   2.6174548608317556        2.1734284533498928E-017
   3.0431303967470074        8.2116659922040526E-017
   3.4952163168405912        1.0891866176190280E-016
   3.9844292551820333        7.3853048698130646E-017
   4.5315779178942011        1.5742150562358644E-017
   5.1912138451057137        1.2577809013348036E-017
