           1   9.4497549764912162E-041
           2   2.3347227834872391E-034
           3   1.6038108905486377E-028
           4   3.0631908645774736E-023
           5   1.6266646214532314E-018
           6   2.4017347816209693E-014
           7   9.8595055759915160E-011
           8   1.1253517471925992E-007
           9   3.5712849641635395E-005
          10   3.1511115984444497E-003
          11   7.7304740443299838E-002
          12  0.52729242404304943     
          13   1.0000000000000000     
          14  0.52729242404304788     
          15   7.7304740443299408E-002
          16   3.1511115984444353E-003
          17   3.5712849641634961E-005
          18   1.1253517471925913E-007
          19   9.8595055759914449E-011
          20   2.4017347816209185E-014
          21   1.6266646214531967E-018
          22   3.0631908645773208E-023
          23   1.6038108905485467E-028
          24   2.3347227834872391E-034
          25   9.4497549764909491E-041
