  -5.9880000000000004        2.2110083466897148E-004  0.99999999999999978     
  -5.9640000000000004        2.2623328534679817E-004  0.99999999999999978     
  -5.9400000000000004        2.3146354379796787E-004  0.99999999999999978     
  -5.9160000000000004        2.3679289608783392E-004  0.99999999999999978     
  -5.8920000000000003        2.4222263024198910E-004  0.99999999999999978     
  -5.8680000000000003        2.4775403581116842E-004  0.99999999999999978     
  -5.8440000000000003        2.5338840342544264E-004  0.99999999999999978     
  -5.8200000000000003        2.5912702433770985E-004  0.99999999999999978     
  -5.7960000000000003        2.6497118995649234E-004  0.99999999999999978     
  -5.7720000000000002        2.7092219136805892E-004  0.99999999999999978     
  -5.7480000000000002        2.7698131884789729E-004  0.99999999999999978     
  -5.7240000000000002        2.8314986136157100E-004  0.99999999999999978     
  -5.7000000000000002        2.8942910605499802E-004  0.99999999999999978     
  -5.6760000000000002        2.9582033773420353E-004  0.99999999999999978     
  -5.6520000000000001        3.0232483833460147E-004  0.99999999999999978     
  -5.6280000000000001        3.0894388637986848E-004  0.99999999999999978     
  -5.6040000000000001        3.1567875643048326E-004  0.99999999999999978     
  -5.5800000000000001        3.2253071852201561E-004  0.99999999999999978     
  -5.5560000000000000        3.2950103759324926E-004  0.99999999999999978     
  -5.5320000000000000        3.3659097290423976E-004  0.99999999999999978     
  -5.5080000000000000        3.4380177744441491E-004  0.99999999999999978     
  -5.4840000000000000        3.5113469733083014E-004  0.99999999999999978     
  -5.4600000000000000        3.5859097119670817E-004  0.99999999999999978     
  -5.4359999999999999        3.6617182957039083E-004  0.99999999999999978     
  -5.4119999999999999        3.7387849424484830E-004  0.99999999999999978     
  -5.3879999999999999        3.8171217763790106E-004  0.99999999999999978     
  -5.3639999999999999        3.8967408214330719E-004  0.99999999999999978     
  -5.3399999999999999        3.9776539947289580E-004  0.99999999999999978     
  -5.3159999999999998        4.0598730998991537E-004  0.99999999999999978     
  -5.2919999999999998        4.1434098203379675E-004  0.99999999999999978     
  -5.2679999999999998        4.2282757123652306E-004  0.99999999999999978     
  -5.2439999999999998        4.3144821983081492E-004  0.99999999999999978     
  -5.2199999999999998        4.4020405595035462E-004  0.99999999999999978     
  -5.1959999999999997        4.4909619292226986E-004  0.99999999999999978     
  -5.1719999999999997        4.5812572855212014E-004  0.99999999999999978     
  -5.1479999999999997        4.6729374440162999E-004  0.99999999999999978     
  -5.1239999999999997        4.7660130505942520E-004  0.99999999999999978     
  -5.0999999999999996        4.8604945740504202E-004  0.99999999999999978     
  -5.0759999999999996        4.9563922986648346E-004  0.99999999999999978     
  -5.0519999999999996        5.0537163167160739E-004  0.99999999999999978     
  -5.0279999999999996        5.1524765209364528E-004  0.99999999999999978     
  -5.0039999999999996        5.2526825969115580E-004  0.99999999999999978     
  -4.9800000000000004        5.3543440154272582E-004  0.99999999999999978     
  -4.9559999999999995        5.4574700247675011E-004  0.99999999999999978     
  -4.9319999999999995        5.5620696429661235E-004  0.99999999999999978     
  -4.9079999999999995        5.6681516500162589E-004  0.99999999999999978     
  -4.8839999999999995        5.7757245800407633E-004  0.99999999999999978     
  -4.8599999999999994        5.8847967134273177E-004  0.99999999999999978     
  -4.8360000000000003        5.9953760689319003E-004  0.99999999999999978     
  -4.8119999999999994        6.1074703957545329E-004  0.99999999999999978     
  -4.7880000000000003        6.2210871655910146E-004  0.99999999999999978     
  -4.7639999999999993        6.3362335646648680E-004  0.99999999999999978     
  -4.7400000000000002        6.4529164857433073E-004  0.99999999999999978     
  -4.7159999999999993        6.5711425201416581E-004  0.99999999999999978     
  -4.6920000000000002        6.6909179497202215E-004  0.99999999999999978     
  -4.6680000000000001        6.8122487388781543E-004  0.99999999999999978     
  -4.6440000000000001        6.9351405265485303E-004  0.99999999999999978     
  -4.6200000000000001        7.0595986181992709E-004  0.99999999999999978     
  -4.5960000000000001        7.1856279778444415E-004  0.99999999999999978     
  -4.5720000000000001        7.3132332200704882E-004  0.99999999999999978     
  -4.5480000000000000        7.4424186020822744E-004  0.99999999999999978     
  -4.5240000000000000        7.5731880157735830E-004  0.99999999999999978     
  -4.5000000000000000        7.7055449798269816E-004  0.99999999999999978     
  -4.4760000000000000        7.8394926318480255E-004  0.99999999999999978     
  -4.4520000000000000        7.9750337205386837E-004  0.99999999999999978     
  -4.4279999999999999        8.1121705979151910E-004  0.99999999999999978     
  -4.4039999999999999        8.2509052115752241E-004  0.99999999999999978     
  -4.3799999999999999        8.3912390970198084E-004  0.99999999999999978     
  -4.3559999999999999        8.5331733700350087E-004  0.99999999999999978     
  -4.3319999999999999        8.6767087191387050E-004  0.99999999999999978     
  -4.3079999999999998        8.8218453980978243E-004  0.99999999999999978     
  -4.2839999999999998        8.9685832185213647E-004  0.99999999999999978     
  -4.2599999999999998        9.1169215425346089E-004  0.99999999999999978     
  -4.2359999999999998        9.2668592755399315E-004  0.99999999999999978     
  -4.2119999999999997        9.4183948590697837E-004  0.99999999999999978     
  -4.1879999999999997        9.5715262637372672E-004  0.99999999999999978     
  -4.1639999999999997        9.7262509822898253E-004  0.99999999999999978     
  -4.1399999999999997        9.8825660227717395E-004  0.99999999999999978     
  -4.1159999999999997        1.0040467901800808E-003  0.99999999999999978     
  -4.0919999999999996        1.0199952637965023E-003  0.99999999999999978     
  -4.0679999999999996        1.0361015745344617E-003  0.99999999999999978     
  -4.0439999999999996        1.0523652227165355E-003  0.99999999999999978     
  -4.0199999999999996        1.0687856569588426E-003  0.99999999999999978     
  -3.9960000000000000        1.0853622735642790E-003  0.99999999999999978     
  -3.9719999999999995        1.1020944159305418E-003  0.99999999999999978     
  -3.9480000000000000        1.1189813739735104E-003  0.99999999999999978     
  -3.9239999999999995        1.1360223835665516E-003  0.99999999999999978     
  -3.8999999999999999        1.1532166259962883E-003  0.99999999999999978     
  -3.8759999999999994        1.1705632274354063E-003  0.99999999999999978     
  -3.8519999999999999        1.1880612584330428E-003  0.99999999999999978     
  -3.8279999999999998        1.2057097334233012E-003  0.99999999999999978     
  -3.8039999999999998        1.2235076102524542E-003  0.99999999999999978     
  -3.7799999999999998        1.2414537897253645E-003  0.99999999999999978     
  -3.7559999999999998        1.2595471151716645E-003  0.99999999999999978     
  -3.7319999999999998        1.2777863720322346E-003  0.99999999999999978     
  -3.7079999999999997        1.2961702874664967E-003  0.99999999999999978     
  -3.6839999999999997        1.3146975299810550E-003  0.99999999999999978     
  -3.6599999999999997        1.3333667090801951E-003  0.99999999999999978     
  -3.6359999999999997        1.3521763749387544E-003  0.99999999999999978     
  -3.6119999999999997        1.3711250180978574E-003  0.99999999999999978     
  -3.5879999999999996        1.3902110691840208E-003  0.99999999999999978     
  -3.5639999999999996        1.4094328986521078E-003  0.99999999999999978     
  -3.5399999999999996        1.4287888165526077E-003  0.99999999999999978     
  -3.5159999999999996        1.4482770723237190E-003  0.99999999999999978     
  -3.4919999999999995        1.4678958546086728E-003  0.99999999999999978     
  -3.4679999999999995        1.4876432910987795E-003  0.99999999999999978     
  -3.4440000000000000        1.5075174484025968E-003  0.99999999999999978     
  -3.4199999999999995        1.5275163319416829E-003  0.99999999999999978     
  -3.3959999999999999        1.5476378858733169E-003  0.99999999999999978     
  -3.3719999999999994        1.5678799930406231E-003  0.99999999999999978     
  -3.3479999999999999        1.5882404749504577E-003  0.99999999999999978     
  -3.3239999999999994        1.6087170917794655E-003  0.99999999999999978     
  -3.2999999999999998        1.6293075424086416E-003  0.99999999999999978     
  -3.2759999999999998        1.6500094644867874E-003  0.99999999999999978     
  -3.2519999999999998        1.6708204345231542E-003  0.99999999999999978     
  -3.2279999999999998        1.6917379680096315E-003  0.99999999999999978     
  -3.2039999999999997        1.7127595195727656E-003  0.99999999999999978     
  -3.1799999999999997        1.7338824831559187E-003  0.99999999999999978     
  -3.1559999999999993        1.7551041922318287E-003  0.99999999999999978     
  -3.1319999999999997        1.7764219200458256E-003  0.99999999999999978     
  -3.1079999999999997        1.7978328798899795E-003  0.99999999999999978     
  -3.0839999999999996        1.8193342254083566E-003  0.99999999999999978     
  -3.0599999999999996        1.8409230509336392E-003  0.99999999999999978     
  -3.0359999999999996        1.8625963918552700E-003  0.99999999999999978     
  -3.0119999999999996        1.8843512250192964E-003  0.99999999999999978     
  -2.9879999999999995        1.9061844691600895E-003  0.99999999999999978     
  -2.9639999999999995        1.9280929853640455E-003  0.99999999999999978     
  -2.9399999999999995        1.9500735775653966E-003  0.99999999999999978     
  -2.9159999999999995        1.9721229930742389E-003  0.99999999999999978     
  -2.8919999999999999        1.9942379231368355E-003  0.99999999999999978     
  -2.8679999999999994        2.0164150035282607E-003  0.99999999999999978     
  -2.8439999999999999        2.0386508151774185E-003  0.99999999999999978     
  -2.8199999999999994        2.0609418848244569E-003  0.99999999999999978     
  -2.7959999999999998        2.0832846857105659E-003  0.99999999999999978     
  -2.7719999999999994        2.1056756383001319E-003  0.99999999999999978     
  -2.7479999999999998        2.1281111110352056E-003  0.99999999999999978     
  -2.7239999999999998        2.1505874211222198E-003  0.99999999999999978     
  -2.6999999999999997        2.1731008353508465E-003  0.99999999999999978     
  -2.6759999999999997        2.1956475709449044E-003  0.99999999999999978     
  -2.6519999999999992        2.2182237964451673E-003  0.99999999999999978     
  -2.6279999999999997        2.2408256326239130E-003  0.99999999999999978     
  -2.6039999999999992        2.2634491534310602E-003  0.99999999999999978     
  -2.5799999999999996        2.2860903869716511E-003  0.99999999999999978     
  -2.5559999999999992        2.3087453165144978E-003  0.99999999999999978     
  -2.5319999999999996        2.3314098815317113E-003  0.99999999999999978     
  -2.5079999999999996        2.3540799787688757E-003  0.99999999999999978     
  -2.4839999999999995        2.3767514633455419E-003  0.99999999999999978     
  -2.4599999999999995        2.3994201498857685E-003  0.99999999999999978     
  -2.4359999999999995        2.4220818136783339E-003  0.99999999999999978     
  -2.4119999999999995        2.4447321918662874E-003  0.99999999999999978     
  -2.3879999999999995        2.4673669846654437E-003  0.99999999999999978     
  -2.3639999999999994        2.4899818566114324E-003  0.99999999999999978     
  -2.3399999999999999        2.5125724378348563E-003  0.99999999999999978     
  -2.3159999999999994        2.5351343253641290E-003  0.99999999999999978     
  -2.2919999999999998        2.5576630844555115E-003  0.99999999999999978     
  -2.2679999999999993        2.5801542499498580E-003  0.99999999999999978     
  -2.2439999999999998        2.6026033276555596E-003  0.99999999999999978     
  -2.2199999999999993        2.6250057957571547E-003  0.99999999999999978     
  -2.1959999999999997        2.6473571062490221E-003  0.99999999999999978     
  -2.1719999999999997        2.6696526863936349E-003  0.99999999999999978     
  -2.1479999999999992        2.6918879402037096E-003  0.99999999999999978     
  -2.1239999999999992        2.7140582499476876E-003  0.99999999999999978     
  -2.0999999999999996        2.7361589776778682E-003  0.99999999999999978     
  -2.0759999999999996        2.7581854667805671E-003  0.99999999999999978     
  -2.0519999999999992        2.7801330435475902E-003  0.99999999999999978     
  -2.0279999999999991        2.8019970187683550E-003  0.99999999999999978     
  -2.0039999999999996        2.8237726893419052E-003  0.99999999999999978     
  -1.9799999999999995        2.8454553399081253E-003  0.99999999999999978     
  -1.9559999999999995        2.8670402444973633E-003  0.99999999999999978     
  -1.9319999999999995        2.8885226681977026E-003  0.99999999999999978     
  -1.9079999999999995        2.9098978688391068E-003  0.99999999999999978     
  -1.8839999999999995        2.9311610986936030E-003  0.99999999999999978     
  -1.8599999999999994        2.9523076061907091E-003  0.99999999999999978     
  -1.8359999999999994        2.9733326376472379E-003  0.99999999999999978     
  -1.8119999999999994        2.9942314390106594E-003  0.99999999999999978     
  -1.7879999999999994        3.0149992576150976E-003  0.99999999999999978     
  -1.7639999999999993        3.0356313439491439E-003  0.99999999999999978     
  -1.7399999999999993        3.0561229534345272E-003  0.99999999999999978     
  -1.7160000000000002        3.0764693482147744E-003  0.99999999999999978     
  -1.6919999999999993        3.0966657989529175E-003  0.99999999999999978     
  -1.6679999999999993        3.1167075866372950E-003  0.99999999999999978     
  -1.6439999999999992        3.1365900043945558E-003  0.99999999999999978     
  -1.6199999999999992        3.1563083593088245E-003  0.99999999999999978     
  -1.5960000000000001        3.1758579742461415E-003  0.99999999999999978     
  -1.5719999999999992        3.1952341896831419E-003  0.99999999999999978     
  -1.5479999999999992        3.2144323655390046E-003  0.99999999999999978     
  -1.5239999999999991        3.2334478830096940E-003  0.99999999999999978     
  -1.5000000000000000        3.2522761464034546E-003  0.99999999999999978     
  -1.4759999999999991        3.2709125849765788E-003  0.99999999999999978     
  -1.4519999999999991        3.2893526547684176E-003  0.99999999999999978     
  -1.4279999999999990        3.3075918404346094E-003  0.99999999999999978     
  -1.4039999999999999        3.3256256570775179E-003  0.99999999999999978     
  -1.3799999999999999        3.3434496520728264E-003  0.99999999999999978     
  -1.3559999999999990        3.3610594068912642E-003  0.99999999999999978     
  -1.3319999999999990        3.3784505389144316E-003  0.99999999999999978     
  -1.3079999999999998        3.3956187032436820E-003  0.99999999999999978     
  -1.2839999999999998        3.4125595945010286E-003  0.99999999999999978     
  -1.2599999999999989        3.4292689486210151E-003  0.99999999999999978     
  -1.2359999999999989        3.4457425446325304E-003  0.99999999999999978     
  -1.2119999999999997        3.4619762064295361E-003  0.99999999999999978     
  -1.1879999999999997        3.4779658045296508E-003  0.99999999999999978     
  -1.1639999999999997        3.4937072578195586E-003  0.99999999999999978     
  -1.1399999999999988        3.5091965352862437E-003  0.99999999999999978     
  -1.1159999999999988        3.5244296577329735E-003  0.99999999999999978     
  -1.0919999999999996        3.5394026994790733E-003  0.99999999999999978     
  -1.0679999999999996        3.5541117900424182E-003  0.99999999999999978     
  -1.0439999999999996        3.5685531158036786E-003  0.99999999999999978     
  -1.0199999999999987        3.5827229216512909E-003  0.99999999999999978     
 -0.99599999999999955        3.5966175126061948E-003  0.99999999999999978     
 -0.97199999999999953        3.6102332554253120E-003  0.99999999999999978     
 -0.94799999999999951        3.6235665801828227E-003  0.99999999999999978     
 -0.92399999999999860        3.6366139818282892E-003  0.99999999999999978     
 -0.89999999999999947        3.6493720217206293E-003  0.99999999999999978     
 -0.87599999999999945        3.6618373291370499E-003  0.99999999999999978     
 -0.85199999999999942        3.6740066027559871E-003  0.99999999999999978     
 -0.82799999999999940        3.6858766121131399E-003  0.99999999999999978     
 -0.80399999999999938        3.6974441990297304E-003  0.99999999999999978     
 -0.77999999999999936        3.7087062790120535E-003  0.99999999999999978     
 -0.75599999999999934        3.7196598426214931E-003  0.99999999999999978     
 -0.73199999999999932        3.7303019568141449E-003  0.99999999999999978     
 -0.70799999999999930        3.7406297662491927E-003  0.99999999999999978     
 -0.68399999999999928        3.7506404945652338E-003  0.99999999999999978     
 -0.65999999999999925        3.7603314456237731E-003  0.99999999999999978     
 -0.63599999999999923        3.7697000047190615E-003  0.99999999999999978     
 -0.61199999999999921        3.7787436397535680E-003  0.99999999999999978     
 -0.58799999999999919        3.7874599023783079E-003  0.99999999999999978     
 -0.56399999999999917        3.7958464290973404E-003  0.99999999999999978     
 -0.53999999999999915        3.8039009423357084E-003  0.99999999999999978     
 -0.51599999999999913        3.8116212514701566E-003  0.99999999999999978     
 -0.49199999999999910        3.8190052538219933E-003  0.99999999999999978     
 -0.46799999999999908        3.8260509356114331E-003  0.99999999999999978     
 -0.44399999999999906        3.8327563728728395E-003  0.99999999999999978     
 -0.41999999999999904        3.8391197323302717E-003  0.99999999999999978     
 -0.39599999999999991        3.8451392722327832E-003  0.99999999999999978     
 -0.37199999999999900        3.8508133431489431E-003  0.99999999999999978     
 -0.34799999999999898        3.8561403887200671E-003  0.99999999999999978     
 -0.32399999999999896        3.8611189463716626E-003  0.99999999999999978     
 -0.29999999999999982        3.8657476479826754E-003  0.99999999999999978     
 -0.27599999999999980        3.8700252205120618E-003  0.99999999999999978     
 -0.25199999999999889        3.8739504865823041E-003  0.99999999999999978     
 -0.22799999999999887        3.8775223650195085E-003  0.99999999999999978     
 -0.20399999999999974        3.8807398713497144E-003  0.99999999999999978     
 -0.17999999999999972        3.8836021182511041E-003  0.99999999999999978     
 -0.15599999999999881        3.8861083159618453E-003  0.99999999999999978     
 -0.13199999999999878        3.8882577726432532E-003  0.99999999999999978     
 -0.10799999999999876        3.8900498946980982E-003  0.99999999999999978     
  -8.3999999999999631E-002   3.8914841870438029E-003  0.99999999999999978     
  -5.9999999999999609E-002   3.8925602533403871E-003  0.99999999999999978     
  -3.5999999999998700E-002   3.8932777961729992E-003  0.99999999999999978     
  -1.1999999999998678E-002   3.8936366171889118E-003  0.99999999999999978     
   1.2000000000000455E-002   3.8936366171889109E-003  0.99999999999999978     
   3.6000000000000476E-002   3.8932777961729983E-003  0.99999999999999978     
   6.0000000000000497E-002   3.8925602533403871E-003  0.99999999999999978     
   8.4000000000001407E-002   3.8914841870438021E-003  0.99999999999999978     
  0.10800000000000054        3.8900498946980982E-003  0.99999999999999978     
  0.13200000000000056        3.8882577726432532E-003  0.99999999999999978     
  0.15600000000000058        3.8861083159618445E-003  0.99999999999999978     
  0.18000000000000149        3.8836021182511032E-003  0.99999999999999978     
  0.20400000000000063        3.8807398713497127E-003  0.99999999999999978     
  0.22800000000000065        3.8775223650195085E-003  0.99999999999999978     
  0.25200000000000067        3.8739504865823041E-003  0.99999999999999978     
  0.27600000000000069        3.8700252205120618E-003  0.99999999999999978     
  0.30000000000000071        3.8657476479826754E-003  0.99999999999999978     
  0.32400000000000073        3.8611189463716618E-003  0.99999999999999978     
  0.34800000000000075        3.8561403887200662E-003  0.99999999999999978     
  0.37200000000000077        3.8508133431489440E-003  0.99999999999999978     
  0.39600000000000080        3.8451392722327823E-003  0.99999999999999978     
  0.42000000000000082        3.8391197323302709E-003  0.99999999999999978     
  0.44400000000000084        3.8327563728728386E-003  0.99999999999999978     
  0.46800000000000086        3.8260509356114331E-003  0.99999999999999978     
  0.49200000000000088        3.8190052538219924E-003  0.99999999999999978     
  0.51600000000000090        3.8116212514701557E-003  0.99999999999999978     
  0.54000000000000092        3.8039009423357075E-003  0.99999999999999978     
  0.56400000000000095        3.7958464290973404E-003  0.99999999999999978     
  0.58800000000000097        3.7874599023783079E-003  0.99999999999999978     
  0.61200000000000099        3.7787436397535672E-003  0.99999999999999978     
  0.63600000000000101        3.7697000047190615E-003  0.99999999999999978     
  0.66000000000000103        3.7603314456237723E-003  0.99999999999999978     
  0.68400000000000105        3.7506404945652338E-003  0.99999999999999978     
  0.70800000000000018        3.7406297662491909E-003  0.99999999999999978     
  0.73200000000000109        3.7303019568141441E-003  0.99999999999999978     
  0.75600000000000112        3.7196598426214914E-003  0.99999999999999978     
  0.78000000000000114        3.7087062790120517E-003  0.99999999999999978     
  0.80400000000000027        3.6974441990297313E-003  0.99999999999999978     
  0.82800000000000029        3.6858766121131391E-003  0.99999999999999978     
  0.85200000000000120        3.6740066027559854E-003  0.99999999999999978     
  0.87600000000000122        3.6618373291370499E-003  0.99999999999999978     
  0.90000000000000036        3.6493720217206293E-003  0.99999999999999978     
  0.92400000000000038        3.6366139818282883E-003  0.99999999999999978     
  0.94800000000000129        3.6235665801828219E-003  0.99999999999999978     
  0.97200000000000131        3.6102332554253103E-003  0.99999999999999978     
  0.99600000000000133        3.5966175126061943E-003  0.99999999999999978     
   1.0200000000000005        3.5827229216512909E-003  0.99999999999999978     
   1.0440000000000005        3.5685531158036782E-003  0.99999999999999978     
   1.0680000000000014        3.5541117900424178E-003  0.99999999999999978     
   1.0920000000000014        3.5394026994790715E-003  0.99999999999999978     
   1.1160000000000005        3.5244296577329717E-003  0.99999999999999978     
   1.1400000000000006        3.5091965352862411E-003  0.99999999999999978     
   1.1640000000000015        3.4937072578195586E-003  0.99999999999999978     
   1.1880000000000015        3.4779658045296490E-003  0.99999999999999978     
   1.2120000000000006        3.4619762064295352E-003  0.99999999999999978     
   1.2360000000000007        3.4457425446325291E-003  0.99999999999999978     
   1.2600000000000007        3.4292689486210143E-003  0.99999999999999978     
   1.2840000000000016        3.4125595945010286E-003  0.99999999999999978     
   1.3080000000000007        3.3956187032436812E-003  0.99999999999999978     
   1.3320000000000007        3.3784505389144303E-003  0.99999999999999978     
   1.3560000000000008        3.3610594068912616E-003  0.99999999999999978     
   1.3800000000000008        3.3434496520728255E-003  0.99999999999999978     
   1.4040000000000008        3.3256256570775170E-003  0.99999999999999978     
   1.4280000000000008        3.3075918404346077E-003  0.99999999999999978     
   1.4520000000000008        3.2893526547684150E-003  0.99999999999999978     
   1.4760000000000009        3.2709125849765775E-003  0.99999999999999978     
   1.5000000000000018        3.2522761464034529E-003  0.99999999999999978     
   1.5240000000000009        3.2334478830096927E-003  0.99999999999999978     
   1.5480000000000009        3.2144323655390033E-003  0.99999999999999978     
   1.5720000000000010        3.1952341896831402E-003  0.99999999999999978     
   1.5960000000000010        3.1758579742461415E-003  0.99999999999999978     
   1.6200000000000010        3.1563083593088227E-003  0.99999999999999978     
   1.6440000000000019        3.1365900043945532E-003  0.99999999999999978     
   1.6680000000000001        3.1167075866372941E-003  0.99999999999999978     
   1.6920000000000002        3.0966657989529166E-003  0.99999999999999978     
   1.7160000000000011        3.0764693482147735E-003  0.99999999999999978     
   1.7400000000000011        3.0561229534345259E-003  0.99999999999999978     
   1.7640000000000011        3.0356313439491417E-003  0.99999999999999978     
   1.7880000000000011        3.0149992576150959E-003  0.99999999999999978     
   1.8120000000000012        2.9942314390106572E-003  0.99999999999999978     
   1.8360000000000021        2.9733326376472366E-003  0.99999999999999978     
   1.8600000000000003        2.9523076061907074E-003  0.99999999999999978     
   1.8840000000000003        2.9311610986936030E-003  0.99999999999999978     
   1.9080000000000004        2.9098978688391064E-003  0.99999999999999978     
   1.9320000000000013        2.8885226681977022E-003  0.99999999999999978     
   1.9560000000000013        2.8670402444973615E-003  0.99999999999999978     
   1.9800000000000013        2.8454553399081249E-003  0.99999999999999978     
   2.0040000000000013        2.8237726893419039E-003  0.99999999999999978     
   2.0280000000000022        2.8019970187683511E-003  0.99999999999999978     
   2.0520000000000014        2.7801330435475880E-003  0.99999999999999978     
   2.0760000000000005        2.7581854667805650E-003  0.99999999999999978     
   2.1000000000000014        2.7361589776778669E-003  0.99999999999999978     
   2.1240000000000006        2.7140582499476863E-003  0.99999999999999978     
   2.1480000000000015        2.6918879402037074E-003  0.99999999999999978     
   2.1720000000000006        2.6696526863936344E-003  0.99999999999999978     
   2.1960000000000015        2.6473571062490204E-003  0.99999999999999978     
   2.2200000000000024        2.6250057957571513E-003  0.99999999999999978     
   2.2440000000000015        2.6026033276555574E-003  0.99999999999999978     
   2.2680000000000007        2.5801542499498567E-003  0.99999999999999978     
   2.2919999999999998        2.5576630844555115E-003  0.99999999999999978     
   2.3160000000000007        2.5351343253641285E-003  0.99999999999999978     
   2.3400000000000016        2.5125724378348554E-003  0.99999999999999978     
   2.3640000000000008        2.4899818566114311E-003  0.99999999999999978     
   2.3880000000000017        2.4673669846654407E-003  0.99999999999999978     
   2.4120000000000008        2.4447321918662857E-003  0.99999999999999978     
   2.4360000000000017        2.4220818136783326E-003  0.99999999999999978     
   2.4600000000000026        2.3994201498857659E-003  0.99999999999999978     
   2.4840000000000000        2.3767514633455419E-003  0.99999999999999978     
   2.5080000000000009        2.3540799787688730E-003  0.99999999999999978     
   2.5320000000000000        2.3314098815317105E-003  0.99999999999999978     
   2.5560000000000009        2.3087453165144965E-003  0.99999999999999978     
   2.5800000000000018        2.2860903869716498E-003  0.99999999999999978     
   2.6040000000000010        2.2634491534310589E-003  0.99999999999999978     
   2.6280000000000019        2.2408256326239108E-003  0.99999999999999978     
   2.6520000000000010        2.2182237964451660E-003  0.99999999999999978     
   2.6760000000000002        2.1956475709449053E-003  0.99999999999999978     
   2.7000000000000011        2.1731008353508461E-003  0.99999999999999978     
   2.7240000000000002        2.1505874211222189E-003  0.99999999999999978     
   2.7480000000000011        2.1281111110352047E-003  0.99999999999999978     
   2.7720000000000020        2.1056756383001293E-003  0.99999999999999978     
   2.7960000000000012        2.0832846857105646E-003  0.99999999999999978     
   2.8200000000000021        2.0609418848244548E-003  0.99999999999999978     
   2.8440000000000012        2.0386508151774164E-003  0.99999999999999978     
   2.8680000000000003        2.0164150035282598E-003  0.99999999999999978     
   2.8920000000000012        1.9942379231368333E-003  0.99999999999999978     
   2.9160000000000004        1.9721229930742376E-003  0.99999999999999978     
   2.9400000000000013        1.9500735775653949E-003  0.99999999999999978     
   2.9640000000000004        1.9280929853640455E-003  0.99999999999999978     
   2.9880000000000013        1.9061844691600888E-003  0.99999999999999978     
   3.0120000000000022        1.8843512250192940E-003  0.99999999999999978     
   3.0360000000000014        1.8625963918552683E-003  0.99999999999999978     
   3.0600000000000023        1.8409230509336368E-003  0.99999999999999978     
   3.0839999999999996        1.8193342254083566E-003  0.99999999999999978     
   3.1080000000000005        1.7978328798899778E-003  0.99999999999999978     
   3.1320000000000014        1.7764219200458243E-003  0.99999999999999978     
   3.1560000000000006        1.7551041922318276E-003  0.99999999999999978     
   3.1800000000000015        1.7338824831559169E-003  0.99999999999999978     
   3.2040000000000024        1.7127595195727634E-003  0.99999999999999978     
   3.2280000000000015        1.6917379680096299E-003  0.99999999999999978     
   3.2520000000000024        1.6708204345231520E-003  0.99999999999999978     
   3.2759999999999998        1.6500094644867874E-003  0.99999999999999978     
   3.3000000000000007        1.6293075424086410E-003  0.99999999999999978     
   3.3240000000000016        1.6087170917794627E-003  0.99999999999999978     
   3.3480000000000008        1.5882404749504573E-003  0.99999999999999978     
   3.3720000000000017        1.5678799930406216E-003  0.99999999999999978     
   3.3960000000000008        1.5476378858733163E-003  0.99999999999999978     
   3.4200000000000017        1.5275163319416814E-003  0.99999999999999978     
   3.4440000000000026        1.5075174484025951E-003  0.99999999999999978     
   3.4680000000000000        1.4876432910987788E-003  0.99999999999999978     
   3.4920000000000009        1.4678958546086723E-003  0.99999999999999978     
   3.5160000000000000        1.4482770723237186E-003  0.99999999999999978     
   3.5400000000000009        1.4287888165526077E-003  0.99999999999999978     
   3.5640000000000018        1.4094328986521052E-003  0.99999999999999978     
   3.5880000000000010        1.3902110691840198E-003  0.99999999999999978     
   3.6120000000000019        1.3711250180978548E-003  0.99999999999999978     
   3.6360000000000010        1.3521763749387533E-003  0.99999999999999978     
   3.6600000000000019        1.3333667090801931E-003  0.99999999999999978     
   3.6840000000000011        1.3146975299810535E-003  0.99999999999999978     
   3.7080000000000002        1.2961702874664963E-003  0.99999999999999978     
   3.7320000000000011        1.2777863720322342E-003  0.99999999999999978     
   3.7560000000000020        1.2595471151716630E-003  0.99999999999999978     
   3.7800000000000011        1.2414537897253630E-003  0.99999999999999978     
   3.8040000000000020        1.2235076102524523E-003  0.99999999999999978     
   3.8280000000000012        1.2057097334233001E-003  0.99999999999999978     
   3.8520000000000021        1.1880612584330413E-003  0.99999999999999978     
   3.8760000000000012        1.1705632274354059E-003  0.99999999999999978     
   3.9000000000000004        1.1532166259962879E-003  0.99999999999999978     
   3.9240000000000013        1.1360223835665507E-003  0.99999999999999978     
   3.9480000000000004        1.1189813739735099E-003  0.99999999999999978     
   3.9720000000000013        1.1020944159305405E-003  0.99999999999999978     
   3.9960000000000022        1.0853622735642777E-003  0.99999999999999978     
   4.0200000000000014        1.0687856569588418E-003  0.99999999999999978     
   4.0440000000000023        1.0523652227165331E-003  0.99999999999999978     
   4.0680000000000014        1.0361015745344608E-003  0.99999999999999978     
   4.0920000000000005        1.0199952637965015E-003  0.99999999999999978     
   4.1160000000000014        1.0040467901800795E-003  0.99999999999999978     
   4.1400000000000006        9.8825660227717352E-004  0.99999999999999978     
   4.1640000000000015        9.7262509822898145E-004  0.99999999999999978     
   4.1880000000000006        9.5715262637372585E-004  0.99999999999999978     
   4.2120000000000015        9.4183948590697761E-004  0.99999999999999978     
   4.2360000000000024        9.2668592755399141E-004  0.99999999999999978     
   4.2600000000000016        9.1169215425345969E-004  0.99999999999999978     
   4.2840000000000007        8.9685832185213582E-004  0.99999999999999978     
   4.3080000000000016        8.8218453980978113E-004  0.99999999999999978     
   4.3320000000000007        8.6767087191386985E-004  0.99999999999999978     
   4.3560000000000016        8.5331733700350033E-004  0.99999999999999978     
   4.3800000000000008        8.3912390970198084E-004  0.99999999999999978     
   4.4040000000000017        8.2509052115752090E-004  0.99999999999999978     
   4.4280000000000026        8.1121705979151748E-004  0.99999999999999978     
   4.4520000000000017        7.9750337205386783E-004  0.99999999999999978     
   4.4760000000000009        7.8394926318480179E-004  0.99999999999999978     
   4.5000000000000000        7.7055449798269816E-004  0.99999999999999978     
   4.5240000000000009        7.5731880157735765E-004  0.99999999999999978     
   4.5480000000000018        7.4424186020822668E-004  0.99999999999999978     
   4.5720000000000010        7.3132332200704806E-004  0.99999999999999978     
   4.5960000000000019        7.1856279778444306E-004  0.99999999999999978     
   4.6200000000000010        7.0595986181992644E-004  0.99999999999999978     
   4.6440000000000019        6.9351405265485194E-004  0.99999999999999978     
   4.6680000000000028        6.8122487388781413E-004  0.99999999999999978     
   4.6920000000000002        6.6909179497202215E-004  0.99999999999999978     
   4.7160000000000011        6.5711425201416505E-004  0.99999999999999978     
   4.7400000000000002        6.4529164857433073E-004  0.99999999999999978     
   4.7640000000000011        6.3362335646648582E-004  0.99999999999999978     
   4.7880000000000020        6.2210871655910091E-004  0.99999999999999978     
   4.8120000000000012        6.1074703957545242E-004  0.99999999999999978     
   4.8360000000000021        5.9953760689318916E-004  0.99999999999999978     
   4.8600000000000030        5.8847967134272993E-004  0.99999999999999978     
   4.8840000000000003        5.7757245800407601E-004  0.99999999999999978     
   4.9080000000000013        5.6681516500162502E-004  0.99999999999999978     
   4.9320000000000004        5.5620696429661170E-004  0.99999999999999978     
   4.9560000000000013        5.4574700247674935E-004  0.99999999999999978     
   4.9800000000000022        5.3543440154272517E-004  0.99999999999999978     
   5.0040000000000013        5.2526825969115537E-004  0.99999999999999978     
   5.0280000000000022        5.1524765209364409E-004  0.99999999999999978     
   5.0520000000000014        5.0537163167160652E-004  0.99999999999999978     
   5.0760000000000023        4.9563922986648238E-004  0.99999999999999978     
   5.1000000000000014        4.8604945740504142E-004  0.99999999999999978     
   5.1240000000000006        4.7660130505942493E-004  0.99999999999999978     
   5.1480000000000015        4.6729374440162956E-004  0.99999999999999978     
   5.1720000000000006        4.5812572855212014E-004  0.99999999999999978     
   5.1960000000000015        4.4909619292226926E-004  0.99999999999999978     
   5.2200000000000024        4.4020405595035359E-004  0.99999999999999978     
   5.2440000000000015        4.3144821983081405E-004  0.99999999999999978     
   5.2680000000000025        4.2282757123652219E-004  0.99999999999999978     
   5.2920000000000016        4.1434098203379621E-004  0.99999999999999978     
   5.3160000000000007        4.0598730998991505E-004  0.99999999999999978     
   5.3400000000000016        3.9776539947289526E-004  0.99999999999999978     
   5.3640000000000008        3.8967408214330692E-004  0.99999999999999978     
   5.3880000000000017        3.8171217763790025E-004  0.99999999999999978     
   5.4120000000000026        3.7387849424484737E-004  0.99999999999999978     
   5.4360000000000017        3.6617182957039002E-004  0.99999999999999978     
   5.4600000000000026        3.5859097119670752E-004  0.99999999999999978     
   5.4840000000000000        3.5113469733083014E-004  0.99999999999999978     
   5.5080000000000009        3.4380177744441437E-004  0.99999999999999978     
   5.5320000000000018        3.3659097290423916E-004  0.99999999999999978     
   5.5560000000000009        3.2950103759324899E-004  0.99999999999999978     
   5.5800000000000018        3.2253071852201523E-004  0.99999999999999978     
   5.6040000000000010        3.1567875643048288E-004  0.99999999999999978     
   5.6280000000000019        3.0894388637986783E-004  0.99999999999999978     
   5.6520000000000028        3.0232483833460077E-004  0.99999999999999978     
   5.6760000000000019        2.9582033773420310E-004  0.99999999999999978     
   5.7000000000000011        2.8942910605499780E-004  0.99999999999999978     
   5.7240000000000002        2.8314986136157100E-004  0.99999999999999978     
   5.7480000000000011        2.7698131884789718E-004  0.99999999999999978     
   5.7720000000000020        2.7092219136805844E-004  0.99999999999999978     
   5.7960000000000012        2.6497118995649213E-004  0.99999999999999978     
   5.8200000000000021        2.5912702433770931E-004  0.99999999999999978     
   5.8440000000000012        2.5338840342544253E-004  0.99999999999999978     
   5.8680000000000021        2.4775403581116798E-004  0.99999999999999978     
   5.8920000000000012        2.4222263024198889E-004  0.99999999999999978     
   5.9160000000000004        2.3679289608783392E-004  0.99999999999999978     
   5.9400000000000013        2.3146354379796776E-004  0.99999999999999978     
   5.9640000000000022        2.2623328534679795E-004  0.99999999999999978     
   5.9880000000000013        2.2110083466897126E-004  0.99999999999999978     
