  0.10000000000000001        0.0000000000000000     
  0.20000000000000001       -9.9833416644681844E-002
  0.30000000000000004      -0.19866933078938406     
  0.40000000000000002      -0.29552020665081263     
  0.50000000000000000      -0.38941834229188987     
  0.60000000000000009      -0.47942553854387171     
  0.70000000000000007      -0.56464247241809118     
  0.80000000000000004      -0.64421768116045408     
  0.90000000000000002      -0.71735607494155107     
   1.0000000000000000      -0.78332688499870640     
   1.1000000000000001      -0.84147095636775482     
   1.2000000000000002      -0.89120733143214503     
   1.3000000000000000      -0.93203905906308537     
   1.4000000000000001      -0.96355816069952349     
   1.5000000000000000      -0.98544970687354150     
   1.6000000000000001      -0.99749496479747513     
   1.7000000000000002      -0.99957358262871399     
   1.8000000000000000      -0.99166479165393873     
   1.9000000000000001      -0.97384761396946851     
   2.0000000000000000      -0.94630007286195594     
   2.1000000000000001      -0.90929741424591026     
   2.2000000000000002      -0.86320935639010332     
   2.3000000000000003      -0.80849639518546301     
   2.4000000000000004      -0.74570520405089147     
   2.5000000000000000      -0.67546317369850217     
   2.6000000000000001      -0.59847214132588444     
   2.7000000000000002      -0.51550137497253823     
   2.8000000000000003      -0.42737988976883268     
   2.9000000000000004      -0.33498816618050109     
   3.0000000000000000      -0.23924935100014416     
   3.1000000000000001      -0.14112003451147823     
   3.2000000000000002       -4.1580693254862328E-002
   3.3000000000000003        5.8374108441469022E-002
   3.4000000000000004       0.15774565547487959     
   3.5000000000000000       0.25554106006637711     
   3.6000000000000001       0.35078318270837422     
   3.7000000000000002       0.44252039541243382     
   3.8000000000000003       0.52983608934348569     
   3.9000000000000004       0.61185783329359011     
   4.0000000000000000       0.68776609345748230     
   4.1000000000000005       0.75680242311520851     
   4.2000000000000002       0.81827703601167656     
   4.2999999999999998       0.87157569778149535     
   4.4000000000000004       0.91616586471388828     
   4.5000000000000000       0.95160200540876172     
   4.6000000000000005       0.97753005310632901     
   4.7000000000000002       0.99369094329653462     
   4.8000000000000007       0.99992320185774453     
   4.9000000000000004       0.99616455839409790     
   5.0000000000000000       0.98245256804593428     
   5.1000000000000005       0.95892423630628398     
   5.2000000000000002       0.92581465052453971     
   5.3000000000000007       0.88345463079168629     
   5.4000000000000004       0.83226742415888100     
   5.5000000000000000       0.77276447627412292     
   5.6000000000000005       0.70554032176839032     
   5.7000000000000002       0.63126664290928192     
   5.8000000000000007       0.55068555730982005     
   5.9000000000000004       0.46460220403348568     
   6.0000000000000000       0.37387669928121797     
   6.1000000000000005       0.27941554215679398     
   6.2000000000000002       0.18216255719804961     
   6.3000000000000007        8.3089463900133220E-002
   6.4000000000000004       -1.6813832019986104E-002
   6.5000000000000000      -0.11654912957241255     
   6.6000000000000005      -0.21511990657745039     
   6.7000000000000002      -0.31154127649252594     
   6.8000000000000007      -0.40484982870853498     
   6.9000000000000004      -0.49411325468978595     
   7.0000000000000000      -0.57843966322574991     
   7.1000000000000005      -0.65698649166092793     
   7.2000000000000002      -0.72896892692418458     
   7.3000000000000007      -0.79366774756908143     
   7.4000000000000004      -0.85043650535933368     
   7.5000000000000000      -0.89870798418239017     
   7.6000000000000005      -0.93799987040223676     
   7.7000000000000002      -0.96791957175079202     
   7.8000000000000007      -0.98816814027907984     
   7.9000000000000004      -0.99854325946247668     
   8.0000000000000000      -0.99894126463348432     
   8.0999999999999996      -0.98935817881374777     
   8.2000000000000011      -0.96988975296692204     
   8.3000000000000007      -0.94073050935149261     
   8.4000000000000004      -0.90217179763348010     
   8.5000000000000000      -0.85459888353446034     
   8.5999999999999996      -0.79848709941601359     
   8.7000000000000011      -0.73439709588900026     
   8.8000000000000007      -0.66296924032379878     
   8.9000000000000004      -0.58491721648765482     
   9.0000000000000000      -0.50102089358780544     
   9.0999999999999996      -0.41211853575597779     
   9.2000000000000011      -0.31909842602310001     
   9.3000000000000007      -0.22288999014681488     
   9.4000000000000004      -0.12445451092355610     
   9.5000000000000000       -2.4775523428223110E-002
   9.6000000000000014        7.5151012973643433E-002
   9.7000000000000011       0.17432666556779056     
   9.8000000000000007       0.27176050386381156     
   9.9000000000000004       0.36647900082035528     
   10.000000000000000       0.45753576023984371     
   10.100000000000001       0.54402097233654567     
   10.200000000000001       0.62507050448134771     
   10.300000000000001       0.69987453780911224     
   10.400000000000000       0.76768565774078168     
   10.500000000000000       0.82782631837414222     
   10.600000000000001       0.87969561351834058     
   10.700000000000001       0.92277528156082356     
   10.800000000000001       0.95663488395700513     
   10.900000000000000       0.98093610676193888     
   11.000000000000000       0.99543614029312233     
   11.100000000000001       0.99999010486964468     
   11.200000000000001       0.99455249878793117     
   11.300000000000001       0.97917765284391600     
   11.400000000000000       0.95401918746946868     
   11.500000000000000       0.91932847781699245     
   11.600000000000001       0.87545214181758013     
   11.700000000000001       0.82282857700030942     
   11.800000000000001       0.76198358104425556     
   11.900000000000000       0.69352509801788476     
   12.000000000000000       0.61813714241456974     
   12.100000000000001       0.53657296499862850     
   12.200000000000001       0.44964752793453788     
   12.300000000000001       0.35822936152742230     
   12.400000000000000       0.26323188584859608     
   12.500000000000000       0.16560428434465019     
   12.600000000000001        6.6322019447612124E-002
   12.700000000000001       -3.3622913534247338E-002
   12.800000000000001      -0.13323189764599661     
   12.900000000000000      -0.23150967255226018     
   13.000000000000000      -0.32747427896305636     
   13.100000000000001      -0.42016687001094655     
   13.200000000000001      -0.50866129177157848     
   13.300000000000001      -0.59207333703673259     
   13.400000000000000      -0.66956958038966941     
   13.500000000000000      -0.74037570591074597     
   13.600000000000001      -0.80378424357538159     
   13.700000000000001      -0.85916163644655741     
   13.800000000000001      -0.90595457096929766     
   13.900000000000000      -0.94369550708797822     
   14.000000000000000      -0.97200734967082936     
   14.100000000000001      -0.99060721607094271     
   14.200000000000001      -0.99930926270174103     
   14.300000000000001      -0.99802654154442849     
   14.400000000000000      -0.98677186893321578     
   14.500000000000000      -0.96565769785572642     
   14.600000000000001      -0.93489499430218559     
   14.700000000000001      -0.89479112908373659     
   14.800000000000001      -0.84574680670110902     
   14.900000000000000      -0.78825206187499253     
   15.000000000000000      -0.72288136347108756     
   15.100000000000001      -0.65028787400298160     
   15.200000000000001      -0.57119692306859193     
   15.300000000000001      -0.48639876110259395     
   15.400000000000000      -0.39674066376965900     
   15.500000000000000      -0.30311846543222121     
   15.600000000000001      -0.20646760787258689     
   15.700000000000001      -0.10775379410580671     
   15.800000000000001       -7.9633398797890036E-003
   15.900000000000000        9.1906681489138331E-002
   16.000000000000000       0.19085840171274718     
   16.100000000000001       0.28790312767423160     
   16.199999999999999       0.38207122036395580     
   16.300000000000001       0.47242178339626334     
   16.400000000000002       0.55805206340171842     
   16.500000000000000       0.63810647049290459     
   16.600000000000001       0.71178512855509368     
   16.699999999999999       0.77835186589999983     
   16.800000000000001       0.83714156954034136     
   16.900000000000002       0.88756683216066390     
   17.000000000000000       0.92912382098960455     
   17.100000000000001       0.96139731200518785     
   17.199999999999999       0.98406483921966836     
   17.300000000000001       0.99689991598784911     
   17.400000000000002       0.99977429807403484     
   17.500000000000000       0.99265926557581141     
   17.600000000000001       0.97562590972879193     
   17.699999999999999       0.94884442239335420     
   17.800000000000001       0.91258239545092867     
   17.900000000000002       0.86720214697916076     
   18.000000000000000       0.81315710129227825     
   18.100000000000001       0.75098725884285267     
   18.199999999999999       0.68131380008875575     
   18.300000000000001       0.60483287877710679     
   18.400000000000002       0.52230866733446191     
   18.500000000000000       0.43456572104668068     
   18.600000000000001       0.34248073842529059     
   18.699999999999999       0.24697380189279960     
   18.800000000000001       0.14899918482039812     
   18.900000000000002        4.9535816769602094E-002
   19.000000000000000       -5.0422497180764504E-002
   19.100000000000001      -0.14987700628924841     
   19.200000000000003      -0.24783399364618006     
   19.300000000000001      -0.34331470532166175     
   19.400000000000002      -0.43536512971631208     
   19.500000000000000      -0.52306552931426131     
   19.600000000000001      -0.60553963061111715     
   19.700000000000003      -0.68196337954672637     
   19.800000000000001      -0.75157317507359489     
   19.900000000000002      -0.81367350032011476     
   20.000000000000000      -0.86764387051098391     
   20.100000000000001      -0.91294503100473279     
   20.200000000000003      -0.94912434712656590     
   20.300000000000001      -0.97582032687902864     
   20.400000000000002      -0.99276623230527250     
   20.500000000000000      -0.99979274537762719     
   20.600000000000001      -0.99682965967890003     
   20.700000000000003      -0.98390658146928833     
   20.800000000000001      -0.96115263399647777     
   20.900000000000002      -0.92879516727525890     
   21.000000000000000      -0.88715748636028569     
   21.100000000000001      -0.83665562113020986     
   21.200000000000003      -0.77779416940404500     
   21.300000000000001      -0.71116125514825179     
   21.400000000000002      -0.63742265269991427     
   21.500000000000000      -0.55731513437506730     
   21.600000000000001      -0.47163910806717529     
   21.700000000000003      -0.38125062023733575     
   21.800000000000001      -0.28705280271702438     
   21.900000000000002      -0.18998684840614238     
   22.000000000000000       -9.1022607816523354E-002
   22.100000000000001        8.8511007914505706E-003
   22.200000000000003       0.10863637206733601     
   22.300000000000001       0.20733618451834418     
   22.400000000000002       0.30396436224634854     
   22.500000000000000       0.39755542857017340     
   22.600000000000001       0.48717425251467417     
   22.700000000000003       0.57192539182430391     
   22.800000000000001       0.65096204014177894     
   22.900000000000002       0.72349448983670717     
   23.000000000000000       0.78879802259704024     
   23.100000000000001       0.84622014784300248     
   23.200000000000003       0.89518712221889762     
   23.300000000000001       0.93520968346962874     
   23.400000000000002       0.96588793897345648     
   23.500000000000000       0.98691536140438518     
   23.600000000000001       0.99808185158662499     
   23.700000000000003       0.99927583760939331     
   23.800000000000001       0.99048538962051358     
   23.900000000000002       0.97179833901318979     
   24.000000000000000       0.94340140072275358     
   24.100000000000001       0.90557830761873404     
   24.200000000000003       0.85870697545932140     
   24.300000000000001       0.80325572685171975     
   24.400000000000002       0.73977861237456366     
   24.500000000000000       0.66890987474842500     
   24.600000000000001       0.59135761106427609     
   24.700000000000003       0.50789669789432368     
   24.800000000000001       0.41936104937842045     
   24.900000000000002       0.32663528440052797     
   25.000000000000000       0.23064588772383518     
   25.100000000000001       0.13235195340559400     
   25.200000000000003        3.2735601886317474E-002
   25.300000000000001       -6.7207833165348799E-002
   25.400000000000002      -0.16647974985902725     
   25.500000000000000      -0.26408825585443496     
   25.600000000000001      -0.35905807920322758     
   25.700000000000003      -0.45044031273885121     
   25.800000000000001      -0.53732189496010141     
   25.900000000000002      -0.61883473345797546     
   26.000000000000000      -0.69416437910206052     
   26.100000000000001      -0.76255816360555362     
   26.200000000000003      -0.82333271996809421     
   26.300000000000001      -0.87588080939460933     
   26.400000000000002      -0.91967738820884948     
   26.500000000000000      -0.95428485503869120     
   26.600000000000001      -0.97935742311358776     
   26.700000000000003      -0.99464457520331695     
   26.800000000000001      -0.99999356715668541     
   26.900000000000002      -0.99535095380992988     
   27.000000000000000      -0.98076312272363120     
   27.100000000000001      -0.95637583078712285     
   27.200000000000003      -0.92243274785095475     
   27.300000000000001      -0.87927302192757417     
   27.400000000000002      -0.82732789056962441     
   27.500000000000000      -0.76711637219684137     
   27.600000000000001      -0.69924008036103713     
   27.700000000000003      -0.62437721282816594     
   27.800000000000001      -0.54327577510251945     
   27.900000000000002      -0.45674610611718902     
   28.000000000000000      -0.36565278159390502     
   28.100000000000001      -0.27090597565694119     
   28.200000000000003      -0.17345236654348009     
   28.300000000000001       -7.4265678240930541E-002
   28.400000000000002        2.5663048354688321E-002
   28.500000000000000       0.12533535818422323     
   28.600000000000001       0.22375535840548738     
   28.700000000000003       0.31993966894361953     
   28.800000000000001       0.41292724807690878     
   28.900000000000002       0.50178899461963467     
   29.000000000000000       0.58563703083552787     
   29.100000000000001       0.66363357393130840     
   29.200000000000003       0.73499930863895224     
   29.300000000000001       0.79902117414110674     
   29.400000000000002       0.85505948587925584     
   29.500000000000000       0.90255432700527671     
   29.600000000000001       0.94103114424163381     
   29.700000000000003       0.97010548937863139     
   29.800000000000001       0.98948686082178994     
   29.900000000000002       0.99898160639691203     
   30.000000000000000       0.99849485785840086     
   30.100000000000001       0.98803147870166930     
   30.200000000000003       0.96769601565862362     
   30.300000000000001       0.93769165404052490     
   30.400000000000002       0.89831818751459191     
   30.500000000000000       0.84996902254105478     
   30.600000000000001       0.79312724760734421     
   30.700000000000003       0.72836080699050776     
   30.800000000000001       0.65631682625710208     
   30.900000000000002       0.57771514546830816     
   31.000000000000000       0.49334112650102957     
   31.100000000000001       0.40403780657746080     
   31.200000000000003       0.31069747470533771     
   31.300000000000001       0.21425275615803130     
   31.400000000000002       0.11566729464144022     
   31.500000000000000        1.5926123715246317E-002
   31.600000000000001       -8.3974175817303015E-002
   31.700000000000003      -0.18303543322188526     
   31.800000000000001      -0.28026786116587360     
   31.900000000000002      -0.37469994540772811     
   32.000000000000000      -0.46538815155768154     
   32.100000000000001      -0.55142635231974491     
   32.200000000000003      -0.63195488168464486     
   32.300000000000004      -0.70616912568496137     
   32.399999999999999      -0.77332756171010197     
   32.500000000000000      -0.83275916592402033     
   32.600000000000001      -0.88387011721362385     
   32.700000000000003      -0.92614973114619947     
   32.800000000000004      -0.95917556327462483     
   32.899999999999999      -0.98261763005154612     
   33.000000000000000      -0.99624170598526463     
   33.100000000000001      -0.99991166394067710     
   33.200000000000003      -0.99359083501630507     
   33.300000000000004      -0.97734237489429499     
   33.399999999999999      -0.95132863289373470     
   33.500000000000000      -0.91580952976188190     
   33.600000000000001      -0.87113996046452602     
   33.700000000000003      -0.81776624829891043     
   33.800000000000004      -0.75622168584568050     
   33.899999999999999      -0.68712120658400999     
   34.000000000000000      -0.61115523996067789     
   34.100000000000001      -0.52908281265432344     
   34.200000000000003      -0.44172396514739182     
   34.300000000000004      -0.34995155808708495     
   34.399999999999999      -0.25468255082564928     
   34.500000000000000      -0.15686883957163902     
   34.600000000000001       -5.7487746485565587E-002
   34.700000000000003        4.2467745359439049E-002
   34.800000000000004       0.14199891363632261     
   34.899999999999999       0.24011127572185192     
   35.000000000000000       0.33582452520871242     
   35.100000000000001       0.42818232679498852     
   35.200000000000003       0.51626187160029668     
   35.300000000000004       0.59918309736949349     
   35.399999999999999       0.67611748237700742     
   35.500000000000000       0.74629632488592568     
   35.600000000000001       0.80901842266359969     
   35.700000000000003       0.86365707723196394     
   35.800000000000004       0.90966635656108763     
   35.899999999999999       0.94658655065459374     
   36.000000000000000       0.97404876466382684     
   36.100000000000001       0.99177860513724359     
   36.200000000000003       0.99959892152681984     
   36.300000000000004       0.99743157581849085     
   36.399999999999999       0.98529822341972317     
   36.500000000000000       0.96332009688019959     
   36.600000000000001       0.93171679445420685     
   36.700000000000003       0.89080408584437298     
   36.800000000000004       0.84099075710484450     
   36.899999999999999       0.78277452645312440     
   37.000000000000000       0.71673707161153588     
   37.100000000000001       0.64353821734318639     
   37.200000000000003       0.56390934228557921     
   37.300000000000004       0.47864607182430680     
   37.399999999999999       0.38860032846892417     
   37.500000000000000       0.29467181928234271     
   37.600000000000001       0.19779904650443358     
   37.700000000000003        9.8949930800444785E-002
   37.800000000000004       -8.8786001784237696E-004
   37.899999999999999      -0.10071677969090148     
   38.000000000000000      -0.19953937057098400     
   38.100000000000001      -0.29636822988931910     
   38.200000000000003      -0.39023587570194918     
   38.300000000000004      -0.48020441339886710     
   38.400000000000006      -0.56537490646480848     
   38.500000000000000      -0.64489635906131793     
   38.600000000000001      -0.71797421996321287     
   38.700000000000003      -0.78387832057849993     
   38.800000000000004      -0.84195016942016987     
   38.900000000000006      -0.89160953157049672     
   39.000000000000000      -0.93236022647052641     
   39.100000000000001      -0.96379508619513665     
   39.200000000000003      -0.98560002390183499     
   39.300000000000004      -0.99755717180190162     
   39.400000000000006      -0.99954705800600363     
   39.500000000000000      -0.99154980029778372     
   39.600000000000001      -0.97364530473962263     
   39.700000000000003      -0.94601246724341070     
   39.800000000000004      -0.90892738599427958     
   39.900000000000006      -0.86276060265861632     
   40.000000000000000      -0.80797340031099396     
   40.100000000000001      -0.74511319479275628     
   40.200000000000003      -0.67480806481358613     
   40.300000000000004      -0.59776047610423844     
   40.400000000000006      -0.51474026277567864     
   40.500000000000000      -0.42657693530803098     
   40.600000000000001      -0.33415139229700530     
   40.700000000000003      -0.23838711900673737     
   40.800000000000004      -0.14024096027624225     
   40.900000000000006       -4.0693560058450581E-002
   41.000000000000000        5.9260436857134953E-002
   41.100000000000001       0.15862232307822546     
   41.200000000000003       0.25639930739840822     
   41.300000000000004       0.35161443449224727     
   41.400000000000006       0.44331634620728577     
   41.500000000000000       0.53058878699474621     
   41.600000000000001       0.61255975891926318     
   41.700000000000003       0.68841023508772337     
   41.800000000000004       0.75738234381679070     
   41.900000000000006       0.81878694000484742     
   42.000000000000000       0.87201048914116119     
   42.100000000000001       0.91652119834069334     
   42.200000000000003       0.95187433086010997     
   42.300000000000004       0.97771664958652349     
   42.400000000000006       0.99378994651851771     
   42.500000000000000       0.99993362266533070     
   42.600000000000001       0.99608629247873748     
   42.700000000000003       0.98228639727292177     
   42.800000000000004       0.95867182115200034     
   42.900000000000006       0.92547851316996810     
   43.000000000000000       0.88303812975766982     
   43.100000000000001       0.83177472103342365     
   43.200000000000003       0.77220049408356528     
   43.300000000000004       0.70491069530469741     
   43.400000000000006       0.63057766243584334     
   43.500000000000000       0.54994410642198899     
   43.600000000000001       0.46381569092784786     
   43.700000000000003       0.37305298261793146     
   43.800000000000004       0.27856285230790045     
   43.900000000000006       0.18128941388658493     
   44.000000000000000        8.2204591397289223E-002
   44.100000000000001       -1.7701592259636988E-002
   44.200000000000003      -0.11743090748711064     
   44.300000000000004      -0.21598689185466638     
   44.400000000000006      -0.31238480646956363     
   44.500000000000000      -0.40566147523380758     
   44.600000000000001      -0.49488490825372838     
   44.700000000000003      -0.57916361375072722     
   44.800000000000004      -0.65765550654520877     
   44.900000000000006      -0.72957632288843277     
   45.000000000000000      -0.79420745507592161     
   45.100000000000001      -0.85090313021439390     
   45.200000000000003      -0.89909686332909622     
   45.300000000000004      -0.93830711804383049     
   45.400000000000006      -0.96814211814863793     
   45.500000000000000      -0.98830376213699722     
   45.600000000000001      -0.99859060148553991     
   45.700000000000003      -0.99889985344814236     
   45.800000000000004      -0.98922842815127465     
   45.900000000000006      -0.96967295939461196     
   46.000000000000000      -0.94042883902518348     
   46.100000000000001      -0.90178826460299377     
   46.200000000000003      -0.85413731983431695     
   46.300000000000004      -0.79795211721539938     
   46.400000000000006      -0.73379404107105772     
   46.500000000000000      -0.66230413784339592     
   46.600000000000001      -0.58419671081131153     
   46.700000000000003      -0.50025218358220003     
   46.800000000000004      -0.41130930220739720     
   46.900000000000006      -0.31825675437292783     
   47.000000000000000      -0.22202429019530245     
   47.100000000000001      -0.12357343258618052     
   47.200000000000003       -2.3887869966811727E-002
   47.300000000000004        7.6036372404681113E-002
   47.400000000000006       0.17520088439862871     
   47.500000000000000       0.27261484688299387     
   47.600000000000001       0.36730493175265627     
   47.700000000000003       0.45832502687326160     
   47.800000000000004       0.54476568912688750     
   47.900000000000006       0.62576323174226522     
   48.000000000000000       0.70050835449935211     
   48.100000000000001       0.76825422984017522     
   48.200000000000003       0.82832396416587661     
   48.300000000000004       0.88011736031686616     
   48.400000000000006       0.92311691516253414     
   48.500000000000000       0.95689299105882353     
   48.600000000000001       0.98110810842506180     
   48.700000000000003       0.99552031766125648     
   48.800000000000004       0.99998561673613917     
   48.900000000000006       0.99445938994252758     
   49.000000000000000       0.97899685363749167     
   49.100000000000001       0.95375250449091553     
   49.200000000000003       0.91897857571267416     
   49.300000000000004       0.87502251680393950     
   49.400000000000006       0.82232352210205861     
   49.500000000000000       0.76140814261397893     
   49.600000000000001       0.69288502480965841     
   49.700000000000003       0.61743882915737947     
   49.800000000000004       0.53582338917126560     
   49.900000000000006       0.44885417928037685     
   50.000000000000000       0.35740016698451638     
   50.100000000000001       0.26237513038301519     
   50.200000000000003       0.16472852803446475     
   50.300000000000004        6.5436012572599914E-002
   50.400000000000006       -3.4510317841297426E-002
   50.500000000000000      -0.13411183244755245     
   50.600000000000001      -0.23237334579181246     
   50.700000000000003      -0.32831306137444904     
   50.800000000000004      -0.42097238134914927     
   50.900000000000006      -0.50942548412539601     
   51.000000000000000      -0.59278857488231773     
   51.100000000000001      -0.67022871703799658     
   51.200000000000003      -0.74097215548717021     
   51.300000000000004      -0.80431204644345422     
   51.400000000000006      -0.85961551855573348     
   51.500000000000000      -0.90632999715919826     
   51.600000000000001      -0.94398872620462049     
   51.700000000000003      -0.97221543187254356     
   51.800000000000004      -0.99072808213393115     
   51.900000000000006      -0.99934170469287764     
   52.000000000000000      -0.99797023513872607     
   52.100000000000001      -0.98662737686378432     
   52.200000000000003      -0.96542646406355626     
   52.300000000000004      -0.93457932927845422     
   52.400000000000006      -0.89439418682382554     
   52.500000000000000      -0.84527255321813188     
   52.600000000000001      -0.78770523555635974     
   52.700000000000003      -0.72226742772164454     
   52.800000000000004      -0.64961296292286475     
   52.900000000000006      -0.57046778046241342     
   53.000000000000000      -0.48562267268283626     
   53.100000000000001      -0.39592538383444903     
   53.200000000000003      -0.30227213944907189     
   53.300000000000004      -0.20559869167789141     
   53.400000000000006      -0.10687096975211091     
   53.500000000000000       -7.0754284945451053E-003
   53.600000000000001        9.2790808072844552E-002
   53.700000000000003       0.19172990950929705     
   53.800000000000004       0.28875330903532348     
   53.900000000000006       0.38289158093163578     
   54.000000000000000       0.47320412639817766     
   54.100000000000001       0.55878857173821983     
   54.200000000000003       0.63878978530885977     
   54.300000000000004       0.71240842232809143     
   54.400000000000006       0.77890891091264614     
   54.500000000000000       0.83762680044279458     
   54.600000000000001       0.88797540059530689     
   54.700000000000003       0.92945164431833294     
   54.800000000000004       0.96164111450026746     
   54.900000000000006       0.98422218442052567     
   55.000000000000000       0.99696923141284410     
   55.100000000000001       0.99975489124557848     
   55.200000000000003       0.99255133061117440     
   55.300000000000004       0.97543052519988205     
   55.400000000000006       0.94856354051095804     
   55.500000000000000       0.91221882256960651     
   55.600000000000001       0.86675951568420617     
   55.700000000000003       0.81263983418280406     
   55.800000000000004       0.75040052422135040     
   55.900000000000006       0.68066346061104621     
   56.000000000000000       0.60412543293663523     
   56.100000000000001       0.52155118371586007     
   56.200000000000003       0.43376576758509805     
   56.300000000000004       0.34164630742058999     
   56.400000000000006       0.24611323033858210     
   56.500000000000000       0.14812107120033713     
   56.600000000000001        4.8648935280559066E-002
   56.700000000000003       -5.1309284702559403E-002
   56.800000000000004      -0.15075483922581728     
   56.900000000000006      -0.24869410112767534     
   57.000000000000000      -0.34414849367048334     
   57.100000000000001      -0.43616426803409375     
   57.200000000000003      -0.52382203266896044     
   57.300000000000004      -0.60624593978560570     
   57.400000000000006      -0.68261243730341592     
   57.500000000000000      -0.75215849760364706     
   57.600000000000001      -0.81418924006433069     
   57.700000000000003      -0.86808487360717468     
   57.800000000000004      -0.91330689044174429     
   57.900000000000006      -0.94940344686860423     
   58.000000000000000      -0.97601387780179760     
   58.100000000000001      -0.99287230052187447     
   58.200000000000003      -0.99981027123894950     
   58.300000000000004      -0.99675846809973512     
   58.400000000000006      -0.98374738383335292     
   58.500000000000000      -0.96090702099519842     
   58.600000000000001      -0.92846559297878783     
   58.700000000000003      -0.88674724375846969     
   58.800000000000004      -0.83616880917735859     
   58.900000000000006      -0.77723565226189695     
   59.000000000000000      -0.71053661382140942     
   59.100000000000001      -0.63673812860838452     
   59.200000000000003      -0.55657756658255908     
   59.300000000000004      -0.47085586563444570     
   59.400000000000006      -0.38042952870290064     
   59.500000000000000      -0.28620206572526274     
   59.600000000000001      -0.18911496628701652     
   59.700000000000003       -9.0138292675492615E-002
   59.800000000000004        9.7390128740767468E-003
   59.900000000000006       0.10951900936234588     
   60.000000000000000       0.20820472801921108     
