  0.20000000000000001        2.9971697025585950E-005   1.0741114772529542E-002
  0.40000000000000002        1.6321081232787580E-003   7.0013662579699071E-002
  0.60000000000000009        6.4636071590042045E-003  0.12044099633943120     
  0.80000000000000004        1.0656858250351335E-002  0.14205020883524005     
   1.0000000000000000        1.0275559083404129E-002  0.14046378770654883     
   1.2000000000000002        5.6693021468280308E-003  0.11493921262931182     
   1.4000000000000001        1.1715430533910094E-003   6.0645627101000750E-002
   1.6000000000000001        7.7343134490309444E-006   5.5082106667793023E-003
   1.8000000000000000        8.0601358900920887E-005   1.7398604913256250E-002
   2.0000000000000000        2.1764354355500140E-003   7.9049991201587094E-002
   2.2000000000000002        7.2428853651529748E-003  0.12529391388680705     
   2.4000000000000004        1.0932245264369277E-002  0.14315998270384603     
   2.6000000000000001        9.7961723183302568E-003  0.13838212778997713     
   2.8000000000000003        4.8780847896183702E-003  0.10877343541713112     
   3.0000000000000000        7.9761383327179756E-004   5.1121277536967998E-002
   3.2000000000000002        9.3795797827567152E-007   1.9304012323511466E-003
   3.4000000000000004        1.7427568677512011E-004   2.5205541179478451E-002
   3.6000000000000001        2.7973770180825235E-003   8.7620881059903566E-002
   3.8000000000000003        7.9895413811995174E-003  0.12952118193735107     
   4.0000000000000000        1.1096146907362121E-002  0.14380674066105351     
   4.2000000000000002        9.2286654006913764E-003  0.13578224137365433     
   4.4000000000000004        4.1079833782426498E-003  0.10194086549111325     
   4.6000000000000005        5.0862136275770409E-004   4.1657662937047986E-002
   4.8000000000000007        7.4470662543847339E-009   1.7252542481403427E-004
   5.0000000000000000        3.2554217534780025E-004   3.3864764245619579E-002
   5.2000000000000002        3.4840681333351371E-003   9.5631074871874402E-002
   5.4000000000000004        8.6869604060324426E-003  0.13315040468355624     
   5.6000000000000005        1.1145266905850366E-002  0.14399865094611863     
   5.8000000000000007        8.5850326304701182E-003  0.13263763850757451     
   6.0000000000000000        3.3762729867813346E-003   9.4455932384599858E-002
   6.2000000000000002        2.9837562479915575E-004   3.2509432796279839E-002
   6.4000000000000004        2.5262308109261060E-008   3.1768368658199056E-004
   6.6000000000000005        5.4715975471977688E-004   4.3078640097200888E-002
   6.8000000000000007        4.2226542672343971E-003  0.10301898146913500     
   7.0000000000000000        9.3198946721662953E-003  0.13621064951634904     
   7.2000000000000002        1.1078619080258478E-002  0.14373806260800720     
   7.4000000000000004        7.8791254383445437E-003  0.12891954522781368     
   7.6000000000000005        2.6987189333915161E-003   8.6355948824367451E-002
   7.8000000000000007        1.5672029173102161E-004   2.3960166784324482E-002
   8.0000000000000000        1.4027588246753701E-006   2.3589064156637439E-003
   8.2000000000000011        8.4873552700375366E-004   5.2567025329810467E-002
   8.4000000000000004        4.9970896289984138E-003  0.10975093497134340     
   8.5999999999999996        9.8747587186402003E-003  0.13873028789585290     
   8.8000000000000007        1.0897539856509920E-002  0.14302166939506347     
   9.0000000000000000        7.1264219515637618E-003  0.12459897263931791     
   9.2000000000000011        2.0887742929850562E-003   7.7707260156428121E-002
   9.4000000000000004        7.0528370389970850E-005   1.6308604413667906E-002
   9.6000000000000014        9.8234781419458032E-006   6.1999196978826223E-003
   9.8000000000000007        1.2357996154272034E-003   6.2080515588378675E-002
   10.000000000000000        5.7899364979453437E-003  0.11581548364913574     
   10.200000000000001        1.0339856320861519E-002  0.14073545494973133     
   10.400000000000000        1.0605677619923225E-002  0.14184062270425249     
   10.600000000000001        6.3437155191695335E-003  0.11964895934721290     
   10.800000000000001        1.5567850815995615E-003   6.8610823159554787E-002
   11.000000000000000        2.5122982975028916E-005   9.8500554994453773E-003
   11.200000000000001        3.5468946460412024E-005   1.1664836926116286E-002
   11.400000000000000        1.7093523611779052E-003   7.1408376372570678E-002
   11.600000000000001        6.5831129053239221E-003  0.12121769500125756     
   11.800000000000001        1.0705542368927496E-002  0.14224857326665241     
   12.000000000000000        1.0208957841682407E-002  0.14018056465127546     
   12.200000000000001        5.5487161906186853E-003  0.11404740920490414     
   12.400000000000000        1.1092820257978622E-003   5.9206794238672089E-002
   12.600000000000001        5.9935037173458352E-006   4.8545192692528568E-003
   12.800000000000001        9.1662213592387406E-005   1.8515022471554884E-002
   13.000000000000000        2.2658477125306635E-003   8.0381668450961632E-002
   13.200000000000001        7.3585557918902358E-003  0.12597417215305318     
   13.400000000000000        1.0964335911876788E-002  0.14328749215226880     
   13.600000000000001        9.7155267425878267E-003  0.13802209769048851     
   13.800000000000001        4.7595558939562965E-003  0.10778068408216555     
   14.000000000000000        7.4845271482080198E-004   4.9676958354163053E-002
   14.200000000000001        5.9913591241485646E-007   1.5438456475041183E-003
   14.400000000000000        1.9315564138558156E-004   2.6470514069125387E-002
   14.600000000000001        2.8975329510606356E-003   8.8872719350621798E-002
   14.800000000000001        8.0987860454088661E-003  0.13010893453362263     
   15.000000000000000        1.1110996772559490E-002  0.14386490329012031     
   15.200000000000001        9.1356646504174126E-003  0.13534141932183155     
   15.400000000000000        3.9941935987664115E-003  0.10084794843733871     
   15.600000000000001        4.7190123211660230E-004   4.0244188208041903E-002
   15.800000000000001        1.2723156448966762E-009   7.1283673712526158E-005
   16.000000000000000        3.5432807680482731E-004   3.5232749765751005E-002
   16.199999999999999        3.5930410067934256E-003   9.6791721273721140E-002
   16.400000000000002        8.7873721565405200E-003  0.13364993240087653     
   16.600000000000001        1.1142576050252345E-002  0.14398804378950864     
   16.800000000000001        8.4816603236355162E-003  0.13211153692664473     
   17.000000000000000        3.2697265908500188E-003   9.3266609630447916E-002
   17.199999999999999        2.7279154779436671E-004   3.1168061199198786E-002
   17.400000000000002        6.4276599651198349E-008   5.0654889905723264E-004
   17.600000000000001        5.8753865915777705E-004   4.4505675312557530E-002
   17.800000000000001        4.3381331984255955E-003  0.10408175008438360     
   18.000000000000000        9.4093013452153963E-003  0.13662640857860975     
   18.199999999999999        1.1058442757042134E-002  0.14365865028553035     
   18.400000000000002        7.7676311602663042E-003  0.12830378592810587     
   18.600000000000001        2.6016234632219143E-003   8.5078153766969228E-002
   18.800000000000001        1.4044262088534182E-004   2.2735463294170567E-002
   19.000000000000000        2.0207632018098626E-006   2.8288430725279486E-003
   19.200000000000003        9.0182451920044877E-004   5.4013097378473152E-002
   19.400000000000002        5.1165030553255841E-003  0.11071295142368802     
   19.600000000000001        9.9512641518681843E-003  0.13906660197590820     
   19.800000000000001        1.0860285609840729E-002  0.14287267980690999     
   20.000000000000000        7.0092768055387625E-003  0.12388948028763173     
   20.200000000000003        2.0029174302327330E-003   7.6354008327168280E-002
   20.400000000000002        6.1392611225730969E-005   1.5245997084715385E-002
   20.600000000000001        1.2302184172116277E-005   6.9290095156573908E-003
   20.800000000000001        1.3020467330335155E-003   6.3510998505673905E-002
   21.000000000000000        5.9105691544177434E-003  0.11667656741517686     
   21.200000000000003        1.0401864983983218E-002  0.14099598986833989     
   21.400000000000002        1.0552098124162525E-002  0.14162030280877136     
   21.600000000000001        6.2235563661395300E-003  0.11884219709878974     
   21.800000000000001        1.4834184105146243E-003   6.7200955786626798E-002
   22.000000000000000        2.0874602540010518E-005   8.9926923156401339E-003
   22.200000000000003        4.1664946854111982E-005   1.2620429845060364E-002
   22.400000000000002        1.7885072087996162E-003   7.2794826925941608E-002
   22.600000000000001        6.7022109782709323E-003  0.12197960654634264     
   22.800000000000001        1.0751777477869142E-002  0.14243622057963728     
   23.000000000000000        1.0140144610653027E-002  0.13988618829472976     
   23.200000000000003        5.4282762322505496E-003  0.11314068612733438     
   23.400000000000002        1.0490255097966843E-003   5.7765279830317200E-002
   23.600000000000001        4.5615384018060325E-006   4.2397043973093230E-003
   23.800000000000001        1.0376402359184766E-004   1.9656822044777700E-002
   24.000000000000000        2.3569928946219096E-003   8.1702108851337954E-002
   24.200000000000003        7.4734188871650627E-003  0.12664006997826513     
   24.400000000000002        1.0993854945629399E-002  0.14340434762480095     
   24.600000000000001        9.6329007558550051E-003  0.13765007755231923     
   24.800000000000001        4.6415818883169457E-003  0.10677274432186154     
   25.000000000000000        7.0123814277131210E-004   4.8234996947650988E-002
   25.200000000000003        3.6138147938147287E-007   1.1997048408821384E-003
   25.400000000000002        2.1341001220955775E-004   2.7753995788037469E-002
   25.600000000000001        2.9991603501172185E-003   9.0111270069253624E-002
   25.800000000000001        8.2068451247657003E-003  0.13068288659451802     
   26.000000000000000        1.1123204182271779E-002  0.14391240691095103     
   26.200000000000003        9.0409623404761313E-003  0.13488774131601083     
   26.400000000000002        3.8813491492128210E-003   9.9739972957677434E-002
   26.600000000000001        4.3696791101123170E-004   3.8838907215388116E-002
   26.800000000000001        4.9877655142346290E-011   1.4053796400780723E-005
   27.000000000000000        3.8477506111553610E-004   3.6612475922962649E-002
   27.200000000000003        3.7031577273772716E-003   9.7937920223612585E-002
   27.400000000000002        8.8862535947787560E-003  0.13413651144239169     
   27.600000000000001        1.1137228425092785E-002  0.14396699665332680     
   27.800000000000001        8.3769098621803498E-003  0.13157200637119287     
   28.000000000000000        3.1644805815957610E-003   9.2063113932731408E-002
   28.200000000000003        2.4874640360083254E-004   2.9841415428800245E-002
   28.400000000000002        1.3689551474988469E-007   7.3893531749761297E-004
   28.600000000000001        6.2978839942863789E-004   4.5938138402963971E-002
   28.800000000000001        4.4543813809662042E-003  0.10512954195994914     
   29.000000000000000        9.4968732742110162E-003  0.13703007717179558     
   29.200000000000003        1.1035647734597301E-002  0.14356893578772176     
   29.400000000000002        7.6551188408126190E-003  0.12767413404281136     
   29.600000000000001        2.5061289754876367E-003   8.3787905807610419E-002
   29.800000000000001        1.2539182902575246E-004   2.1532403044584581E-002
   30.000000000000000        2.8218074658585824E-006   3.3397527311714043E-003
   30.200000000000003        9.5689697153237543E-004   5.5458890027957709E-002
   30.400000000000002        5.2362807123986325E-003  0.11165970533605232     
   30.600000000000001        1.0025670763847715E-002  0.13939135661681679     
   30.800000000000001        1.0820501039934581E-002  0.14271319861573242     
   31.000000000000000        6.8915025406043225E-003  0.12316561471246856     
   31.200000000000003        1.9188881146927547E-003   7.4990867779285181E-002
   31.400000000000002        5.3141181083878928E-005   1.4211825803015393E-002
   31.600000000000001        1.5213701808932424E-005   7.6947234967037603E-003
   31.800000000000001        1.3702835815701559E-003   6.4936374255663162E-002
   32.000000000000000        6.0311463121960653E-003  0.11752237363250873     
   32.200000000000003        1.0461554892943710E-002  0.14124526425282885     
   32.399999999999999        1.0496128203253213E-002  0.14138898422152532     
   32.600000000000001        6.1031760113959260E-003  0.11802050066679258     
   32.800000000000004        1.4120151309040768E-003   6.5784549457497163E-002
   33.000000000000000        1.7178028373492402E-005   8.1698615389446238E-003
   33.200000000000003        4.8610640134466590E-005   1.3606973382375957E-002
   33.399999999999999        1.8695531919027623E-003   7.4172431410092540E-002
   33.600000000000001        6.8208351326931324E-003  0.12272656488700463     
   33.800000000000004        1.0795524645399660E-002  0.14261282594640287     
   34.000000000000000        1.0069132813194673E-002  0.13958014540103666     
   34.200000000000003        5.3080315010263042E-003  0.11221860452502530     
   34.399999999999999        9.9076704537529123E-004   5.6321526756729128E-002
   34.600000000000001        3.4006092621567748E-006   3.6643548691553235E-003
   34.800000000000004        1.1695908947991385E-004   2.0823058429489207E-002
   35.000000000000000        2.4498351162042572E-003   8.3011006894467929E-002
   35.200000000000003        7.5874062266179636E-003  0.12729167419895140     
   35.399999999999999        1.1020772226588661E-002  0.14351048702031974     
   35.600000000000001        9.5483192555015171E-003  0.13726582494565318     
   35.800000000000004        4.5242149938955062E-003  0.10574945060609393     
   36.000000000000000        6.5595048032039932E-004   4.6796098027166382E-002
   36.200000000000003        2.0243355702699484E-007   8.9832938720736319E-004
   36.399999999999999        2.3508620054697629E-004   2.9055030432862037E-002
   36.600000000000001        3.1022103842467826E-003   9.1336470660132577E-002
   36.800000000000004        8.3136545818335850E-003  0.13124337965042016     
   37.000000000000000        1.1132750567640440E-002  0.14394950988229094     
   37.200000000000003        8.9445947910822814E-003  0.13442128407590667     
   37.399999999999999        3.7695024271071319E-003   9.8617110397576591E-002
   37.600000000000001        4.0378874383916721E-004   3.7442800025266877E-002
   37.800000000000004        2.5040354400366949E-013   8.9513598029578399E-007
   38.000000000000000        4.1692002932613824E-004   3.8002912083070009E-002
   38.200000000000003        3.8143593314357263E-003   9.9069549207786892E-002
   38.400000000000006        8.9835448317331004E-003  0.13461032087718761     
   38.600000000000001        1.1129213785152890E-002  0.14393562327999943     
   38.800000000000004        8.2708267910454603E-003  0.13101908164556067     
   39.000000000000000        3.0605832074659814E-003   9.0845763740819888E-002
   39.200000000000003        2.2619634541774976E-004   2.8530612638986531E-002
   39.400000000000006        2.5832702995496102E-007   1.0145616773510849E-003
   39.600000000000001        6.7393087214106086E-004   4.7374923141241400E-002
   39.800000000000004        4.5713309506453430E-003  0.10616203640439568     
   40.000000000000000        9.5825536192604265E-003  0.13742152405554292     
   40.200000000000003        1.1010234071425191E-002  0.14346876633119518     
   40.400000000000006        7.5416423548773813E-003  0.12703045416592440     
   40.600000000000001        2.4122749320735098E-003   8.2485526271023443E-002
   40.800000000000004        1.1151705261491128E-004   2.0352049255327447E-002
   41.000000000000000        3.8379282532404413E-006   3.8910593899226286E-003
   41.200000000000003        1.0139576656370121E-003   5.6903475412621009E-002
   41.400000000000006        5.3563496886884533E-003  0.11259096438169339     
   41.600000000000001        1.0097930524345589E-002  0.13970438423405135     
   41.800000000000004        1.0778199486771410E-002  0.14254296889048987     
   42.000000000000000        6.7731599251258509E-003  0.12242713346101919     
   42.200000000000003        1.8367141873102534E-003   7.3618190329422004E-002
   42.400000000000006        4.5722153780300214E-005   1.3207036799880010E-002
   42.600000000000001        1.8602543596209054E-005   8.4962911863585237E-003
   42.800000000000004        1.4404983098076339E-003   6.6356021691832773E-002
   43.000000000000000        6.1515961812727430E-003  0.11835291577719938     
   43.200000000000003        1.0518892535059656E-002  0.14148328181642378     
   43.400000000000006        1.0437794907635611E-002  0.14114654350793965     
   43.600000000000001        5.9826409368100323E-003  0.11718379350599381     
   43.800000000000004        1.3425896534796926E-003   6.4362227622057358E-002
   44.000000000000000        1.3986543504270492E-005   7.3824117139564237E-003
   44.200000000000003        5.6357216325176938E-005   1.4623530033393511E-002
   44.400000000000006        1.9524637966899705E-003   7.5540794971341349E-002
   44.600000000000001        6.9389199312213344E-003  0.12345879732463608     
   44.800000000000004        1.0836765159370399E-002  0.14277860436850195     
   45.000000000000000        9.9959617271632266E-003  0.13926250939618162     
   45.200000000000003        5.1880508437424366E-003  0.11128129567131519     
   45.400000000000006        9.3450500378063279E-004   5.4876418663501063E-002
   45.600000000000001        2.4751400546995620E-006   3.1291250364265696E-003
   45.800000000000004        1.3129883116943990E-004   2.2012653102719937E-002
   46.000000000000000        2.5443358788233830E-003   8.4308051080364529E-002
   46.200000000000003        7.7004595872666587E-003  0.12792918895372948     
   46.400000000000006        1.1045080200807255E-002  0.14360605951448166     
   46.600000000000001        9.4618306419943909E-003  0.13686934228089467     
   46.800000000000004        4.4075217878102157E-003  0.10471093206095013     
   47.000000000000000        6.1257120313682519E-004   4.5361243039005884E-002
   47.200000000000003        1.0269840011227056E-007   6.4007133990280933E-004
   47.400000000000006        2.5822970337564485E-004   3.0372458223035789E-002
   47.600000000000001        3.2066344379756131E-003   9.2547975905288515E-002
   47.800000000000004        8.4191622336220618E-003  0.13179043552447245     
   48.000000000000000        1.1139638602318138E-002  0.14397618317525554     
   48.200000000000003        8.8466176875975529E-003  0.13394192397798083     
   48.400000000000006        3.6587140109601742E-003   9.7479461178874766E-002
   48.600000000000001        3.7233008775269089E-004   3.6056859842163003E-002
   48.800000000000004        2.5526222038601125E-010   3.1814384122341544E-005
   49.000000000000000        4.5079763844166430E-004   3.9402984917418449E-002
   49.200000000000003        3.9265900712940121E-003  0.10018638133257735     
   49.400000000000006        9.0792022395758606E-003  0.13507139172112836     
   49.600000000000001        1.1118545329263329E-002  0.14389388366055972     
   49.800000000000004        8.1634723176291051E-003  0.13045263046988509     
   50.000000000000000        2.9580861965977433E-003   8.9614713002872423E-002
   50.200000000000003        2.0509640767998202E-004   2.7236636878963192E-002
   50.400000000000006        4.4652581096537077E-007   1.3331256314708490E-003
   50.600000000000001        7.1998706182458240E-004   4.8815180866821843E-002
   50.800000000000004        4.6889235450110747E-003  0.10717922724018057     
   51.000000000000000        9.6663091463451648E-003  0.13780088331679713     
   51.200000000000003        1.0982223314544803E-002  0.14335816382972891     
   51.400000000000006        7.4272668430777119E-003  0.12637271344457932     
   51.600000000000001        2.3201020379020713E-003   8.1171387067271464E-002
   51.800000000000004        9.8767065228033219E-005   1.9195427697013066E-002
   52.000000000000000        5.1034418829069438E-006   4.4821897691229321E-003
   52.200000000000003        1.0730126930569312E-003   5.8346184598924690E-002
   52.400000000000006        5.4766519876395187E-003  0.11350684785922932     
   52.600000000000001        1.0168018631793941E-002  0.14000587210443532     
   52.800000000000004        1.0733409244560174E-002  0.14236206801323617     
   53.000000000000000        6.6543161182454355E-003  0.12167411743957934     
   53.200000000000003        1.7564221620561806E-003   7.2236590013955312E-002
   53.400000000000006        3.9083894637609246E-005   1.2232632532479608E-002
   53.600000000000001        2.2514812102767366E-005   9.3329013465521023E-003
   53.800000000000004        1.5126820612582426E-003   6.7769398617188295E-002
   54.000000000000000        6.2718619758346771E-003  0.11916833000230080     
   54.200000000000003        1.0573859149424509E-002  0.14171016265342601     
   54.400000000000006        1.0377131950893842E-002  0.14089295424180229     
   54.600000000000001        5.8620172870527502E-003  0.11633208271984166     
   54.800000000000004        1.2751517874184568E-003   6.2934687997120389E-002
   55.000000000000000        1.1254553549521385E-005   6.6311781651036067E-003
   55.200000000000003        6.4956627149846249E-005   1.5669120582615072E-002
   55.400000000000006        2.0372158315058084E-003   7.6899462898142396E-002
   55.600000000000001        7.0564097844627504E-003  0.12417636960763763     
   55.800000000000004        1.0875486060653675E-002  0.14293354063572930     
   56.000000000000000        9.9206699039349425E-003  0.13893310268136630     
   56.200000000000003        5.0683976496150619E-003  0.11032866491151402     
   56.400000000000006        8.8023222209751974E-004   5.3430693212143089E-002
   56.600000000000001        1.7516228377439923E-006   2.6345882899617783E-003
   56.800000000000004        1.4683467376342785E-004   2.3224559719688689E-002
   57.000000000000000        2.6404591994560406E-003   8.5592919085286795E-002
   57.200000000000003        7.8125265668969029E-003  0.12855271267295756     
   57.400000000000006        1.1066772926043997E-002  0.14369107346874652     
   57.600000000000001        9.3734788947534668E-003  0.13646046950325677     
   57.800000000000004        4.2915619011647333E-003  0.10365712799303017     
   58.000000000000000        5.7107726932242235E-004   4.3931238031195190E-002
   58.200000000000003        4.5302577923712702E-008   4.2519844356928141E-004
   58.400000000000006        2.8288561350434913E-004   3.1705278624664379E-002
   58.600000000000001        3.3123868059005334E-003   9.3745652272987118E-002
   58.800000000000004        8.5233208050923895E-003  0.13232424840902768     
   59.000000000000000        1.1143868857469172E-002  0.14399251587308834     
   59.200000000000003        8.7470804853004899E-003  0.13344959573981927     
   59.400000000000006        3.5490382365560651E-003   9.6327116598298873E-002
   59.600000000000001        3.4255528820367645E-004   3.4682013278084706E-002
   59.800000000000004        2.8602013033758611E-009   1.0677004880499849E-004
   60.000000000000000        4.8644201196353944E-004   4.0811761622575340E-002
