  0.10000000000000001        3.5728087155462163E-012  0.10000000000000001        1.0000000000000002       0.99999999999642741     
  0.20000000000000001        3.5739189385708414E-012  0.20000000000000001       0.99999999999642786       0.99999999999285394     
  0.30000000000000004        3.5749181392930041E-012  0.30000000000000004       0.99999999999285449       0.99999999998927958     
  0.40000000000000002        3.7092551252726480E-012  0.40000000000000002       0.99999999998927969       0.99999999998557043     
  0.50000000000000000        1.2178036357113342E-011  0.50000000000000000       0.99999999998557032       0.99999999997339228     
  0.60000000000000009        9.6965990792341472E-011  0.60000000000000009       0.99999999997339251       0.99999999987642652     
  0.70000000000000007        2.9939584145211029E-010  0.70000000000000007       0.99999999987642663       0.99999999957703078     
  0.80000000000000004        3.8142344838121289E-010  0.80000000000000004       0.99999999957703123       0.99999999919560778     
  0.90000000000000002        2.3489976630486353E-010  0.90000000000000002       0.99999999919560756       0.99999999896070779     
   1.0000000000000000        7.6772255219736962E-011   1.0000000000000000       0.99999999896070757       0.99999999888393531     
   1.1000000000000001        5.4503734858712960E-011   1.1000000000000001       0.99999999888393509       0.99999999882943136     
   1.2000000000000002        1.1615131079167895E-010   1.2000000000000002       0.99999999882943125       0.99999999871327994     
   1.3000000000000000        1.3224110695375657E-010   1.3000000000000000       0.99999999871328027       0.99999999858103916     
   1.4000000000000001        7.1524008937728922E-011   1.4000000000000001       0.99999999858103905       0.99999999850951504     
   1.5000000000000000        3.1784130882783757E-011   1.5000000000000000       0.99999999850951526       0.99999999847773113     
   1.6000000000000001        1.7785772854495008E-011   1.6000000000000001       0.99999999847773124       0.99999999845994547     
   1.7000000000000002        2.0797474853395670E-011   1.7000000000000002       0.99999999845994525       0.99999999843914777     
   1.8000000000000000        2.8734792323348302E-011   1.8000000000000000       0.99999999843914777       0.99999999841041298     
   1.9000000000000001        2.5437763007118974E-011   1.9000000000000001       0.99999999841041320       0.99999999838497544     
   2.0000000000000000        1.5640377881709355E-011   2.0000000000000000       0.99999999838497500       0.99999999836933462     
   2.1000000000000001        4.7462811458842680E-011   2.1000000000000001       0.99999999836933429       0.99999999832187147     
   2.2000000000000002        1.6510659506252523E-010   2.2000000000000002       0.99999999832187125       0.99999999815676466     
   2.3000000000000003        3.0163216369061274E-010   2.3000000000000003       0.99999999815676477       0.99999999785513261     
   2.4000000000000004        3.0145852480956137E-010   2.4000000000000004       0.99999999785513249       0.99999999755367397     
   2.5000000000000000        1.5069867576045226E-010   2.5000000000000000       0.99999999755367386       0.99999999740297518     
   2.6000000000000001        4.6065595782351920E-011   2.6000000000000001       0.99999999740297518       0.99999999735690959     
   2.7000000000000002        4.9142578895100542E-011   2.7000000000000002       0.99999999735690959       0.99999999730776701     
   2.8000000000000003        8.9284357684960014E-011   2.8000000000000003       0.99999999730776667       0.99999999721848232     
   2.9000000000000004        1.0242251491376919E-010   2.9000000000000004       0.99999999721848232       0.99999999711605980     
   3.0000000000000000        5.1726845029520518E-011   3.0000000000000000       0.99999999711605914       0.99999999706433229     
   3.1000000000000001        1.6185608409102770E-011   3.1000000000000001       0.99999999706433218       0.99999999704814657     
   3.2000000000000002        2.2706059255028777E-011   3.2000000000000002       0.99999999704814624       0.99999999702544018     
   3.3000000000000003        3.2977953701163187E-011   3.3000000000000003       0.99999999702543985       0.99999999699246189     
   3.4000000000000004        3.0306868126217523E-011   3.4000000000000004       0.99999999699246189       0.99999999696215502     
   3.5000000000000000        2.0221491148220139E-011   3.5000000000000000       0.99999999696215514       0.99999999694193364     
   3.6000000000000001        2.6700419653025165E-011   3.6000000000000001       0.99999999694193387       0.99999999691523345     
   3.7000000000000002        9.5132790534080414E-011   3.7000000000000002       0.99999999691523345       0.99999999682010066     
   3.8000000000000003        2.3086921263626436E-010   3.8000000000000003       0.99999999682010055       0.99999999658923133     
   3.9000000000000004        2.8798041729061197E-010   3.9000000000000004       0.99999999658923155       0.99999999630125114     
   4.0000000000000000        2.0366996977827512E-010   4.0000000000000000       0.99999999630125080       0.99999999609758083     
   4.1000000000000005        9.2609475643712358E-011   4.1000000000000005       0.99999999609758083       0.99999999600497136     
   4.2000000000000002        3.8625325160523971E-011   4.2000000000000002       0.99999999600497125       0.99999999596634592     
   4.2999999999999998        5.8527516166861915E-011   4.2999999999999998       0.99999999596634626       0.99999999590781874     
   4.4000000000000004        8.7480467314549060E-011   4.4000000000000004       0.99999999590781852       0.99999999582033805     
   4.5000000000000000        6.2003069345450967E-011   4.5000000000000000       0.99999999582033805       0.99999999575833498     
   4.6000000000000005        3.1410540834997391E-011   4.6000000000000005       0.99999999575833531       0.99999999572692477     
   4.7000000000000002        2.6861401991595812E-011   4.7000000000000002       0.99999999572692477       0.99999999570006337     
   4.8000000000000007        3.2365332636175026E-011   4.8000000000000007       0.99999999570006326       0.99999999566769793     
   4.9000000000000004        3.7680192299660575E-011   4.9000000000000004       0.99999999566769782       0.99999999563001762     
   5.0000000000000000        3.3336333693512188E-011   5.0000000000000000       0.99999999563001774       0.99999999559668140     
   5.1000000000000005        2.5067725673011410E-011   5.1000000000000005       0.99999999559668173       0.99999999557161401     
   5.2000000000000002        5.2713278186899970E-011   5.2000000000000002       0.99999999557161390       0.99999999551890062     
   5.3000000000000007        1.3382606134371144E-010   5.3000000000000007       0.99999999551890051       0.99999999538507445     
   5.4000000000000004        2.2545110223148868E-010   5.4000000000000004       0.99999999538507467       0.99999999515962357     
   5.5000000000000000        2.5506285972198839E-010   5.5000000000000000       0.99999999515962346       0.99999999490456060     
   5.6000000000000005        1.6941770208944718E-010   5.6000000000000005       0.99999999490456071       0.99999999473514301     
   5.7000000000000002        5.5148663413717713E-011   5.7000000000000002       0.99999999473514323       0.99999999467999456     
   5.8000000000000007        2.8372415528110650E-011   5.8000000000000007       0.99999999467999445       0.99999999465162204     
   5.9000000000000004        5.7880367165807911E-011   5.9000000000000004       0.99999999465162215       0.99999999459374178     
   6.0000000000000000        7.0105143912257972E-011   6.0000000000000000       0.99999999459374200       0.99999999452363686     
   6.1000000000000005        4.4839354451653435E-011   6.1000000000000005       0.99999999452363664       0.99999999447879728     
   6.2000000000000002        3.2585156795050807E-011   6.2000000000000002       0.99999999447879750       0.99999999444621235     
   6.3000000000000007        4.3207104560849530E-011   6.3000000000000007       0.99999999444621168       0.99999999440300458     
   6.4000000000000004        4.7016723847548292E-011   6.4000000000000004       0.99999999440300447       0.99999999435598774     
   6.5000000000000000        3.9188097211706463E-011   6.5000000000000000       0.99999999435598774       0.99999999431679965     
   6.6000000000000005        2.4097612794093948E-011   6.6000000000000005       0.99999999431679976       0.99999999429270214     
   6.7000000000000002        2.6277535702945443E-011   6.7000000000000002       0.99999999429270225       0.99999999426642472     
   6.8000000000000007        7.0203953761449611E-011   6.8000000000000007       0.99999999426642461       0.99999999419622065     
   6.9000000000000004        1.6425882876092146E-010   6.9000000000000004       0.99999999419622065       0.99999999403196183     
   7.0000000000000000        2.5166990713643145E-010   7.0000000000000000       0.99999999403196205       0.99999999378029214     
   7.1000000000000005        2.2225254969754360E-010   7.1000000000000005       0.99999999378029203       0.99999999355803948     
   7.2000000000000002        1.0020129170840164E-010   7.2000000000000002       0.99999999355803981       0.99999999345783852     
   7.3000000000000007        2.7314039918735489E-011   7.3000000000000007       0.99999999345783830       0.99999999343052426     
   7.4000000000000004        3.9059755430059795E-011   7.4000000000000004       0.99999999343052470       0.99999999339146495     
   7.5000000000000000        6.0684790526011056E-011   7.5000000000000000       0.99999999339146506       0.99999999333078027     
   7.6000000000000005        4.7005288550394653E-011   7.6000000000000005       0.99999999333078005       0.99999999328377476     
   7.7000000000000002        4.2657877230567465E-011   7.7000000000000002       0.99999999328377454       0.99999999324111666     
   7.8000000000000007        5.5192850290097795E-011   7.8000000000000007       0.99999999324111688       0.99999999318592403     
   7.9000000000000004        5.1797122146979291E-011   7.9000000000000004       0.99999999318592381       0.99999999313412669     
   8.0000000000000000        4.0393577371844458E-011   8.0000000000000000       0.99999999313412680       0.99999999309373322     
   8.0999999999999996        2.8369528948246625E-011   8.0999999999999996       0.99999999309373344       0.99999999306536391     
   8.2000000000000011        2.0878521134193306E-011   8.2000000000000011       0.99999999306536380       0.99999999304448528     
   8.3000000000000007        4.0195180517343942E-011   8.3000000000000007       0.99999999304448561       0.99999999300429043     
   8.4000000000000004        1.0428069519008432E-010   8.4000000000000004       0.99999999300429010       0.99999999290000940     
   8.5000000000000000        2.0187451710285131E-010   8.5000000000000000       0.99999999290000952       0.99999999269813500     
   8.5999999999999996        2.4460067304943323E-010   8.5999999999999996       0.99999999269813500       0.99999999245353433     
   8.7000000000000011        1.5537227060491432E-010   8.7000000000000011       0.99999999245353399       0.99999999229816172     
   8.8000000000000007        5.1502246911638849E-011   8.8000000000000007       0.99999999229816150       0.99999999224665925     
   8.9000000000000004        3.4099612022941983E-011   8.9000000000000004       0.99999999224665936       0.99999999221255975     
   9.0000000000000000        4.4987125136231043E-011   9.0000000000000000       0.99999999221255975       0.99999999216757263     
   9.0999999999999996        4.1344372370133442E-011   9.0999999999999996       0.99999999216757263       0.99999999212622825     
   9.2000000000000011        4.4045989078256298E-011   9.2000000000000011       0.99999999212622825       0.99999999208218227     
   9.3000000000000007        6.1077254365216049E-011   9.3000000000000007       0.99999999208218215       0.99999999202110490     
   9.4000000000000004        6.2485572271953060E-011   9.4000000000000004       0.99999999202110501       0.99999999195861944     
   9.5000000000000000        4.6728843017262989E-011   9.5000000000000000       0.99999999195861922       0.99999999191189037     
   9.6000000000000014        3.2980840281027213E-011   9.6000000000000014       0.99999999191189048       0.99999999187890964     
   9.7000000000000011        2.3310020580424862E-011   9.7000000000000011       0.99999999187890964       0.99999999185559962     
   9.8000000000000007        2.7656543721832350E-011   9.8000000000000007       0.99999999185559962       0.99999999182794308     
   9.9000000000000004        6.5054184261725823E-011   9.9000000000000004       0.99999999182794297       0.99999999176288878     
   10.000000000000000        1.4722556507251738E-010   10.000000000000000       0.99999999176288856       0.99999999161566300     
   10.100000000000001        2.1921819914894058E-010   10.100000000000001       0.99999999161566300       0.99999999139644480     
   10.200000000000001        1.8245771560287949E-010   10.200000000000001       0.99999999139644458       0.99999999121398686     
   10.300000000000001        9.2681307073405605E-011   10.300000000000001       0.99999999121398686       0.99999999112130555     
   10.400000000000000        5.1945558965371674E-011   10.400000000000000       0.99999999112130578       0.99999999106936022     
   10.500000000000000        4.0041858717643208E-011   10.500000000000000       0.99999999106936022       0.99999999102931836     
   10.600000000000001        3.1181723869622147E-011   10.600000000000001       0.99999999102931836       0.99999999099813663     
   10.700000000000001        3.5818459309666650E-011   10.700000000000001       0.99999999099813663       0.99999999096231817     
   10.800000000000001        6.0922933364793153E-011   10.800000000000001       0.99999999096231817       0.99999999090139524     
   10.900000000000000        7.3660300081712649E-011   10.900000000000000       0.99999999090139491       0.99999999082773461     
   11.000000000000000        5.7467808289857203E-011   11.000000000000000       0.99999999082773494       0.99999999077026713     
   11.100000000000001        3.9225955816846181E-011   11.100000000000001       0.99999999077026702       0.99999999073104107     
   11.200000000000001        3.0885849433559542E-011   11.200000000000001       0.99999999073104118       0.99999999070015533     
   11.300000000000001        2.8552049613495001E-011   11.300000000000001       0.99999999070015544       0.99999999067160339     
   11.400000000000000        4.4617864958240716E-011   11.400000000000000       0.99999999067160328       0.99999999062698541     
   11.500000000000000        9.5849883585685802E-011   11.500000000000000       0.99999999062698564       0.99999999053113575     
   11.600000000000001        1.6116008527689019E-010   11.600000000000001       0.99999999053113564       0.99999999036997556     
   11.700000000000001        1.7680901187588915E-010   11.700000000000001       0.99999999036997556       0.99999999019316654     
   11.800000000000001        1.3334611193016599E-010   11.800000000000001       0.99999999019316632       0.99999999005982021     
   11.900000000000000        8.7567952888889522E-011   11.900000000000000       0.99999999005982043       0.99999998997225248     
   12.000000000000000        5.2762683111495789E-011   12.000000000000000       0.99999998997225259       0.99999998991948991     
   12.100000000000001        2.7370772315293834E-011   12.100000000000001       0.99999998991949002       0.99999998989211925     
   12.200000000000001        2.5675683801296145E-011   12.200000000000001       0.99999998989211925       0.99999998986644356     
   12.300000000000001        4.9990789285914161E-011   12.300000000000001       0.99999998986644367       0.99999998981645288     
   12.400000000000000        7.5479067440653580E-011   12.400000000000000       0.99999998981645299       0.99999998974097393     
   12.500000000000000        7.4811712380551398E-011   12.500000000000000       0.99999998974097404       0.99999998966616233     
   12.600000000000001        5.4115600889304005E-011   12.600000000000001       0.99999998966616188       0.99999998961204628     
   12.700000000000001        3.9105163551766964E-011   12.700000000000001       0.99999998961204617       0.99999998957294101     
   12.800000000000001        3.1411540035719554E-011   12.800000000000001       0.99999998957294089       0.99999998954152935     
   12.900000000000000        3.2338909328188947E-011   12.900000000000000       0.99999998954152935       0.99999998950919045     
   13.000000000000000        5.7734705904977091E-011   13.000000000000000       0.99999998950919033       0.99999998945145563     
   13.100000000000001        1.0617151602332342E-010   13.100000000000001       0.99999998945145563       0.99999998934528411     
   13.200000000000001        1.4537915316026329E-010   13.200000000000001       0.99999998934528411       0.99999998919990496     
   13.300000000000001        1.4951639926152893E-010   13.300000000000001       0.99999998919990518       0.99999998905038878     
   13.400000000000000        1.2620682277031392E-010   13.400000000000000       0.99999998905038889       0.99999998892418207     
   13.500000000000000        8.1943674068440941E-011   13.500000000000000       0.99999998892418218       0.99999998884223851     
   13.600000000000001        3.7802316832369343E-011   13.600000000000001       0.99999998884223884       0.99999998880443652     
   13.700000000000001        2.1874280164979609E-011   13.700000000000001       0.99999998880443652       0.99999998878256224     
   13.800000000000001        3.4627301026546320E-011   13.800000000000001       0.99999998878256224       0.99999998874793494     
   13.900000000000000        6.5788041681003051E-011   13.900000000000000       0.99999998874793483       0.99999998868214679     
   14.000000000000000        8.8361207239984196E-011   14.000000000000000       0.99999998868214646       0.99999998859378525     
   14.100000000000001        7.5662476284321656E-011   14.100000000000001       0.99999998859378525       0.99999998851812277     
   14.200000000000001        4.9166226645525057E-011   14.200000000000001       0.99999998851812277       0.99999998846895655     
   14.300000000000001        3.4030556150810298E-011   14.300000000000001       0.99999998846895632       0.99999998843492577     
   14.400000000000000        2.7176372263681969E-011   14.400000000000000       0.99999998843492566       0.99999998840774929     
   14.500000000000000        3.5650260521435939E-011   14.500000000000000       0.99999998840774929       0.99999998837209902     
   14.600000000000001        6.5320859832240785E-011   14.600000000000001       0.99999998837209925       0.99999998830677839     
   14.700000000000001        1.0403855554841357E-010   14.700000000000001       0.99999998830677828       0.99999998820273972     
   14.800000000000001        1.3870105064484051E-010   14.800000000000001       0.99999998820273994       0.99999998806403889     
   14.900000000000000        1.4884393717551347E-010   14.900000000000000       0.99999998806403867       0.99999998791519473     
   15.000000000000000        1.1411338540767701E-010   15.000000000000000       0.99999998791519440       0.99999998780108101     
   15.100000000000001        6.4651617392996741E-011   15.100000000000001       0.99999998780108112       0.99999998773642951     
   15.200000000000001        3.3722802328384205E-011   15.200000000000001       0.99999998773642940       0.99999998770270659     
   15.300000000000001        2.5850765972279532E-011   15.300000000000001       0.99999998770270648       0.99999998767685572     
   15.400000000000000        4.6038506340551066E-011   15.400000000000000       0.99999998767685594       0.99999998763081743     
   15.500000000000000        8.5721096887425574E-011   15.500000000000000       0.99999998763081732       0.99999998754509623     
   15.600000000000001        9.8491770295083825E-011   15.600000000000001       0.99999998754509645       0.99999998744660468     
   15.700000000000001        6.7707062179067634E-011   15.700000000000001       0.99999998744660479       0.99999998737889773     
   15.800000000000001        3.7662539753569035E-011   15.800000000000001       0.99999998737889750       0.99999998734123496     
   15.900000000000000        2.4591106928539830E-011   15.900000000000000       0.99999998734123485       0.99999998731664375     
   16.000000000000000        2.3919977110153923E-011   16.000000000000000       0.99999998731664341       0.99999998729272344     
   16.100000000000001        4.0070058382468687E-011   16.100000000000001       0.99999998729272344       0.99999998725265338     
   16.199999999999999        7.0663364049039501E-011   16.199999999999999       0.99999998725265360       0.99999998718199024     
   16.300000000000001        1.1170542268956751E-010   16.300000000000001       0.99999998718199012       0.99999998707028470     
   16.400000000000002        1.4293533023845839E-010   16.400000000000002       0.99999998707028470       0.99999998692734937     
   16.500000000000000        1.3416234789787040E-010   16.500000000000000       0.99999998692734915       0.99999998679318680     
   16.600000000000001        1.0038914144416822E-010   16.600000000000001       0.99999998679318680       0.99999998669279766     
   16.699999999999999        6.4159677570785334E-011   16.699999999999999       0.99999998669279777       0.99999998662863809     
   16.800000000000001        3.1456282023611948E-011   16.800000000000001       0.99999998662863809       0.99999998659718181     
   16.900000000000002        2.6730617719294969E-011   16.900000000000002       0.99999998659718181       0.99999998657045119     
   17.000000000000000        6.6910033069689234E-011   17.000000000000000       0.99999998657045097       0.99999998650354094     
   17.100000000000001        1.0865974786611332E-010   17.100000000000001       0.99999998650354072       0.99999998639488097     
   17.199999999999999        9.1583296502051326E-011   17.199999999999999       0.99999998639488097       0.99999998630329767     
   17.300000000000001        4.6846748702478180E-011   17.300000000000001       0.99999998630329789       0.99999998625645115     
   17.400000000000002        2.4006352461469760E-011   17.400000000000002       0.99999998625645137       0.99999998623244502     
   17.500000000000000        1.9878099166703578E-011   17.500000000000000       0.99999998623244479       0.99999998621256669     
   17.600000000000001        2.7907010036187785E-011   17.600000000000001       0.99999998621256669       0.99999998618465968     
   17.699999999999999        4.8282045028713583E-011   17.699999999999999       0.99999998618465957       0.99999998613637753     
   17.800000000000001        8.0532358559537442E-011   17.800000000000001       0.99999998613637742       0.99999998605584506     
   17.900000000000002        1.1606948735476408E-010   17.900000000000002       0.99999998605584528       0.99999998593977579     
   18.000000000000000        1.3185363911816239E-010   18.000000000000000       0.99999998593977579       0.99999998580792215     
   18.100000000000001        1.2869472154619643E-010   18.100000000000001       0.99999998580792215       0.99999998567922743     
   18.199999999999999        1.0703482544727194E-010   18.199999999999999       0.99999998567922777       0.99999998557219294     
   18.300000000000001        5.6578963736342303E-011   18.300000000000001       0.99999998557219283       0.99999998551561387     
   18.400000000000002        1.9466317446870107E-011   18.400000000000002       0.99999998551561398       0.99999998549614766     
   18.500000000000000        4.0066172601882499E-011   18.500000000000000       0.99999998549614777       0.99999998545608160     
   18.600000000000001        9.6072705346728071E-011   18.600000000000001       0.99999998545608204       0.99999998536000934     
   18.699999999999999        1.1025902413308586E-010   18.699999999999999       0.99999998536000934       0.99999998524975031     
   18.800000000000001        6.7417516014245393E-011   18.800000000000001       0.99999998524975042       0.99999998518233291     
   18.900000000000002        2.9329871864547385E-011   18.900000000000002       0.99999998518233257       0.99999998515300270     
   19.000000000000000        1.9385049121467546E-011   19.000000000000000       0.99999998515300281       0.99999998513361776     
   19.100000000000001        2.2538637622915303E-011   19.100000000000001       0.99999998513361810       0.99999998511107946     
   19.200000000000003        3.3737013183099407E-011   19.200000000000003       0.99999998511107946       0.99999998507734245     
   19.300000000000001        5.4699245133349450E-011   19.300000000000001       0.99999998507734245       0.99999998502264320     
   19.400000000000002        8.3154594321399600E-011   19.400000000000002       0.99999998502264320       0.99999998493948861     
   19.500000000000000        1.0955458762396120E-010   19.500000000000000       0.99999998493948883       0.99999998482993424     
   19.600000000000001        1.3647916130565818E-010   19.600000000000001       0.99999998482993424       0.99999998469345508     
   19.700000000000003        1.4676260207124869E-010   19.700000000000003       0.99999998469345519       0.99999998454669259     
   19.800000000000001        9.7803543042118690E-011   19.800000000000001       0.99999998454669248       0.99999998444888893     
   19.900000000000002        3.0995317423787583E-011   19.900000000000002       0.99999998444888882       0.99999998441789351     
   20.000000000000000        1.9319545963014662E-011   20.000000000000000       0.99999998441789339       0.99999998439857385     
   20.100000000000001        6.7071237452864807E-011   20.100000000000001       0.99999998439857385       0.99999998433150261     
   20.200000000000003        1.1097089913647551E-010   20.200000000000003       0.99999998433150283       0.99999998422053193     
   20.300000000000001        9.3109298049398603E-011   20.300000000000001       0.99999998422053216       0.99999998412742286     
   20.400000000000002        4.5426440387075218E-011   20.400000000000002       0.99999998412742264       0.99999998408199620     
   20.500000000000000        2.1614598999519785E-011   20.500000000000000       0.99999998408199620       0.99999998406038160     
   20.600000000000001        1.9799939465769967E-011   20.600000000000001       0.99999998406038171       0.99999998404058177     
   20.700000000000003        2.4604984716347644E-011   20.700000000000003       0.99999998404058166       0.99999998401597667     
   20.800000000000001        3.6133096514845420E-011   20.800000000000001       0.99999998401597656       0.99999998397984347     
   20.900000000000002        5.4932280946218270E-011   20.900000000000002       0.99999998397984347       0.99999998392491118     
   21.000000000000000        8.0307205330143461E-011   21.000000000000000       0.99999998392491107       0.99999998384460387     
   21.100000000000001        1.2221756939823081E-010   21.100000000000001       0.99999998384460409       0.99999998372238652     
   21.200000000000003        1.6450085738028974E-010   21.200000000000003       0.99999998372238663       0.99999998355788577     
   21.300000000000001        1.4154744043537448E-010   21.300000000000001       0.99999998355788566       0.99999998341633822     
   21.400000000000002        6.3792637838844257E-011   21.400000000000002       0.99999998341633844       0.99999998335254581     
   21.500000000000000        1.7475909608322127E-011   21.500000000000000       0.99999998335254592       0.99999998333507001     
   21.600000000000001        3.6991076868275741E-011   21.600000000000001       0.99999998333507023       0.99999998329807915     
   21.700000000000003        8.9432794503352397E-011   21.700000000000003       0.99999998329807882       0.99999998320864603     
   21.800000000000001        1.0894585233955922E-010   21.800000000000001       0.99999998320864592       0.99999998309970006     
   21.900000000000002        7.2822525787330505E-011   21.900000000000002       0.99999998309969995       0.99999998302687743     
   22.000000000000000        3.1182056936529534E-011   22.000000000000000       0.99999998302687743       0.99999998299569537     
   22.100000000000001        1.7779777650162032E-011   22.100000000000001       0.99999998299569526       0.99999998297791548     
   22.200000000000003        1.8294588066680717E-011   22.200000000000003       0.99999998297791537       0.99999998295962078     
   22.300000000000001        2.3829493933646972E-011   22.300000000000001       0.99999998295962100       0.99999998293579151     
   22.400000000000002        3.5687452992760882E-011   22.400000000000002       0.99999998293579140       0.99999998290010395     
   22.500000000000000        5.5381477181981609E-011   22.500000000000000       0.99999998290010383       0.99999998284472236     
   22.600000000000001        9.5212837614155887E-011   22.600000000000001       0.99999998284472191       0.99999998274950908     
   22.700000000000003        1.5307366485473040E-010   22.700000000000003       0.99999998274950919       0.99999998259643552     
   22.800000000000001        1.6895551624429572E-010   22.800000000000001       0.99999998259643541       0.99999998242747989     
   22.900000000000002        1.1047340819914098E-010   22.900000000000002       0.99999998242748012       0.99999998231700671     
   23.000000000000000        4.1020964403060134E-011   23.000000000000000       0.99999998231700693       0.99999998227598597     
   23.100000000000001        2.1275314843194337E-011   23.100000000000001       0.99999998227598597       0.99999998225471065     
   23.200000000000003        5.6624593902654397E-011   23.200000000000003       0.99999998225471043       0.99999998219808583     
   23.300000000000001        1.0333911504289972E-010   23.300000000000001       0.99999998219808572       0.99999998209474661     
   23.400000000000002        9.9874553072254457E-011   23.400000000000002       0.99999998209474650       0.99999998199487194     
   23.500000000000000        5.1917914412058508E-011   23.500000000000000       0.99999998199487183       0.99999998194295392     
   23.600000000000001        1.9132695427970248E-011   23.600000000000001       0.99999998194295392       0.99999998192382122     
   23.700000000000003        1.3379852781270074E-011   23.700000000000003       0.99999998192382111       0.99999998191044126     
   23.800000000000001        1.6504020372565265E-011   23.800000000000001       0.99999998191044148       0.99999998189393746     
   23.900000000000002        2.4377722063206875E-011   23.900000000000002       0.99999998189393746       0.99999998186955974     
   24.000000000000000        3.8257286227860732E-011   24.000000000000000       0.99999998186955941       0.99999998183130212     
   24.100000000000001        6.7625238742152760E-011   24.100000000000001       0.99999998183130234       0.99999998176367710     
   24.200000000000003        1.2139866889526729E-010   24.200000000000003       0.99999998176367733       0.99999998164227866     
   24.300000000000001        1.6670609337410269E-010   24.300000000000001       0.99999998164227855       0.99999998147557245     
   24.400000000000002        1.5301970801573361E-010   24.400000000000002       0.99999998147557245       0.99999998132255274     
   24.500000000000000        8.7942431115095587E-011   24.500000000000000       0.99999998132255263       0.99999998123461020     
   24.600000000000001        3.0229818648308537E-011   24.600000000000001       0.99999998123461042       0.99999998120438061     
   24.700000000000003        2.9080737817821500E-011   24.700000000000003       0.99999998120438072       0.99999998117529998     
   24.800000000000001        7.7362005690417845E-011   24.800000000000001       0.99999998117529976       0.99999998109793775     
   24.900000000000002        1.0987355469893600E-010   24.900000000000002       0.99999998109793775       0.99999998098806420     
   25.000000000000000        7.9330875202288098E-011   25.000000000000000       0.99999998098806386       0.99999998090873299     
   25.100000000000001        3.0000779638328368E-011   25.100000000000001       0.99999998090873299       0.99999998087873221     
   25.200000000000003        1.0971890063160572E-011   25.200000000000003       0.99999998087873221       0.99999998086776032     
   25.300000000000001        1.2120193737530371E-011   25.300000000000001       0.99999998086776043       0.99999998085564024     
   25.400000000000002        1.8252510614047424E-011   25.400000000000002       0.99999998085564012       0.99999998083738761     
   25.500000000000000        2.7695290505391768E-011   25.500000000000000       0.99999998083738750       0.99999998080969221     
   25.600000000000001        4.6217474292120642E-011   25.600000000000001       0.99999998080969232       0.99999998076347485     
   25.700000000000003        8.4895535046314308E-011   25.700000000000003       0.99999998076347507       0.99999998067857954     
   25.800000000000001        1.3862677672449308E-010   25.800000000000001       0.99999998067857943       0.99999998053995265     
   25.900000000000002        1.7219248249489283E-010   25.900000000000002       0.99999998053995265       0.99999998036776017     
   26.000000000000000        1.4325651775948245E-010   26.000000000000000       0.99999998036776039       0.99999998022450387     
   26.100000000000001        6.5766281309720398E-011   26.100000000000001       0.99999998022450365       0.99999998015873737     
   26.200000000000003        1.9697132813689677E-011   26.200000000000003       0.99999998015873737       0.99999998013904023     
   26.300000000000001        4.4649950403652383E-011   26.300000000000001       0.99999998013904012       0.99999998009439017     
   26.400000000000002        9.5666474742017726E-011   26.400000000000002       0.99999998009438995       0.99999997999872348     
   26.500000000000000        9.9084518367931196E-011   26.500000000000000       0.99999997999872381       0.99999997989963929     
   26.600000000000001        5.2101434278029046E-011   26.600000000000001       0.99999997989963951       0.99999997984753808     
   26.700000000000003        1.5856427282301411E-011   26.700000000000003       0.99999997984753808       0.99999997983168165     
   26.800000000000001        9.6487262624123105E-012   26.800000000000001       0.99999997983168143       0.99999997982203270     
   26.900000000000002        1.4612533405511385E-011   26.900000000000002       0.99999997982203293       0.99999997980742039     
   27.000000000000000        2.1128876426246279E-011   27.000000000000000       0.99999997980742050       0.99999997978629163     
   27.100000000000001        3.1635805086693836E-011   27.100000000000001       0.99999997978629118       0.99999997975465538     
   27.200000000000003        5.5147109101483238E-011   27.200000000000003       0.99999997975465549       0.99999997969950838     
   27.300000000000001        1.0077150225384912E-010   27.300000000000001       0.99999997969950827       0.99999997959873677     
   27.400000000000002        1.6104795275140305E-010   27.400000000000002       0.99999997959873688       0.99999997943768892     
   27.500000000000000        1.8281764990746296E-010   27.500000000000000       0.99999997943768892       0.99999997925487127     
   27.600000000000001        1.1846434944118300E-010   27.600000000000001       0.99999997925487105       0.99999997913640670     
   27.700000000000003        3.5442426771226110E-011   27.700000000000003       0.99999997913640659       0.99999997910096416     
   27.800000000000001        2.1436408204067448E-011   27.800000000000001       0.99999997910096428       0.99999997907952787     
   27.900000000000002        6.5204175392352681E-011   27.900000000000002       0.99999997907952787       0.99999997901432369     
   28.000000000000000        9.8134833592666837E-011   28.000000000000000       0.99999997901432403       0.99999997891618919     
   28.100000000000001        7.6712303176407204E-011   28.100000000000001       0.99999997891618919       0.99999997883947689     
   28.200000000000003        3.2741809263825417E-011   28.200000000000003       0.99999997883947722       0.99999997880673541     
   28.300000000000001        1.1363909813155715E-011   28.300000000000001       0.99999997880673530       0.99999997879537139     
   28.400000000000002        1.1556422485625717E-011   28.400000000000002       0.99999997879537139       0.99999997878381497     
   28.500000000000000        1.6477486042276723E-011   28.500000000000000       0.99999997878381486       0.99999997876733737     
   28.600000000000001        2.2509771824275049E-011   28.600000000000001       0.99999997876733704       0.99999997874482727     
   28.700000000000003        3.5682790056057456E-011   28.700000000000003       0.99999997874482727       0.99999997870914448     
   28.800000000000001        6.7703287420783909E-011   28.800000000000001       0.99999997870914425       0.99999997864144097     
   28.900000000000002        1.2943013327770814E-010   28.900000000000002       0.99999997864144075       0.99999997851201061     
   29.000000000000000        1.8930024214824925E-010   29.000000000000000       0.99999997851201050       0.99999997832271026     
   29.100000000000001        1.6706969141466743E-010   29.100000000000001       0.99999997832271059       0.99999997815564090     
   29.200000000000003        7.4968808938535858E-011   29.200000000000003       0.99999997815564046       0.99999997808067165     
   29.300000000000001        1.9829138331317608E-011   29.300000000000001       0.99999997808067143       0.99999997806084229     
   29.400000000000002        3.5155767186267894E-011   29.400000000000002       0.99999997806084218       0.99999997802568641     
   29.500000000000000        7.6625261691276592E-011   29.500000000000000       0.99999997802568630       0.99999997794906104     
   29.600000000000001        8.9202978337254990E-011   29.600000000000001       0.99999997794906104       0.99999997785985806     
   29.700000000000003        5.8407834124807323E-011   29.700000000000003       0.99999997785985806       0.99999997780145022     
   29.800000000000001        2.2125856702359670E-011   29.800000000000001       0.99999997780145033       0.99999997777932448     
   29.900000000000002        9.9026342681440838E-012   29.900000000000002       0.99999997777932415       0.99999997776942151     
   30.000000000000000        1.2408407634723062E-011   30.000000000000000       0.99999997776942162       0.99999997775701321     
   30.100000000000001        1.7057022461131055E-011   30.100000000000001       0.99999997775701355       0.99999997773995652     
   30.200000000000003        2.4796276143490559E-011   30.200000000000003       0.99999997773995641       0.99999997771516014     
   30.300000000000001        4.5102033219279747E-011   30.300000000000001       0.99999997771516036       0.99999997767005833     
   30.400000000000002        9.3621110863750800E-011   30.400000000000002       0.99999997767005855       0.99999997757643744     
   30.500000000000000        1.6419210435714149E-010   30.500000000000000       0.99999997757643755       0.99999997741224544     
   30.600000000000001        1.8897583498045378E-010   30.600000000000001       0.99999997741224544       0.99999997722326961     
   30.700000000000003        1.2490075640414489E-010   30.700000000000003       0.99999997722326917       0.99999997709836841     
   30.800000000000001        4.5247472435505642E-011   30.800000000000001       0.99999997709836841       0.99999997705312094     
   30.900000000000002        2.0975332581940620E-011   30.900000000000002       0.99999997705312071       0.99999997703214538     
   31.000000000000000        4.7044701467768846E-011   31.000000000000000       0.99999997703214516       0.99999997698510046     
   31.100000000000001        8.1556983388963999E-011   31.100000000000001       0.99999997698510057       0.99999997690354359     
   31.200000000000003        8.0166207006016066E-011   31.200000000000003       0.99999997690354370       0.99999997682337749     
   31.300000000000001        4.3170023111827049E-011   31.300000000000001       0.99999997682337716       0.99999997678020713     
   31.400000000000002        1.3901657602843898E-011   31.400000000000002       0.99999997678020713       0.99999997676630548     
   31.500000000000000        9.0284446585542355E-012   31.500000000000000       0.99999997676630537       0.99999997675727692     
   31.600000000000001        1.3503975715423167E-011   31.600000000000001       0.99999997675727681       0.99999997674377283     
   31.700000000000003        1.9444001964075142E-011   31.700000000000003       0.99999997674377272       0.99999997672432872     
   31.800000000000001        3.1769809005766092E-011   31.800000000000001       0.99999997672432861       0.99999997669255880     
   31.900000000000002        6.4118155229664353E-011   31.900000000000002       0.99999997669255869       0.99999997662844053     
   32.000000000000000        1.2389123060785323E-010   32.000000000000000       0.99999997662844087       0.99999997650454964     
   32.100000000000001        1.7660051199186455E-010   32.100000000000001       0.99999997650454930       0.99999997632794879     
   32.200000000000003        1.6312773354343335E-010   32.200000000000003       0.99999997632794935       0.99999997616482161     
   32.300000000000004        9.1985197236965632E-011   32.300000000000004       0.99999997616482161       0.99999997607283642     
   32.399999999999999        3.1958991009162219E-011   32.399999999999999       0.99999997607283642       0.99999997604087743     
   32.500000000000000        2.5018098703810665E-011   32.500000000000000       0.99999997604087731       0.99999997601585922     
   32.600000000000001        5.8965388127774077E-011   32.600000000000001       0.99999997601585899       0.99999997595689361     
   32.700000000000003        8.5218054834967916E-011   32.700000000000003       0.99999997595689349       0.99999997587167544     
   32.800000000000004        6.6475047688641098E-011   32.800000000000004       0.99999997587167544       0.99999997580520039     
   32.899999999999999        2.7543634040227971E-011   32.899999999999999       0.99999997580520028       0.99999997577765665     
   33.000000000000000        9.3588470306826821E-012   33.000000000000000       0.99999997577765642       0.99999997576829758     
   33.100000000000001        1.0748846257513378E-011   33.100000000000001       0.99999997576829747       0.99999997575754862     
   33.200000000000003        1.6604828623201229E-011   33.200000000000003       0.99999997575754862       0.99999997574094379     
   33.300000000000004        2.4302115875229902E-011   33.300000000000004       0.99999997574094390       0.99999997571664179     
   33.399999999999999        4.3421932716114497E-011   33.399999999999999       0.99999997571664179       0.99999997567321985     
   33.500000000000000        8.5118134762751652E-011   33.500000000000000       0.99999997567321974       0.99999997558810161     
   33.600000000000001        1.4138512582917429E-010   33.600000000000001       0.99999997558810183       0.99999997544671670     
   33.700000000000003        1.7266965635087672E-010   33.700000000000003       0.99999997544671648       0.99999997527404683     
   33.800000000000004        1.4113843427310258E-010   33.800000000000004       0.99999997527404683       0.99999997513290839     
   33.899999999999999        6.7987282470483024E-011   33.899999999999999       0.99999997513290850       0.99999997506492122     
   34.000000000000000        2.2071566796455500E-011   34.000000000000000       0.99999997506492133       0.99999997504284976     
   34.100000000000001        3.4709124463461194E-011   34.100000000000001       0.99999997504284988       0.99999997500814075     
   34.200000000000003        7.1436301318783535E-011   34.200000000000003       0.99999997500814064       0.99999997493670434     
   34.300000000000004        7.8939632608410193E-011   34.300000000000004       0.99999997493670423       0.99999997485776460     
   34.399999999999999        4.8037684940993586E-011   34.399999999999999       0.99999997485776460       0.99999997480972691     
   34.500000000000000        1.8055112960269071E-011   34.500000000000000       0.99999997480972691       0.99999997479167180     
   34.600000000000001        1.0023093466315913E-011   34.600000000000001       0.99999997479167202       0.99999997478164893     
   34.700000000000003        1.4063528119834245E-011   34.700000000000003       0.99999997478164881       0.99999997476758529     
   34.800000000000004        1.9743540136119009E-011   34.800000000000004       0.99999997476758529       0.99999997474784175     
   34.899999999999999        3.0188296307187557E-011   34.899999999999999       0.99999997474784152       0.99999997471765323     
   35.000000000000000        5.6019966443443536E-011   35.000000000000000       0.99999997471765334       0.99999997466163337     
   35.100000000000001        1.0174516784644538E-010   35.100000000000001       0.99999997466163359       0.99999997455988843     
   35.200000000000003        1.5401424580119283E-010   35.200000000000003       0.99999997455988854       0.99999997440587429     
   35.300000000000004        1.6998247254207399E-010   35.300000000000004       0.99999997440587440       0.99999997423589193     
   35.399999999999999        1.1605438832162918E-010   35.399999999999999       0.99999997423589226       0.99999997411983788     
   35.500000000000000        4.2899794827633286E-011   35.500000000000000       0.99999997411983788       0.99999997407693808     
   35.600000000000001        2.2067014882054536E-011   35.600000000000001       0.99999997407693797       0.99999997405487095     
   35.700000000000003        4.8439252609000505E-011   35.700000000000003       0.99999997405487107       0.99999997400643181     
   35.800000000000004        7.3385630905420385E-011   35.800000000000004       0.99999997400643204       0.99999997393304640     
   35.899999999999999        6.4841132463300255E-011   35.899999999999999       0.99999997393304652       0.99999997386820538     
   36.000000000000000        3.5897396166717499E-011   36.000000000000000       0.99999997386820549       0.99999997383230810     
   36.100000000000001        1.5374923556521480E-011   36.100000000000001       0.99999997383230810       0.99999997381693317     
   36.200000000000003        1.1780798558902461E-011   36.200000000000003       0.99999997381693340       0.99999997380515260     
   36.300000000000004        1.5934809027839947E-011   36.300000000000004       0.99999997380515271       0.99999997378921790     
   36.399999999999999        2.2246537945136424E-011   36.399999999999999       0.99999997378921790       0.99999997376697136     
   36.500000000000000        3.7362890559222706E-011   36.500000000000000       0.99999997376697147       0.99999997372960858     
   36.600000000000001        6.9703132155041203E-011   36.600000000000001       0.99999997372960892       0.99999997365990578     
   36.700000000000003        1.2125322967904140E-010   36.700000000000003       0.99999997365990567       0.99999997353865244     
   36.800000000000004        1.6780143941019787E-010   36.800000000000004       0.99999997353865244       0.99999997337085100     
   36.899999999999999        1.5407963793734325E-010   36.899999999999999       0.99999997337085111       0.99999997321677148     
   37.000000000000000        8.2030715553571554E-011   37.000000000000000       0.99999997321677137       0.99999997313474065     
   37.100000000000001        2.9831137560165644E-011   37.100000000000001       0.99999997313474065       0.99999997310490951     
   37.200000000000003        3.0065949729873864E-011   37.200000000000003       0.99999997310490962       0.99999997307484367     
   37.300000000000004        5.4330318022266511E-011   37.300000000000004       0.99999997307484378       0.99999997302051347     
   37.399999999999999        6.7803318515302635E-011   37.399999999999999       0.99999997302051324       0.99999997295270993     
   37.500000000000000        5.5635607232318307E-011   37.500000000000000       0.99999997295270981       0.99999997289707421     
   37.600000000000001        2.9775737431236848E-011   37.600000000000001       0.99999997289707410       0.99999997286729836     
   37.700000000000003        1.3050005520653940E-011   37.700000000000003       0.99999997286729847       0.99999997285424846     
   37.800000000000004        1.2118861469900821E-011   37.800000000000004       0.99999997285424835       0.99999997284212949     
   37.899999999999999        1.7368440019538411E-011   37.899999999999999       0.99999997284212927       0.99999997282476083     
   38.000000000000000        2.6877833292360265E-011   38.000000000000000       0.99999997282476094       0.99999997279788311     
   38.100000000000001        4.8126502782963598E-011   38.100000000000001       0.99999997279788311       0.99999997274975660     
   38.200000000000003        8.8611451509734707E-011   38.200000000000003       0.99999997274975627       0.99999997266114482     
   38.300000000000004        1.4189338592984768E-010   38.300000000000004       0.99999997266114482       0.99999997251925143     
   38.400000000000006        1.6499135391256914E-010   38.400000000000006       0.99999997251925132       0.99999997235425997     
   38.500000000000000        1.2298417839673448E-010   38.500000000000000       0.99999997235426008       0.99999997223127590     
   38.600000000000001        5.8980709205513904E-011   38.600000000000001       0.99999997223127579       0.99999997217229508     
   38.700000000000003        2.7770008514949041E-011   38.700000000000003       0.99999997217229486       0.99999997214452485     
   38.800000000000004        3.3905322993632581E-011   38.800000000000004       0.99999997214452463       0.99999997211061931     
   38.900000000000006        5.5909499252493333E-011   38.900000000000006       0.99999997211061897       0.99999997205470947     
   39.000000000000000        6.6137539889155050E-011   39.000000000000000       0.99999997205470925       0.99999997198857171     
   39.100000000000001        4.9501069909752005E-011   39.100000000000001       0.99999997198857182       0.99999997193907075     
   39.200000000000003        2.2333468407964574E-011   39.200000000000003       0.99999997193907075       0.99999997191673728     
   39.300000000000004        1.0378697901103351E-011   39.300000000000004       0.99999997191673728       0.99999997190635859     
   39.400000000000006        1.3593570713510417E-011   39.400000000000006       0.99999997190635848       0.99999997189276491     
   39.500000000000000        2.1415758055809420E-011   39.500000000000000       0.99999997189276479       0.99999997187134904     
   39.600000000000001        3.5001002096635148E-011   39.600000000000001       0.99999997187134926       0.99999997183634826     
   39.700000000000003        6.2766458697183225E-011   39.700000000000003       0.99999997183634848       0.99999997177358202     
   39.800000000000004        1.0759060309339930E-010   39.800000000000004       0.99999997177358213       0.99999997166599153     
   39.900000000000006        1.4845680240682668E-010   39.900000000000006       0.99999997166599164       0.99999997151753484     
   40.000000000000000        1.4660228586649282E-010   40.000000000000000       0.99999997151753472       0.99999997137093244     
   40.100000000000001        9.9192876135134611E-011   40.100000000000001       0.99999997137093255       0.99999997127173967     
   40.200000000000003        4.6609160975208397E-011   40.200000000000003       0.99999997127173978       0.99999997122513062     
   40.300000000000004        2.4331536785382468E-011   40.300000000000004       0.99999997122513062       0.99999997120079909     
   40.400000000000006        3.7514102935176652E-011   40.400000000000006       0.99999997120079909       0.99999997116328498     
   40.500000000000000        6.1683103069753997E-011   40.500000000000000       0.99999997116328498       0.99999997110160188     
   40.600000000000001        6.4371397101581351E-011   40.600000000000001       0.99999997110160210       0.99999997103723071     
   40.700000000000003        3.9513836647131484E-011   40.700000000000003       0.99999997103723071       0.99999997099771687     
   40.800000000000004        1.5353718296751140E-011   40.800000000000004       0.99999997099771698       0.99999997098236326     
   40.900000000000006        1.0924039450799228E-011   40.900000000000006       0.99999997098236348       0.99999997097143944     
   41.000000000000000        1.7799872686907747E-011   41.000000000000000       0.99999997097143911       0.99999997095363924     
   41.100000000000001        2.7297275551063649E-011   41.100000000000001       0.99999997095363935       0.99999997092634207     
   41.200000000000003        4.4459991244139019E-011   41.200000000000003       0.99999997092634207       0.99999997088188208     
   41.300000000000004        7.6411321714431324E-011   41.300000000000004       0.99999997088188197       0.99999997080547065     
   41.400000000000006        1.1755441065020023E-010   41.400000000000006       0.99999997080547087       0.99999997068791646     
   41.500000000000000        1.4462642194956743E-010   41.500000000000000       0.99999997068791646       0.99999997054329004     
   41.600000000000001        1.3206702398349535E-010   41.600000000000001       0.99999997054328993       0.99999997041122290     
   41.700000000000003        8.1517126382379956E-011   41.700000000000003       0.99999997041122290       0.99999997032970578     
   41.800000000000004        3.3337221871931888E-011   41.800000000000004       0.99999997032970600       0.99999997029636878     
   41.900000000000006        2.4338975279647457E-011   41.900000000000006       0.99999997029636867       0.99999997027202969     
   42.000000000000000        4.6498804806560656E-011   42.000000000000000       0.99999997027202980       0.99999997022553100     
   42.100000000000001        6.5726535325438817E-011   42.100000000000001       0.99999997022553089       0.99999997015980435     
   42.200000000000003        5.6902038636508223E-011   42.200000000000003       0.99999997015980435       0.99999997010290231     
   42.300000000000004        2.9719560146190815E-011   42.300000000000004       0.99999997010290254       0.99999997007318298     
   42.400000000000006        1.2734813203962858E-011   42.400000000000006       0.99999997007318286       0.99999997006044805     
   42.500000000000000        1.4238277223910245E-011   42.500000000000000       0.99999997006044805       0.99999997004620977     
   42.600000000000001        2.2030599566846831E-011   42.600000000000001       0.99999997004620977       0.99999997002417917     
   42.700000000000003        3.2331359811621496E-011   42.700000000000003       0.99999997002417895       0.99999996999184759     
   42.800000000000004        5.2781889969821805E-011   42.800000000000004       0.99999996999184770       0.99999996993906581     
   42.900000000000006        8.6038842717073294E-011   42.900000000000006       0.99999996993906570       0.99999996985302686     
   43.000000000000000        1.2361955903372746E-010   43.000000000000000       0.99999996985302675       0.99999996972940719     
   43.100000000000001        1.4306977824674050E-010   43.100000000000001       0.99999996972940708       0.99999996958633730     
   43.200000000000003        1.1708545244459856E-010   43.200000000000003       0.99999996958633730       0.99999996946925185     
   43.300000000000004        6.0581317740115992E-011   43.300000000000004       0.99999996946925185       0.99999996940867053     
   43.400000000000006        2.5991653274104465E-011   43.400000000000006       0.99999996940867053       0.99999996938267888     
   43.500000000000000        3.1070035433344856E-011   43.500000000000000       0.99999996938267877       0.99999996935160873     
   43.600000000000001        5.3660520471510154E-011   43.600000000000001       0.99999996935160895       0.99999996929794843     
   43.700000000000003        6.4281580058889176E-011   43.700000000000003       0.99999996929794810       0.99999996923366652     
   43.800000000000004        4.8948289865791139E-011   43.800000000000004       0.99999996923366663       0.99999996918471834     
   43.900000000000006        2.3266277793254631E-011   43.900000000000006       0.99999996918471834       0.99999996916145206     
   44.000000000000000        1.2456480291689331E-011   44.000000000000000       0.99999996916145228       0.99999996914899580     
   44.100000000000001        1.6940893132755264E-011   44.100000000000001       0.99999996914899580       0.99999996913205491     
   44.200000000000003        2.4480195648379777E-011   44.200000000000003       0.99999996913205480       0.99999996910757460     
   44.300000000000004        3.6931013802643520E-011   44.300000000000004       0.99999996910757494       0.99999996907064392     
   44.400000000000006        6.0914384647503539E-011   44.400000000000006       0.99999996907064381       0.99999996900972943     
   44.500000000000000        9.6185726050634912E-011   44.500000000000000       0.99999996900972965       0.99999996891354392     
   44.600000000000001        1.3146739252789530E-010   44.600000000000001       0.99999996891354381       0.99999996878207642     
   44.700000000000003        1.3636036744202329E-010   44.700000000000003       0.99999996878207653       0.99999996864571616     
   44.800000000000004        9.5505381381144616E-011   44.800000000000004       0.99999996864571594       0.99999996855021056     
   44.900000000000006        4.6293191502400077E-011   44.900000000000006       0.99999996855021056       0.99999996850391737     
   45.000000000000000        2.6275093212291267E-011   45.000000000000000       0.99999996850391715       0.99999996847764205     
   45.100000000000001        3.6546099480005978E-011   45.100000000000001       0.99999996847764228       0.99999996844109618     
   45.200000000000003        5.7537086206593813E-011   45.200000000000003       0.99999996844109629       0.99999996838355920     
   45.300000000000004        6.2721050575476056E-011   45.300000000000004       0.99999996838355898       0.99999996832083793     
   45.400000000000006        4.1636027958702471E-011   45.400000000000006       0.99999996832083782       0.99999996827920179     
   45.500000000000000        1.7279289110661011E-011   45.500000000000000       0.99999996827920157       0.99999996826192228     
   45.600000000000001        1.2266632154478430E-011   45.600000000000001       0.99999996826192228       0.99999996824965565     
   45.700000000000003        1.8589352279718696E-011   45.700000000000003       0.99999996824965542       0.99999996823106607     
   45.800000000000004        2.7311375383476388E-011   45.800000000000004       0.99999996823106585       0.99999996820375447     
   45.900000000000006        4.3383185932555079E-011   45.900000000000006       0.99999996820375447       0.99999996816037129     
   46.000000000000000        7.1134431678387955E-011   46.000000000000000       0.99999996816037118       0.99999996808923675     
   46.100000000000001        1.0723599785933402E-010   46.100000000000001       0.99999996808923675       0.99999996798200075     
   46.200000000000003        1.3275769372711466E-010   46.200000000000003       0.99999996798200030       0.99999996784924261     
   46.300000000000004        1.2169187879607080E-010   46.300000000000004       0.99999996784924239       0.99999996772755051     
   46.400000000000006        7.9605877445487749E-011   46.400000000000006       0.99999996772755040       0.99999996764794452     
   46.500000000000000        3.8938963164980578E-011   46.500000000000000       0.99999996764794474       0.99999996760900578     
   46.600000000000001        2.5389579327850242E-011   46.600000000000001       0.99999996760900556       0.99999996758361598     
   46.700000000000003        4.1579739651353975E-011   46.700000000000003       0.99999996758361631       0.99999996754203657     
   46.800000000000004        6.3082428169991545E-011   46.800000000000004       0.99999996754203635       0.99999996747895392     
   46.900000000000006        5.9361959792170182E-011   46.900000000000006       0.99999996747895392       0.99999996741959196     
   47.000000000000000        3.1414204570978654E-011   47.000000000000000       0.99999996741959174       0.99999996738817754     
   47.100000000000001        1.2066458943138514E-011   47.100000000000001       0.99999996738817765       0.99999996737611119     
   47.200000000000003        1.3268053322690321E-011   47.200000000000003       0.99999996737611130       0.99999996736284325     
   47.300000000000004        2.1346369116770347E-011   47.300000000000004       0.99999996736284325       0.99999996734149688     
   47.400000000000006        3.2229108271053519E-011   47.400000000000006       0.99999996734149699       0.99999996730926788     
   47.500000000000000        5.1580850701782310E-011   47.500000000000000       0.99999996730926777       0.99999996725768692     
   47.600000000000001        8.1064155388332892E-011   47.600000000000001       0.99999996725768681       0.99999996717662265     
   47.700000000000003        1.1274003952621570E-010   47.700000000000003       0.99999996717662287       0.99999996706388283     
   47.800000000000004        1.2807399585312851E-010   47.800000000000004       0.99999996706388317       0.99999996693580917     
   47.900000000000006        1.1154577261862642E-010   47.900000000000006       0.99999996693580939       0.99999996682426362     
   48.000000000000000        6.7851724239176292E-011   48.000000000000000       0.99999996682426373       0.99999996675641201     
   48.100000000000001        2.9074742613488525E-011   48.100000000000001       0.99999996675641201       0.99999996672733726     
   48.200000000000003        2.6472712910674545E-011   48.200000000000003       0.99999996672733704       0.99999996670086433     
   48.300000000000004        5.0828230513388917E-011   48.300000000000004       0.99999996670086422       0.99999996665003599     
   48.400000000000006        6.6277316967955358E-011   48.400000000000006       0.99999996665003610       0.99999996658375878     
   48.500000000000000        5.0081938596235887E-011   48.500000000000000       0.99999996658375867       0.99999996653367673     
   48.600000000000001        2.1243895531597445E-011   48.600000000000001       0.99999996653367740       0.99999996651243350     
   48.700000000000003        1.0410117212700243E-011   48.700000000000003       0.99999996651243350       0.99999996650202339     
   48.800000000000004        1.6320500506594726E-011   48.800000000000004       0.99999996650202316       0.99999996648570266     
   48.900000000000006        2.5239699219525846E-011   48.900000000000006       0.99999996648570266       0.99999996646046296     
   49.000000000000000        3.7640335293076532E-011   49.000000000000000       0.99999996646046296       0.99999996642282263     
   49.100000000000001        5.8709925809807828E-011   49.100000000000001       0.99999996642282263       0.99999996636411270     
   49.200000000000003        8.7421625494243926E-011   49.200000000000003       0.99999996636411270       0.99999996627669108     
   49.300000000000004        1.1591039239533529E-010   49.300000000000004       0.99999996627669108       0.99999996616078068     
   49.400000000000006        1.2762102485908144E-010   49.400000000000006       0.99999996616078068       0.99999996603315966     
   49.500000000000000        1.0171363751254603E-010   49.500000000000000       0.99999996603315977       0.99999996593144613     
   49.600000000000001        5.0406789853241207E-011   49.600000000000001       0.99999996593144613       0.99999996588103934     
   49.700000000000003        2.2266077870369827E-011   49.700000000000003       0.99999996588103968       0.99999996585877360     
   49.800000000000004        3.4195535292269597E-011   49.800000000000004       0.99999996585877349       0.99999996582457795     
   49.900000000000006        5.8907434485888643E-011   49.900000000000006       0.99999996582457806       0.99999996576567063     
   50.000000000000000        6.2927552058056335E-011   50.000000000000000       0.99999996576567063       0.99999996570274308     
   50.100000000000001        3.9101943904995551E-011   50.100000000000001       0.99999996570274319       0.99999996566364124     
   50.200000000000003        1.4969692152533298E-011   50.200000000000003       0.99999996566364102       0.99999996564867133     
   50.300000000000004        1.1827094859029330E-011   50.300000000000004       0.99999996564867144       0.99999996563684435     
   50.400000000000006        1.9716894783528005E-011   50.400000000000006       0.99999996563684446       0.99999996561712756     
   50.500000000000000        2.8368862814431850E-011   50.500000000000000       0.99999996561712734       0.99999996558875848     
   50.600000000000001        4.1967207486948155E-011   50.600000000000001       0.99999996558875848       0.99999996554679127     
   50.700000000000003        6.4456440185267638E-011   50.700000000000003       0.99999996554679127       0.99999996548233483     
   50.800000000000004        9.4556362739695032E-011   50.800000000000004       0.99999996548233472       0.99999996538777836     
   50.900000000000006        1.2346679234553903E-010   50.900000000000006       0.99999996538777858       0.99999996526431179     
   51.000000000000000        1.2477752164841149E-010   51.000000000000000       0.99999996526431156       0.99999996513953404     
   51.100000000000001        8.2707507509383049E-011   51.100000000000001       0.99999996513953382       0.99999996505682631     
   51.200000000000003        3.5280667276538225E-011   51.200000000000003       0.99999996505682620       0.99999996502154553     
   51.300000000000004        2.3787749547921067E-011   51.300000000000004       0.99999996502154520       0.99999996499775745     
   51.400000000000006        4.2698289348663820E-011   51.400000000000006       0.99999996499775734       0.99999996495505905     
   51.500000000000000        6.2532201638987317E-011   51.500000000000000       0.99999996495505905       0.99999996489252685     
   51.600000000000001        5.7082227833404886E-011   51.600000000000001       0.99999996489252696       0.99999996483544473     
   51.700000000000003        2.9619640073974551E-011   51.700000000000003       0.99999996483544484       0.99999996480582520     
   51.800000000000004        1.1525669307843600E-011   51.800000000000004       0.99999996480582509       0.99999996479429942     
   51.900000000000006        1.3993251002375473E-011   51.900000000000006       0.99999996479429931       0.99999996478030606     
   52.000000000000000        2.1895263380145025E-011   52.000000000000000       0.99999996478030595       0.99999996475841069     
   52.100000000000001        3.0744073953314910E-011   52.100000000000001       0.99999996475841091       0.99999996472766683     
   52.200000000000003        4.6642800732854539E-011   52.200000000000003       0.99999996472766661       0.99999996468102381     
   52.300000000000004        7.2517325477861050E-011   52.300000000000004       0.99999996468102381       0.99999996460850649     
   52.400000000000006        1.0550027518263505E-010   52.400000000000006       0.99999996460850638       0.99999996450300610     
   52.500000000000000        1.2781120606319973E-010   52.500000000000000       0.99999996450300610       0.99999996437519489     
   52.600000000000001        1.1143608258379345E-010   52.600000000000001       0.99999996437519478       0.99999996426375870     
   52.700000000000003        6.3888228041264483E-011   52.700000000000003       0.99999996426375903       0.99999996419987081     
   52.800000000000004        2.8267166385376186E-011   52.800000000000004       0.99999996419987069       0.99999996417160353     
   52.900000000000006        2.7665869595239201E-011   52.900000000000006       0.99999996417160353       0.99999996414393766     
   53.000000000000000        5.0090931402735350E-011   53.000000000000000       0.99999996414393788       0.99999996409384695     
   53.100000000000001        6.4914629227530440E-011   53.100000000000001       0.99999996409384662       0.99999996402893199     
   53.200000000000003        4.9289905490468300E-011   53.200000000000003       0.99999996402893188       0.99999996397964197     
   53.300000000000004        2.0198842598517786E-011   53.300000000000004       0.99999996397964208       0.99999996395944324     
   53.400000000000006        9.9459329661044649E-012   53.400000000000006       0.99999996395944313       0.99999996394949719     
   53.500000000000000        1.6077361664201817E-011   53.500000000000000       0.99999996394949708       0.99999996393341972     
   53.600000000000001        2.3707480423240668E-011   53.600000000000001       0.99999996393341972       0.99999996390971224     
   53.700000000000003        3.4252489733432867E-011   53.700000000000003       0.99999996390971269       0.99999996387546020     
   53.800000000000004        5.3821724854685726E-011   53.800000000000004       0.99999996387546042       0.99999996382163869     
   53.900000000000006        8.3106743709038255E-011   53.900000000000006       0.99999996382163880       0.99999996373853206     
   54.000000000000000        1.1365242080785265E-010   54.000000000000000       0.99999996373853228       0.99999996362487986     
   54.100000000000001        1.2371570434765999E-010   54.100000000000001       0.99999996362487975       0.99999996350116405     
   54.200000000000003        9.6776031632828108E-011   54.200000000000003       0.99999996350116416       0.99999996340438813     
   54.300000000000004        5.0410675633827395E-011   54.300000000000004       0.99999996340438813       0.99999996335397745     
   54.400000000000006        2.3642976465509946E-011   54.400000000000006       0.99999996335397756       0.99999996333033458     
   54.500000000000000        3.3654523612369758E-011   54.500000000000000       0.99999996333033458       0.99999996329668006     
   54.600000000000001        5.8992699614179855E-011   54.600000000000001       0.99999996329668006       0.99999996323768736     
   54.700000000000003        6.3394622884516139E-011   54.700000000000003       0.99999996323768758       0.99999996317429296     
   54.800000000000004        3.7253089502087278E-011   54.800000000000004       0.99999996317429252       0.99999996313703943     
   54.900000000000006        1.2727263687395407E-011   54.900000000000006       0.99999996313703976       0.99999996312431250     
   55.000000000000000        1.0824119378582964E-011   55.000000000000000       0.99999996312431261       0.99999996311348849     
   55.100000000000001        1.8469448193059179E-011   55.100000000000001       0.99999996311348882       0.99999996309501937     
   55.200000000000003        2.6338931036207214E-011   55.200000000000003       0.99999996309501948       0.99999996306868055     
   55.300000000000004        3.9515835048575809E-011   55.300000000000004       0.99999996306868044       0.99999996302916461     
   55.400000000000006        6.2272520473527493E-011   55.400000000000006       0.99999996302916450       0.99999996296689198     
   55.500000000000000        9.1728513673672296E-011   55.500000000000000       0.99999996296689198       0.99999996287516346     
   55.600000000000001        1.1725942439255732E-010   55.600000000000001       0.99999996287516357       0.99999996275790415     
   55.700000000000003        1.1886358564083821E-010   55.700000000000003       0.99999996275790382       0.99999996263904023     
   55.800000000000004        8.3201112666131394E-011   55.800000000000004       0.99999996263904012       0.99999996255583901     
   55.900000000000006        3.6587732843429421E-011   55.900000000000006       0.99999996255583901       0.99999996251925127     
   56.000000000000000        2.3109403279875096E-011   56.000000000000000       0.99999996251925138       0.99999996249614198     
   56.100000000000001        4.4179215841211317E-011   56.100000000000001       0.99999996249614176       0.99999996245196254     
   56.200000000000003        6.4336869165515509E-011   56.200000000000003       0.99999996245196288       0.99999996238762601     
   56.300000000000004        5.4450555175833415E-011   56.300000000000004       0.99999996238762634       0.99999996233317578     
   56.400000000000006        2.5368263045777439E-011   56.400000000000006       0.99999996233317578       0.99999996230780752     
   56.500000000000000        9.8877572796141067E-012   56.500000000000000       0.99999996230780752       0.99999996229791976     
   56.600000000000001        1.3343770532969756E-011   56.600000000000001       0.99999996229791976       0.99999996228457599     
   56.700000000000003        2.0912382936444374E-011   56.700000000000003       0.99999996228457577       0.99999996226366339     
   56.800000000000004        2.9556912473083230E-011   56.800000000000004       0.99999996226366339       0.99999996223410648     
   56.900000000000006        4.5396020276200488E-011   56.900000000000006       0.99999996223410614       0.99999996218871012     
   57.000000000000000        6.9908301369991932E-011   57.000000000000000       0.99999996218871012       0.99999996211880182     
   57.100000000000001        9.9395824904036090E-011   57.100000000000001       0.99999996211880193       0.99999996201940611     
   57.200000000000003        1.2213274835914945E-010   57.200000000000003       0.99999996201940600       0.99999996189727325     
   57.300000000000004        1.1195466775859586E-010   57.300000000000004       0.99999996189727369       0.99999996178531902     
   57.400000000000006        6.4515282005572772E-011   57.400000000000006       0.99999996178531891       0.99999996172080363     
   57.500000000000000        2.6607716030468964E-011   57.500000000000000       0.99999996172080319       0.99999996169419547     
   57.600000000000001        2.9772850851372823E-011   57.600000000000001       0.99999996169419536       0.99999996166442251     
   57.700000000000003        5.3131832267183654E-011   57.700000000000003       0.99999996166442229       0.99999996161129046     
   57.800000000000004        6.2099436703988431E-011   57.800000000000004       0.99999996161129034       0.99999996154919091     
   57.900000000000006        4.3451575670871989E-011   57.900000000000006       0.99999996154919069       0.99999996150573911     
   58.000000000000000        1.7994827850031925E-011   58.000000000000000       0.99999996150573889       0.99999996148774406     
   58.100000000000001        1.0003331496477585E-011   58.100000000000001       0.99999996148774373       0.99999996147774040     
   58.200000000000003        1.5725531987698105E-011   58.200000000000003       0.99999996147774051       0.99999996146201497     
   58.300000000000004        2.2905566332553917E-011   58.300000000000004       0.99999996146201475       0.99999996143910919     
   58.400000000000006        3.3169356150608564E-011   58.400000000000006       0.99999996143910941       0.99999996140594005     
   58.500000000000000        5.1719517557557992E-011   58.500000000000000       0.99999996140594016       0.99999996135422065     
   58.600000000000001        7.8772321998599182E-011   58.600000000000001       0.99999996135422031       0.99999996127544799     
   58.700000000000003        1.0977274644830004E-010   58.700000000000003       0.99999996127544799       0.99999996116567524     
   58.800000000000004        1.2409029359616852E-010   58.800000000000004       0.99999996116567502       0.99999996104158473     
   58.900000000000006        9.5910279718225411E-011   58.900000000000006       0.99999996104158484       0.99999996094567456     
   59.000000000000000        4.6790571417432147E-011   59.000000000000000       0.99999996094567467       0.99999996089888410     
   59.100000000000001        2.5106805523478215E-011   59.100000000000001       0.99999996089888388       0.99999996087377707     
   59.200000000000003        3.7429948029910065E-011   59.200000000000003       0.99999996087377685       0.99999996083634690     
   59.300000000000004        5.6891602540076747E-011   59.300000000000004       0.99999996083634701       0.99999996077945541     
   59.400000000000006        5.7164828426436998E-011   59.400000000000006       0.99999996077945530       0.99999996072229047     
   59.500000000000000        3.4549696437125021E-011   59.500000000000000       0.99999996072229058       0.99999996068774089     
   59.600000000000001        1.3207768212453175E-011   59.600000000000001       0.99999996068774055       0.99999996067453278     
   59.700000000000003        1.0728862243070125E-011   59.700000000000003       0.99999996067453256       0.99999996066380370     
   59.800000000000004        1.7559398379773938E-011   59.800000000000004       0.99999996066380370       0.99999996064624430     
   59.900000000000006        2.5240365353340621E-011   59.900000000000006       0.99999996064624408       0.99999996062100371     
   60.000000000000000        3.8145930858490829E-011   60.000000000000000       0.99999996062100349       0.99999996058285756     
