        0.1000000000        1.0000000000
        0.2000000000        1.0000000000
        0.3000000000        1.0000000000
        0.4000000000        1.0000000000
        0.5000000000        1.0000000000
        0.6000000000        1.0000000000
        0.7000000000        0.9999999999
        0.8000000000        0.9999999996
        0.9000000000        0.9999999992
        1.0000000000        0.9999999990
        1.1000000000        0.9999999989
        1.2000000000        0.9999999988
        1.3000000000        0.9999999987
        1.4000000000        0.9999999986
        1.5000000000        0.9999999985
        1.6000000000        0.9999999985
        1.7000000000        0.9999999985
        1.8000000000        0.9999999984
        1.9000000000        0.9999999984
        2.0000000000        0.9999999984
        2.1000000000        0.9999999984
        2.2000000000        0.9999999983
        2.3000000000        0.9999999982
        2.4000000000        0.9999999979
        2.5000000000        0.9999999976
        2.6000000000        0.9999999974
        2.7000000000        0.9999999974
        2.8000000000        0.9999999973
        2.9000000000        0.9999999972
        3.0000000000        0.9999999971
        3.1000000000        0.9999999971
        3.2000000000        0.9999999970
        3.3000000000        0.9999999970
        3.4000000000        0.9999999970
        3.5000000000        0.9999999970
        3.6000000000        0.9999999969
        3.7000000000        0.9999999969
        3.8000000000        0.9999999968
        3.9000000000        0.9999999966
        4.0000000000        0.9999999963
        4.1000000000        0.9999999961
        4.2000000000        0.9999999960
        4.3000000000        0.9999999960
        4.4000000000        0.9999999959
        4.5000000000        0.9999999958
        4.6000000000        0.9999999958
        4.7000000000        0.9999999957
        4.8000000000        0.9999999957
        4.9000000000        0.9999999957
        5.0000000000        0.9999999956
        5.1000000000        0.9999999956
        5.2000000000        0.9999999956
        5.3000000000        0.9999999955
        5.4000000000        0.9999999954
        5.5000000000        0.9999999952
        5.6000000000        0.9999999949
        5.7000000000        0.9999999947
        5.8000000000        0.9999999947
        5.9000000000        0.9999999947
        6.0000000000        0.9999999946
        6.1000000000        0.9999999945
        6.2000000000        0.9999999945
        6.3000000000        0.9999999944
        6.4000000000        0.9999999944
        6.5000000000        0.9999999944
        6.6000000000        0.9999999943
        6.7000000000        0.9999999943
        6.8000000000        0.9999999943
        6.9000000000        0.9999999942
        7.0000000000        0.9999999940
        7.1000000000        0.9999999938
        7.2000000000        0.9999999936
        7.3000000000        0.9999999935
        7.4000000000        0.9999999934
        7.5000000000        0.9999999934
        7.6000000000        0.9999999933
        7.7000000000        0.9999999933
        7.8000000000        0.9999999932
        7.9000000000        0.9999999932
        8.0000000000        0.9999999931
        8.1000000000        0.9999999931
        8.2000000000        0.9999999931
        8.3000000000        0.9999999930
        8.4000000000        0.9999999930
        8.5000000000        0.9999999929
        8.6000000000        0.9999999927
        8.7000000000        0.9999999925
        8.8000000000        0.9999999923
        8.9000000000        0.9999999922
        9.0000000000        0.9999999922
        9.1000000000        0.9999999922
        9.2000000000        0.9999999921
        9.3000000000        0.9999999921
        9.4000000000        0.9999999920
        9.5000000000        0.9999999920
        9.6000000000        0.9999999919
        9.7000000000        0.9999999919
        9.8000000000        0.9999999919
        9.9000000000        0.9999999918
       10.0000000000        0.9999999918
       10.1000000000        0.9999999916
       10.2000000000        0.9999999914
       10.3000000000        0.9999999912
       10.4000000000        0.9999999911
       10.5000000000        0.9999999911
       10.6000000000        0.9999999910
       10.7000000000        0.9999999910
       10.8000000000        0.9999999910
       10.9000000000        0.9999999909
       11.0000000000        0.9999999908
       11.1000000000        0.9999999908
       11.2000000000        0.9999999907
       11.3000000000        0.9999999907
       11.4000000000        0.9999999907
       11.5000000000        0.9999999906
       11.6000000000        0.9999999905
       11.7000000000        0.9999999904
       11.8000000000        0.9999999902
       11.9000000000        0.9999999901
       12.0000000000        0.9999999900
       12.1000000000        0.9999999899
       12.2000000000        0.9999999899
       12.3000000000        0.9999999899
       12.4000000000        0.9999999898
       12.5000000000        0.9999999897
       12.6000000000        0.9999999897
       12.7000000000        0.9999999896
       12.8000000000        0.9999999896
       12.9000000000        0.9999999895
       13.0000000000        0.9999999895
       13.1000000000        0.9999999895
       13.2000000000        0.9999999893
       13.3000000000        0.9999999892
       13.4000000000        0.9999999891
       13.5000000000        0.9999999889
       13.6000000000        0.9999999888
       13.7000000000        0.9999999888
       13.8000000000        0.9999999888
       13.9000000000        0.9999999887
       14.0000000000        0.9999999887
       14.1000000000        0.9999999886
       14.2000000000        0.9999999885
       14.3000000000        0.9999999885
       14.4000000000        0.9999999884
       14.5000000000        0.9999999884
       14.6000000000        0.9999999884
       14.7000000000        0.9999999883
       14.8000000000        0.9999999882
       14.9000000000        0.9999999881
       15.0000000000        0.9999999879
       15.1000000000        0.9999999878
       15.2000000000        0.9999999877
       15.3000000000        0.9999999877
       15.4000000000        0.9999999877
       15.5000000000        0.9999999876
       15.6000000000        0.9999999875
       15.7000000000        0.9999999874
       15.8000000000        0.9999999874
       15.9000000000        0.9999999873
       16.0000000000        0.9999999873
       16.1000000000        0.9999999873
       16.2000000000        0.9999999873
       16.3000000000        0.9999999872
       16.4000000000        0.9999999871
       16.5000000000        0.9999999869
       16.6000000000        0.9999999868
       16.7000000000        0.9999999867
       16.8000000000        0.9999999866
       16.9000000000        0.9999999866
       17.0000000000        0.9999999866
       17.1000000000        0.9999999865
       17.2000000000        0.9999999864
       17.3000000000        0.9999999863
       17.4000000000        0.9999999863
       17.5000000000        0.9999999862
       17.6000000000        0.9999999862
       17.7000000000        0.9999999862
       17.8000000000        0.9999999861
       17.9000000000        0.9999999861
       18.0000000000        0.9999999859
       18.1000000000        0.9999999858
       18.2000000000        0.9999999857
       18.3000000000        0.9999999856
       18.4000000000        0.9999999855
       18.5000000000        0.9999999855
       18.6000000000        0.9999999855
       18.7000000000        0.9999999854
       18.8000000000        0.9999999852
       18.9000000000        0.9999999852
       19.0000000000        0.9999999852
       19.1000000000        0.9999999851
       19.2000000000        0.9999999851
       19.3000000000        0.9999999851
       19.4000000000        0.9999999850
       19.5000000000        0.9999999849
       19.6000000000        0.9999999848
       19.7000000000        0.9999999847
       19.8000000000        0.9999999845
       19.9000000000        0.9999999844
       20.0000000000        0.9999999844
       20.1000000000        0.9999999844
       20.2000000000        0.9999999843
       20.3000000000        0.9999999842
       20.4000000000        0.9999999841
       20.5000000000        0.9999999841
       20.6000000000        0.9999999841
       20.7000000000        0.9999999840
       20.8000000000        0.9999999840
       20.9000000000        0.9999999840
       21.0000000000        0.9999999839
       21.1000000000        0.9999999838
       21.2000000000        0.9999999837
       21.3000000000        0.9999999836
       21.4000000000        0.9999999834
       21.5000000000        0.9999999834
       21.6000000000        0.9999999833
       21.7000000000        0.9999999833
       21.8000000000        0.9999999832
       21.9000000000        0.9999999831
       22.0000000000        0.9999999830
       22.1000000000        0.9999999830
       22.2000000000        0.9999999830
       22.3000000000        0.9999999830
       22.4000000000        0.9999999829
       22.5000000000        0.9999999829
       22.6000000000        0.9999999828
       22.7000000000        0.9999999827
       22.8000000000        0.9999999826
       22.9000000000        0.9999999824
       23.0000000000        0.9999999823
       23.1000000000        0.9999999823
       23.2000000000        0.9999999823
       23.3000000000        0.9999999822
       23.4000000000        0.9999999821
       23.5000000000        0.9999999820
       23.6000000000        0.9999999819
       23.7000000000        0.9999999819
       23.8000000000        0.9999999819
       23.9000000000        0.9999999819
       24.0000000000        0.9999999819
       24.1000000000        0.9999999818
       24.2000000000        0.9999999818
       24.3000000000        0.9999999816
       24.4000000000        0.9999999815
       24.5000000000        0.9999999813
       24.6000000000        0.9999999812
       24.7000000000        0.9999999812
       24.8000000000        0.9999999812
       24.9000000000        0.9999999811
       25.0000000000        0.9999999810
       25.1000000000        0.9999999809
       25.2000000000        0.9999999809
       25.3000000000        0.9999999809
       25.4000000000        0.9999999809
       25.5000000000        0.9999999808
       25.6000000000        0.9999999808
       25.7000000000        0.9999999808
       25.8000000000        0.9999999807
       25.9000000000        0.9999999805
       26.0000000000        0.9999999804
       26.1000000000        0.9999999802
       26.2000000000        0.9999999802
       26.3000000000        0.9999999801
       26.4000000000        0.9999999801
       26.5000000000        0.9999999800
       26.6000000000        0.9999999799
       26.7000000000        0.9999999798
       26.8000000000        0.9999999798
       26.9000000000        0.9999999798
       27.0000000000        0.9999999798
       27.1000000000        0.9999999798
       27.2000000000        0.9999999798
       27.3000000000        0.9999999797
       27.4000000000        0.9999999796
       27.5000000000        0.9999999794
       27.6000000000        0.9999999793
       27.7000000000        0.9999999791
       27.8000000000        0.9999999791
       27.9000000000        0.9999999791
       28.0000000000        0.9999999790
       28.1000000000        0.9999999789
       28.2000000000        0.9999999788
       28.3000000000        0.9999999788
       28.4000000000        0.9999999788
       28.5000000000        0.9999999788
       28.6000000000        0.9999999788
       28.7000000000        0.9999999787
       28.8000000000        0.9999999787
       28.9000000000        0.9999999786
       29.0000000000        0.9999999785
       29.1000000000        0.9999999783
       29.2000000000        0.9999999782
       29.3000000000        0.9999999781
       29.4000000000        0.9999999781
       29.5000000000        0.9999999780
       29.6000000000        0.9999999779
       29.7000000000        0.9999999779
       29.8000000000        0.9999999778
       29.9000000000        0.9999999778
       30.0000000000        0.9999999778
       30.1000000000        0.9999999778
       30.2000000000        0.9999999777
       30.3000000000        0.9999999777
       30.4000000000        0.9999999777
       30.5000000000        0.9999999776
       30.6000000000        0.9999999774
       30.7000000000        0.9999999772
       30.8000000000        0.9999999771
       30.9000000000        0.9999999771
       31.0000000000        0.9999999770
       31.1000000000        0.9999999770
       31.2000000000        0.9999999769
       31.3000000000        0.9999999768
       31.4000000000        0.9999999768
       31.5000000000        0.9999999768
       31.6000000000        0.9999999768
       31.7000000000        0.9999999767
       31.8000000000        0.9999999767
       31.9000000000        0.9999999767
       32.0000000000        0.9999999766
       32.1000000000        0.9999999765
       32.2000000000        0.9999999763
       32.3000000000        0.9999999762
       32.4000000000        0.9999999761
       32.5000000000        0.9999999760
       32.6000000000        0.9999999760
       32.7000000000        0.9999999760
       32.8000000000        0.9999999759
       32.9000000000        0.9999999758
       33.0000000000        0.9999999758
       33.1000000000        0.9999999758
       33.2000000000        0.9999999758
       33.3000000000        0.9999999757
       33.4000000000        0.9999999757
       33.5000000000        0.9999999757
       33.6000000000        0.9999999756
       33.7000000000        0.9999999754
       33.8000000000        0.9999999753
       33.9000000000        0.9999999751
       34.0000000000        0.9999999751
       34.1000000000        0.9999999750
       34.2000000000        0.9999999750
       34.3000000000        0.9999999749
       34.4000000000        0.9999999749
       34.5000000000        0.9999999748
       34.6000000000        0.9999999748
       34.7000000000        0.9999999748
       34.8000000000        0.9999999748
       34.9000000000        0.9999999747
       35.0000000000        0.9999999747
       35.1000000000        0.9999999747
       35.2000000000        0.9999999746
       35.3000000000        0.9999999744
       35.4000000000        0.9999999742
       35.5000000000        0.9999999741
       35.6000000000        0.9999999741
       35.7000000000        0.9999999741
       35.8000000000        0.9999999740
       35.9000000000        0.9999999739
       36.0000000000        0.9999999739
       36.1000000000        0.9999999738
       36.2000000000        0.9999999738
       36.3000000000        0.9999999738
       36.4000000000        0.9999999738
       36.5000000000        0.9999999738
       36.6000000000        0.9999999737
       36.7000000000        0.9999999737
       36.8000000000        0.9999999735
       36.9000000000        0.9999999734
       37.0000000000        0.9999999732
       37.1000000000        0.9999999731
       37.2000000000        0.9999999731
       37.3000000000        0.9999999731
       37.4000000000        0.9999999730
       37.5000000000        0.9999999730
       37.6000000000        0.9999999729
       37.7000000000        0.9999999729
       37.8000000000        0.9999999729
       37.9000000000        0.9999999728
       38.0000000000        0.9999999728
       38.1000000000        0.9999999728
       38.2000000000        0.9999999727
       38.3000000000        0.9999999727
       38.4000000000        0.9999999725
       38.5000000000        0.9999999724
       38.6000000000        0.9999999722
       38.7000000000        0.9999999722
       38.8000000000        0.9999999721
       38.9000000000        0.9999999721
       39.0000000000        0.9999999721
       39.1000000000        0.9999999720
       39.2000000000        0.9999999719
       39.3000000000        0.9999999719
       39.4000000000        0.9999999719
       39.5000000000        0.9999999719
       39.6000000000        0.9999999719
       39.7000000000        0.9999999718
       39.8000000000        0.9999999718
       39.9000000000        0.9999999717
       40.0000000000        0.9999999715
       40.1000000000        0.9999999714
       40.2000000000        0.9999999713
       40.3000000000        0.9999999712
       40.4000000000        0.9999999712
       40.5000000000        0.9999999712
       40.6000000000        0.9999999711
       40.7000000000        0.9999999710
       40.8000000000        0.9999999710
       40.9000000000        0.9999999710
       41.0000000000        0.9999999710
       41.1000000000        0.9999999710
       41.2000000000        0.9999999709
       41.3000000000        0.9999999709
       41.4000000000        0.9999999708
       41.5000000000        0.9999999707
       41.6000000000        0.9999999705
       41.7000000000        0.9999999704
       41.8000000000        0.9999999703
       41.9000000000        0.9999999703
       42.0000000000        0.9999999703
       42.1000000000        0.9999999702
       42.2000000000        0.9999999702
       42.3000000000        0.9999999701
       42.4000000000        0.9999999701
       42.5000000000        0.9999999701
       42.6000000000        0.9999999700
       42.7000000000        0.9999999700
       42.8000000000        0.9999999700
       42.9000000000        0.9999999699
       43.0000000000        0.9999999699
       43.1000000000        0.9999999697
       43.2000000000        0.9999999696
       43.3000000000        0.9999999695
       43.4000000000        0.9999999694
       43.5000000000        0.9999999694
       43.6000000000        0.9999999694
       43.7000000000        0.9999999693
       43.8000000000        0.9999999692
       43.9000000000        0.9999999692
       44.0000000000        0.9999999692
       44.1000000000        0.9999999691
       44.2000000000        0.9999999691
       44.3000000000        0.9999999691
       44.4000000000        0.9999999691
       44.5000000000        0.9999999690
       44.6000000000        0.9999999689
       44.7000000000        0.9999999688
       44.8000000000        0.9999999686
       44.9000000000        0.9999999686
       45.0000000000        0.9999999685
       45.1000000000        0.9999999685
       45.2000000000        0.9999999684
       45.3000000000        0.9999999684
       45.4000000000        0.9999999683
       45.5000000000        0.9999999683
       45.6000000000        0.9999999683
       45.7000000000        0.9999999682
       45.8000000000        0.9999999682
       45.9000000000        0.9999999682
       46.0000000000        0.9999999682
       46.1000000000        0.9999999681
       46.2000000000        0.9999999680
       46.3000000000        0.9999999678
       46.4000000000        0.9999999677
       46.5000000000        0.9999999676
       46.6000000000        0.9999999676
       46.7000000000        0.9999999676
       46.8000000000        0.9999999675
       46.9000000000        0.9999999675
       47.0000000000        0.9999999674
       47.1000000000        0.9999999674
       47.2000000000        0.9999999674
       47.3000000000        0.9999999674
       47.4000000000        0.9999999673
       47.5000000000        0.9999999673
       47.6000000000        0.9999999673
       47.7000000000        0.9999999672
       47.8000000000        0.9999999671
       47.9000000000        0.9999999669
       48.0000000000        0.9999999668
       48.1000000000        0.9999999668
       48.2000000000        0.9999999667
       48.3000000000        0.9999999667
       48.4000000000        0.9999999667
       48.5000000000        0.9999999666
       48.6000000000        0.9999999665
       48.7000000000        0.9999999665
       48.8000000000        0.9999999665
       48.9000000000        0.9999999665
       49.0000000000        0.9999999665
       49.1000000000        0.9999999664
       49.2000000000        0.9999999664
       49.3000000000        0.9999999663
       49.4000000000        0.9999999662
       49.5000000000        0.9999999660
       49.6000000000        0.9999999659
       49.7000000000        0.9999999659
       49.8000000000        0.9999999659
       49.9000000000        0.9999999658
       50.0000000000        0.9999999658
       50.1000000000        0.9999999657
       50.2000000000        0.9999999657
       50.3000000000        0.9999999656
       50.4000000000        0.9999999656
       50.5000000000        0.9999999656
       50.6000000000        0.9999999656
       50.7000000000        0.9999999655
       50.8000000000        0.9999999655
       50.9000000000        0.9999999654
       51.0000000000        0.9999999653
       51.1000000000        0.9999999651
       51.2000000000        0.9999999651
       51.3000000000        0.9999999650
       51.4000000000        0.9999999650
       51.5000000000        0.9999999650
       51.6000000000        0.9999999649
       51.7000000000        0.9999999648
       51.8000000000        0.9999999648
       51.9000000000        0.9999999648
       52.0000000000        0.9999999648
       52.1000000000        0.9999999648
       52.2000000000        0.9999999647
       52.3000000000        0.9999999647
       52.4000000000        0.9999999646
       52.5000000000        0.9999999645
       52.6000000000        0.9999999644
       52.7000000000        0.9999999643
       52.8000000000        0.9999999642
       52.9000000000        0.9999999642
       53.0000000000        0.9999999641
       53.1000000000        0.9999999641
       53.2000000000        0.9999999640
       53.3000000000        0.9999999640
       53.4000000000        0.9999999640
       53.5000000000        0.9999999639
       53.6000000000        0.9999999639
       53.7000000000        0.9999999639
       53.8000000000        0.9999999639
       53.9000000000        0.9999999638
       54.0000000000        0.9999999637
       54.1000000000        0.9999999636
       54.2000000000        0.9999999635
       54.3000000000        0.9999999634
       54.4000000000        0.9999999634
       54.5000000000        0.9999999633
       54.6000000000        0.9999999633
       54.7000000000        0.9999999632
       54.8000000000        0.9999999632
       54.9000000000        0.9999999631
       55.0000000000        0.9999999631
       55.1000000000        0.9999999631
       55.2000000000        0.9999999631
       55.3000000000        0.9999999631
       55.4000000000        0.9999999630
       55.5000000000        0.9999999630
       55.6000000000        0.9999999629
       55.7000000000        0.9999999628
       55.8000000000        0.9999999626
       55.9000000000        0.9999999626
       56.0000000000        0.9999999625
       56.1000000000        0.9999999625
       56.2000000000        0.9999999625
       56.3000000000        0.9999999624
       56.4000000000        0.9999999623
       56.5000000000        0.9999999623
       56.6000000000        0.9999999623
       56.7000000000        0.9999999623
       56.8000000000        0.9999999623
       56.9000000000        0.9999999622
       57.0000000000        0.9999999622
       57.1000000000        0.9999999621
       57.2000000000        0.9999999620
       57.3000000000        0.9999999619
       57.4000000000        0.9999999618
       57.5000000000        0.9999999617
       57.6000000000        0.9999999617
       57.7000000000        0.9999999617
       57.8000000000        0.9999999616
       57.9000000000        0.9999999615
       58.0000000000        0.9999999615
       58.1000000000        0.9999999615
       58.2000000000        0.9999999615
       58.3000000000        0.9999999615
       58.4000000000        0.9999999614
       58.5000000000        0.9999999614
       58.6000000000        0.9999999614
       58.7000000000        0.9999999613
       58.8000000000        0.9999999612
       58.9000000000        0.9999999610
       59.0000000000        0.9999999609
       59.1000000000        0.9999999609
       59.2000000000        0.9999999609
       59.3000000000        0.9999999608
       59.4000000000        0.9999999608
       59.5000000000        0.9999999607
       59.6000000000        0.9999999607
       59.7000000000        0.9999999607
       59.8000000000        0.9999999607
       59.9000000000        0.9999999606
       60.0000000000        0.9999999606
