  0.10000000000000001        1.0000000000035723     
  0.20000000000000001       0.99500416528874391     
  0.30000000000000004       0.98006657785896689     
  0.40000000000000002       0.95533648914998359     
  0.50000000000000000       0.92106099403336206     
  0.60000000000000009       0.87758256191055406     
  0.70000000000000007       0.82533561459197613     
  0.80000000000000004       0.76484218545621152     
  0.90000000000000002       0.69670670534253687     
   1.0000000000000000       0.62160996366008536     
   1.1000000000000001       0.54030230329162532     
   1.2000000000000002       0.45359612248701570     
   1.3000000000000000       0.36235775999699443     
   1.4000000000000001       0.26749883837767785     
   1.5000000000000000       0.16996715537038318     
   1.6000000000000001        7.0737215836013986E-002
   1.7000000000000002       -2.9199506601805970E-002
   1.8000000000000000      -0.12884447701003116     
   1.9000000000000001      -0.22720207598582101     
   2.0000000000000000      -0.32328954713573366     
   2.1000000000000001      -0.41614681592336011     
   2.2000000000000002      -0.50484608271094900     
   2.3000000000000003      -0.58850109232072589     
   2.4000000000000004      -0.66627599003156524     
   2.5000000000000000      -0.73739367689781288     
   2.6000000000000001      -0.80114357243609680     
   2.7000000000000002      -0.85688870978523646     
   2.8000000000000003      -0.90407210044267317     
   2.9000000000000004      -0.94222230237208970     
   3.0000000000000000      -0.97095813035031742     
   3.1000000000000001      -0.98999246492411486     
   3.2000000000000002      -0.99913512168969321     
   3.3000000000000003      -0.99829475056246786     
   3.4000000000000004      -0.98747974838178298     
   3.5000000000000000      -0.96679817501182352     
   3.6000000000000001      -0.93645667376378483     
   3.7000000000000002      -0.89675840698089060     
   3.8000000000000003      -0.84810002653507688     
   3.9000000000000004      -0.79096771048993875     
   4.0000000000000000      -0.72593230661531416     
   4.1000000000000005      -0.65364362857358771     
   4.2000000000000002      -0.57482396085406406     
   4.2999999999999998      -0.49026084253258873     
   4.4000000000000004      -0.40079920021370885     
   4.5000000000000000      -0.30733290460107621     
   4.6000000000000005      -0.21079583961729303     
   4.7000000000000002      -0.11215257211763972     
   4.8000000000000007       -1.2388713037453640E-002
   4.9000000000000004        8.7498930157126717E-002
   5.0000000000000000       0.18651231288341072     
   5.1000000000000005       0.28366212608865815     
   5.2000000000000002       0.37797768083269867     
   5.3000000000000007       0.46851660685232183     
   5.4000000000000004       0.55437426858830541     
   5.5000000000000000       0.63469280433681252     
   5.6000000000000005       0.70866969839779392     
   5.7000000000000002       0.77556579963177275     
   5.8000000000000007       0.83471270625650074     
   5.9000000000000004       0.88551944162021234     
   6.0000000000000000       0.92747836034502706     
   6.1000000000000005       0.96017022207036429     
   6.2000000000000002       0.98326837986174231     
   6.3000000000000007       0.99654204462475948     
   6.4000000000000004       0.99985859082858319     
   6.5000000000000000       0.99318488066350608     
   6.6000000000000005       0.97658759535939976     
   6.7000000000000002       0.95023256945374113     
   6.8000000000000007       0.91438313390459824     
   6.9000000000000004       0.86939748457455124     
   7.0000000000000000       0.81572510304352441     
   7.1000000000000005       0.75390226585112419     
   7.2000000000000002       0.68454668672412766     
   7.3000000000000007       0.60835134408337221     
   7.4000000000000004       0.52607755651042298     
   7.5000000000000000       0.43854737618079570     
   7.6000000000000005       0.34663537565437080     
   7.7000000000000002       0.25125990906400641     
   7.8000000000000007       0.15337393621479778     
   7.9000000000000004        5.3955501443035403E-002
   8.0000000000000000       -4.6002038816723018E-002
   8.0999999999999996      -0.14549994188269466     
   8.2000000000000011      -0.24354405780027452     
   8.3000000000000007      -0.33915476201053535     
   8.4000000000000004      -0.43137674367440637     
   8.5000000000000000      -0.51928855097566340     
   8.5999999999999996      -0.60201179721043241     
   8.7000000000000011      -0.67871993843901002     
   8.8000000000000007      -0.74864653461652597     
   8.9000000000000004      -0.81109290464909412     
   9.0000000000000000      -0.86543510444093397     
   9.0999999999999996      -0.91113016371313083     
   9.2000000000000011      -0.94772151174765307     
   9.3000000000000007      -0.97484353943885493     
   9.4000000000000004      -0.99222525277727791     
   9.5000000000000000      -0.99969297950150759     
   9.6000000000000014      -0.99717210428699266     
   9.7000000000000011      -0.98468781484356860     
   9.8000000000000007      -0.96236485018535201     
   9.9000000000000004      -0.93042625418387659     
   10.000000000000000      -0.88919114684995615     
   10.100000000000001      -0.83907153544272317     
   10.200000000000001      -0.78056819823245560     
   10.300000000000001      -0.71426568185105188     
   10.400000000000000      -0.64082645986834275     
   10.500000000000000      -0.56098431232534407     
   10.600000000000001      -0.47553699505331914     
   10.700000000000001      -0.38533826950124461     
   10.800000000000001      -0.29128937132948934     
   10.900000000000000      -0.19433000593785452     
   11.000000000000000       -9.5428959397109478E-002
   11.100000000000001        4.4255819642841426E-003
   11.200000000000001       0.10423590475949106     
   11.300000000000001       0.20300473706165742     
   11.400000000000000       0.29974521300283480     
   11.500000000000000       0.39349073342005558     
   11.600000000000001       0.48330462378084060     
   11.700000000000001       0.56828949285311414     
   11.800000000000001       0.64759619995571627     
   11.900000000000000       0.72043234000374745     
   12.000000000000000       0.78607015951465020     
   12.100000000000001       0.84385382747741022     
   12.200000000000001       0.89320598808855756     
   12.300000000000001       0.93363353003968164     
   12.400000000000000       0.96473251450928876     
   12.500000000000000       0.98619221069630647     
   12.600000000000001       0.99779820021776999     
   12.700000000000001       0.99943451985391885     
   12.800000000000001       0.99108482006196874     
   12.900000000000000       0.97283252823076904     
   13.000000000000000       0.94486001533398911     
   13.100000000000001       0.90744677361273485     
   13.200000000000001       0.86096662371946231     
   13.300000000000001       0.80588397990970229     
   13.400000000000000       0.74274921014920481     
   13.500000000000000       0.67219313649016443     
   13.600000000000001       0.59492073144683000     
   13.700000000000001       0.51170407493158410     
   13.800000000000001       0.42337464040296124     
   13.900000000000000       0.33081498665162973     
   14.000000000000000       0.23494993926827168     
   14.100000000000001       0.13673734974618945     
   14.200000000000001        3.7158525437954511E-002
   14.300000000000001       -6.2791574778858592E-002
   14.400000000000000      -0.16211428231499098     
   14.500000000000000      -0.25981719738414089     
   14.600000000000001      -0.35492410450504047     
   14.700000000000001      -0.44648472689121782     
   14.800000000000001      -0.53358422107276848     
   14.900000000000000      -0.61535231722345218     
   15.000000000000000      -0.69097201562704202     
   15.100000000000001      -0.75968775074923944     
   15.200000000000001      -0.82081293853394377     
   15.300000000000001      -0.87373683564975280     
   15.400000000000000      -0.91793064360919052     
   15.500000000000000      -0.95295279231010521     
   15.600000000000001      -0.97845335195624950     
   15.700000000000001      -0.99417752941676296     
   15.800000000000001      -0.99996821359935106     
   15.900000000000000      -0.99576754561346903     
   16.000000000000000      -0.98161749719004632     
   16.100000000000001      -0.95765945117884177     
   16.199999999999999      -0.92413278868561588     
   16.300000000000001      -0.88137249710417764     
   16.400000000000002      -0.82980582300788885     
   16.500000000000000      -0.76994800358297866     
   16.600000000000001      -0.70239711856934361     
   16.699999999999999      -0.62782811369567282     
   16.800000000000001      -0.54698605742082096     
   16.900000000000002      -0.46067869733931155     
   17.000000000000000      -0.36976838865424899     
   17.100000000000001      -0.27516347702716754     
   17.199999999999999      -0.17780922303157909     
   17.300000000000001       -7.8678357845143751E-002
   17.400000000000002        2.1238635807486011E-002
   17.500000000000000       0.12094342028098208     
   17.600000000000001       0.21943977807527926     
   17.699999999999999       0.31574356583303437     
   17.800000000000001       0.40889254798512137     
   17.900000000000002       0.49795601066701506     
   18.000000000000000       0.58204406081941396     
   18.100000000000001       0.66031651870188934     
   18.199999999999999       0.73199131237903547     
   18.300000000000001       0.79635229102973304     
   18.400000000000002       0.85275638158169953     
   18.500000000000000       0.90064001329586507     
   18.600000000000001       0.93952474838638422     
   18.699999999999999       0.96902206345697639     
   18.800000000000001       0.98883723070052865     
   18.900000000000002       0.99877226277738218     
   19.000000000000000       0.99872789208933899     
   19.100000000000001       0.98870456226942161     
   19.200000000000003       0.96880242331608091     
   19.300000000000001       0.93922033099751889     
   19.400000000000002       0.90025385983457706     
   19.500000000000000       0.85229234978857848     
   19.600000000000001       0.79581501640589802     
   19.700000000000003       0.73138616247909050     
   19.800000000000001       0.65964953946765958     
   19.900000000000002       0.58132191612940054     
   20.000000000000000       0.49718591681394481     
   20.100000000000001       0.40808220084445856     
   20.200000000000003       0.31490106301840942     
   20.300000000000001       0.21857353813930253     
   20.400000000000002       0.12006209829771641     
   20.500000000000000        2.0351037065361774E-002
   20.600000000000001       -7.9563365172561032E-002
   20.700000000000003      -0.17868279642950916     
   20.800000000000001      -0.27601688800642038     
   20.900000000000002      -0.37059310993790662     
   21.000000000000000      -0.46146648804075041     
   21.100000000000001      -0.54772904550137447     
   21.200000000000003      -0.62851887483729685     
   21.300000000000001      -0.70302875009989796     
   21.400000000000002      -0.77051419413182676     
   21.500000000000000      -0.83030091639251302     
   21.600000000000001      -0.88179154772729307     
   21.700000000000003      -0.92447161028803582     
   21.800000000000001      -0.95791465881862325     
   21.900000000000002      -0.98178654083372863     
   22.000000000000000      -0.99584873588494471     
   22.100000000000001      -0.99996073921611839     
   22.200000000000003      -0.99408146519876861     
   22.300000000000001      -0.97826965772381513     
   22.400000000000002      -0.95268330329815587     
   22.500000000000000      -0.91757805237919909     
   22.600000000000001      -0.87330466502328041     
   22.700000000000003      -0.82030550617893527     
   22.800000000000001      -0.75911012570424197     
   22.900000000000002      -0.69032996766105681     
   23.000000000000000      -0.61465226096459646     
   23.100000000000001      -0.53283315230858941     
   23.200000000000003      -0.44569015128406470     
   23.300000000000001      -0.35409396220178219     
   23.400000000000002      -0.25895978356152222     
   23.500000000000000      -0.16123816402040653     
   23.600000000000001       -6.1905505698925105E-002
   23.700000000000003        3.8045692080585183E-002
   23.800000000000001       0.13761674995686407     
   23.900000000000002       0.23581278677660300     
   24.000000000000000       0.33165266017486850     
   24.100000000000001       0.42417876989396947     
   24.200000000000003       0.51246662533875909     
   24.300000000000001       0.59563408269766105     
   24.400000000000002       0.67285016009436738     
   24.500000000000000       0.74334334105633415     
   24.600000000000001       0.80640928192808115     
   24.700000000000003       0.86141784896177909     
   24.800000000000001       0.90781941464662486     
   24.900000000000002       0.94515034956393762     
   25.000000000000000       0.97303765496279793     
   25.100000000000001       0.99120268953818225     
   25.200000000000003       0.99946395398271448     
   25.300000000000001       0.99773890465891391     
   25.400000000000002       0.98604477792378464     
   25.500000000000000       0.96449841776092704     
   25.600000000000001       0.93331510838429643     
   25.700000000000003       0.89280642316012282     
   25.800000000000001       0.84337711136352045     
   25.900000000000002       0.78552105422713925     
   26.000000000000000       0.71981633035053094     
   26.100000000000001       0.64691943951912134     
   26.200000000000003       0.56755874341418688     
   26.300000000000001       0.48252718835712077     
   26.400000000000002       0.39267438182210468     
   26.500000000000000       0.29889810309957116     
   26.600000000000001       0.20213533331495850     
   26.700000000000003       0.10335289368589426     
   26.800000000000001        3.5377856918291603E-003
   26.900000000000002       -9.6312670841149028E-002
   27.000000000000000      -0.19520080294038103     
   27.100000000000001      -0.29213855299436531     
   27.200000000000003      -0.38615735109231175     
   27.300000000000001      -0.47631779245480022     
   27.400000000000002      -0.56171902359870318     
   27.500000000000000      -0.64150774331458582     
   27.600000000000001      -0.71488672875847448     
   27.700000000000003      -0.78112280222761943     
   27.800000000000001      -0.83955415616008899     
   27.900000000000002      -0.88959696382266784     
   28.000000000000000      -0.93075121360903701     
   28.100000000000001      -0.96260570540681623     
   28.200000000000003      -0.98484215890044180     
   28.300000000000001      -0.99723839454677765     
   28.400000000000002      -0.99967055353956036     
   28.500000000000000      -0.99211433473772404     
   28.600000000000001      -0.97464523747715359     
   28.700000000000003      -0.94743780732157290     
   28.800000000000001      -0.91076389198494145     
   28.900000000000002      -0.86498992507275219     
   29.000000000000000      -0.81057326474084634     
   29.100000000000001      -0.74805762395197040     
   29.200000000000003      -0.67806763832563766     
   29.300000000000001      -0.60130262516196975     
   29.400000000000002      -0.51852959549018141     
   29.500000000000000      -0.43057559011910573     
   29.600000000000001      -0.33831941628709628     
   29.700000000000003      -0.24268286665684186     
   29.800000000000001      -0.14462150952374897     
   29.900000000000002       -4.5115141778214990E-002
   30.000000000000000        5.4842001524652538E-002
   30.100000000000001       0.15425118163162505     
   30.200000000000003       0.25211913490916654     
   30.300000000000001       0.34746799722458560     
   30.400000000000002       0.43934507436338976     
   30.500000000000000       0.52683236062925598     
   30.600000000000001       0.60905571105946077     
   30.700000000000003       0.68519357664489533     
   30.800000000000001       0.75448521427031201     
   30.900000000000002       0.81623828627239126     
   31.000000000000000       0.86983577657724342     
   31.100000000000001       0.91474215638462331     
   31.200000000000003       0.95050873542971648     
   31.300000000000001       0.97677814528365214     
   31.400000000000002       0.99328791039209452     
   31.500000000000000       0.99987307071946629     
   31.600000000000001       0.99646782970994330     
   31.700000000000003       0.98310621153085409     
   31.800000000000001       0.95992172114275132     
   31.900000000000002       0.92714601039341238     
   32.000000000000000       0.88510656334229776     
   32.100000000000001       0.83422342398905269     
   32.200000000000003       0.77500499957897173     
   32.300000000000004       0.70804298126794363     
   32.399999999999999       0.63400643186664629     
   32.500000000000000       0.55363510019120854     
   32.600000000000001       0.46773203002630909     
   32.700000000000003       0.37715553643978822     
   32.800000000000004       0.28281062946909219     
   32.899999999999999       0.18563997195895349     
   33.000000000000000        8.6614461021174594E-002
   33.100000000000001       -1.3276473145127282E-002
   33.200000000000003      -0.11303475334540841     
   33.300000000000004      -0.21166362776654471     
   33.399999999999999      -0.30817762925884634     
   33.500000000000000      -0.40161242172067274     
   33.600000000000001      -0.49103443528804591     
   33.700000000000003      -0.57555019425100318     
   33.800000000000004      -0.65431524472935876     
   33.899999999999999      -0.72654259294671841     
   34.000000000000000      -0.79151056854024815     
   34.100000000000001      -0.84857003373427209     
   34.200000000000003      -0.89715086879314043     
   34.300000000000004      -0.93676766954163926     
   34.399999999999999      -0.96702459745937408     
   34.500000000000000      -0.98761933484416298     
   34.600000000000001      -0.99834610595490669     
   34.700000000000003      -0.99909773267457902     
   34.800000000000004      -0.98986670505672913     
   34.899999999999999      -0.97074525653263977     
   35.000000000000000      -0.94192444240269035     
   35.100000000000001      -0.90369223074699934     
   35.200000000000003      -0.85643062505020651     
   35.300000000000004      -0.80061184747434022     
   35.399999999999999      -0.73679362088342559     
   35.500000000000000      -0.66561359619059757     
   35.600000000000001      -0.58778298072734292     
   35.700000000000003      -0.50407943228071883     
   35.800000000000004      -0.41533928916446078     
   35.899999999999999      -0.32244921347102939     
   36.000000000000000      -0.22633733175856285     
   36.100000000000001      -0.12796396190668238     
   36.200000000000003       -2.8312018187080675E-002
   36.300000000000004        7.1622809973700324E-002
   36.399999999999999       0.17084200673047506     
   36.500000000000000       0.26835420656198483     
   36.600000000000001       0.36318509972827784     
   36.700000000000003       0.45438716730348233     
   36.800000000000004       0.54104914808188653     
   36.899999999999999       0.62230514351437505     
   37.000000000000000       0.69734327071196500     
   37.100000000000001       0.76541377492248686     
   37.200000000000003       0.82583651900519639     
   37.300000000000004       0.87800777872612656     
   37.399999999999999       0.92140627570898426     
   37.500000000000000       0.95559838592776458     
   37.600000000000001       0.98024247274023346     
   37.700000000000003       0.99509230057253517     
   37.800000000000004       0.99999949488067963     
   37.899999999999999       0.99491502464117065     
   38.000000000000000       0.97988969230879286     
   38.100000000000001       0.95507362616813085     
   38.200000000000003       0.92071478024729891     
   38.300000000000004       0.87715645672301834     
   38.400000000000006       0.82483387573403899     
   38.500000000000000       0.76426982715666170     
   38.600000000000001       0.69606944716108954     
   38.700000000000003       0.62091417148709072     
   38.800000000000004       0.53955492689399120     
   38.900000000000006       0.45280462827744883     
   39.000000000000000       0.36153005585631687     
   39.100000000000001       0.26664319460165092     
   39.200000000000003       0.16909212245245811     
   39.300000000000004        6.9851537517367085E-002
   39.400000000000006       -3.0086981013142076E-002
   39.500000000000000      -0.12972488043151725     
   39.600000000000001      -0.22806661168021311     
   39.700000000000003      -0.32412957666080594     
   39.800000000000004      -0.41695394601651059     
   39.900000000000006      -0.50561224908484959     
   40.000000000000000      -0.58921864086179099     
   40.100000000000001      -0.66693775375914255     
   40.200000000000003      -0.73799304476566718     
   40.300000000000004      -0.80167455404107024     
   40.400000000000006      -0.85734599758919894     
   40.500000000000000      -0.90445112430810815     
   40.600000000000001      -0.94251927474972141     
   40.700000000000003      -0.97117008417528461     
   40.800000000000004      -0.99011728287860179     
   40.900000000000006      -0.99917155667598856     
   41.000000000000000      -0.99824243840500859     
   41.100000000000001      -0.98733921162191873     
   41.200000000000003      -0.96657081787992172     
   41.300000000000004      -0.93614476821161929     
   41.400000000000006      -0.89636506960083773     
   41.500000000000000      -0.84762918744443960     
   41.600000000000001      -0.79042407444858376     
   41.700000000000003      -0.72532130532207451     
   41.800000000000004      -0.65297136566015623     
   41.900000000000006      -0.57409715231473457     
   42.000000000000000      -0.48948675036387002     
   42.100000000000001      -0.39998555889039544     
   42.200000000000003      -0.30648784406568558     
   42.300000000000004      -0.20992780389317006     
   42.400000000000006      -0.11127023422823369     
   42.500000000000000       -1.1500889000937764E-002
   42.600000000000001        8.8383369358480374E-002
   42.700000000000003       0.18738453029760280     
   42.800000000000004       0.28451340688308979     
   42.900000000000006       0.37879951949415347     
   43.000000000000000       0.46930079240159595     
   43.100000000000001       0.55511296633012497     
   43.200000000000003       0.63537863373576775     
   43.300000000000004       0.70929580701724915     
   43.400000000000006       0.77612593185152856     
   43.500000000000000       0.83520126446935261     
   43.600000000000001       0.88593154318382561     
   43.700000000000003       0.92780988729075520     
   43.800000000000004       0.96041786177290467     
   43.900000000000006       0.98342965823108830     
   44.000000000000000       0.99661535039334959     
   44.100000000000001       0.99984319123979726     
   44.200000000000003       0.99308092931410663     
   44.300000000000004       0.97639613101537914     
   44.400000000000006       0.94995550543226370     
   44.500000000000000       0.91402323857196988     
   44.600000000000001       0.86895835366583118     
   44.700000000000003       0.81521112400171636     
   44.800000000000004       0.75331857425149762     
   44.900000000000006       0.68389911462115871     
   45.000000000000000       0.60764636138000183     
   45.100000000000001       0.52532220668866070     
   45.200000000000003       0.43774920641726456     
   45.300000000000004       0.34580236101135059     
   45.400000000000006       0.25040037264604809     
   45.500000000000000       0.15249646631499680     
   45.600000000000001        5.3068865567637291E-002
   45.700000000000003       -4.6888981826718759E-002
   45.800000000000004      -0.14637833003918757     
   45.900000000000006      -0.24440511427279327     
   46.000000000000000      -0.33998988328172675     
   46.100000000000001      -0.43217758564208131     
   46.200000000000003      -0.52004711191335917     
   46.300000000000004      -0.60272049830618335     
   46.400000000000006      -0.67937170001309999     
   46.500000000000000      -0.74923484464433920     
   46.600000000000001      -0.81161188346912960     
   46.700000000000003      -0.86587956577195890     
   46.800000000000004      -0.91149566635548462     
   46.900000000000006      -0.94800440378427320     
   47.000000000000000      -0.97504099457054683     
   47.100000000000001      -0.99233529781820495     
   47.200000000000003      -0.99971451449836524     
   47.300000000000004      -0.99710491403069579     
   47.400000000000006      -0.98453257081774848     
   47.500000000000000      -0.96212310368150744     
   47.600000000000001      -0.93010042070105392     
   47.700000000000003      -0.88878448189788373     
   47.800000000000004      -0.83858810235029224     
   47.900000000000006      -0.78001282772368563     
   48.000000000000000      -0.71364392289425760     
   48.100000000000001      -0.64014452394023280     
   48.200000000000003      -0.56024901261316351     
   48.300000000000004      -0.47475567865027335     
   48.400000000000006      -0.38451874314077689     
   48.500000000000000      -0.29043982351745928     
   48.600000000000001      -0.19345892504470483     
   48.700000000000003       -9.4545048721429950E-002
   48.800000000000004        5.3134905713255439E-003
   48.900000000000006       0.10511893917720509     
   49.000000000000000       0.20387407394664114     
   49.100000000000001       0.30059216620019436     
   49.200000000000003       0.39430684082206302     
   49.300000000000004       0.48408173167382962     
   49.400000000000006       0.56901983731052330     
   49.500000000000000       0.64827248392687409     
   49.600000000000001       0.72104780573943028     
   49.700000000000003       0.78661865703149614     
   49.800000000000004       0.84432987608015297     
   49.900000000000006       0.89360483098751775     
   50.000000000000000       0.93395118222718110     
   50.100000000000001       0.96496580204487037     
   50.200000000000003       0.98633880228976611     
   50.300000000000004       0.99785663094634414     
   50.400000000000006       0.99940420580345735     
   50.500000000000000       0.99096606414876609     
   50.600000000000001       0.97262651724097038     
   50.700000000000003       0.94456880786051833     
   50.800000000000004       0.90707327935480742     
   50.900000000000006       0.86051457454853297     
   51.000000000000000       0.80535789251285117     
   51.100000000000001       0.74215434057973029     
   51.200000000000003       0.67153542789497778     
   51.300000000000004       0.59420675543683754     
   51.400000000000006       0.51094096573960346     
   51.500000000000000       0.42257002302499969     
   51.600000000000001       0.32997690043797284     
   51.700000000000003       0.23408675758803865     
   51.800000000000004       0.13585769704390274     
   51.900000000000006        3.6271191316698162E-002
   52.000000000000000       -6.3677724082538412E-002
   52.100000000000001      -0.16299039263768628     
   52.200000000000003      -0.26067451500275740     
   52.300000000000004      -0.35575406383874908     
   52.400000000000006      -0.44727903567295579     
   52.500000000000000      -0.53433494270869963     
   52.600000000000001      -0.61605195052261963     
   52.700000000000003      -0.69161357020282155     
   52.800000000000004      -0.76026481634112297     
   52.900000000000006      -0.82131974907117866     
   53.000000000000000      -0.87416832736909944     
   53.100000000000001      -0.91828250519019217     
   53.200000000000003      -0.95322150791171834     
   53.300000000000004      -0.97863623628866991     
   53.400000000000006      -0.99427275459473241     
   53.500000000000000      -0.99997482797739179     
   53.600000000000001      -0.99568548335735085     
   53.700000000000003      -0.98144757855944231     
   53.800000000000004      -0.95740337410187526     
   53.900000000000006      -0.92379311176902135     
   54.000000000000000      -0.88095261412598602     
   54.100000000000001      -0.82930992912955059     
   54.200000000000003      -0.76938105344742536     
   54.300000000000004      -0.70176477678930516     
   54.400000000000006      -0.62713669866248178     
   54.500000000000000      -0.54624247803117287     
   54.600000000000001      -0.45989038324026410     
   54.700000000000003      -0.36894321588208279     
   54.800000000000004      -0.27430968985108850     
   54.900000000000006      -0.17693535200864272     
   55.000000000000000       -7.7793134608784273E-002
   55.100000000000001        2.2126366074137527E-002
   55.200000000000003       0.12182478742179431     
   55.300000000000004       0.22030597572996738     
   55.400000000000006       0.31658593952805625     
   55.500000000000000       0.40970268119001740     
   55.600000000000001       0.49872580870296368     
   55.700000000000003       0.58276583199059040     
   55.800000000000004       0.66098305100096233     
   55.900000000000006       0.73259594604097222     
   56.000000000000000       0.79688898566813271     
   56.100000000000001       0.85321977504279534     
   56.200000000000003       0.90102547504440855     
   56.300000000000004       0.93982842663584332     
   56.400000000000006       0.96924092322894739     
   56.500000000000000       0.98896908462706434     
   56.600000000000001       0.99881579359823436     
   56.700000000000003       0.99868266520244409     
   56.800000000000004       0.98857102971692035     
   56.900000000000006       0.96858191937091664     
   57.000000000000000       0.93891505883111193     
   57.100000000000001       0.89986686955618378     
   57.200000000000003       0.85182750805527452     
   57.300000000000004       0.79527696769949152     
   57.400000000000006       0.73078028285863339     
   57.500000000000000       0.65898188308198846     
   57.600000000000001       0.58059915415714580     
   57.700000000000003       0.49641527047376144     
   57.800000000000004       0.40727136969149419     
   57.900000000000006       0.31405814811754384     
   58.000000000000000       0.21770696127046199     
   58.100000000000001       0.11918051836046328     
   58.200000000000003        1.9463263137575723E-002
   58.300000000000004       -8.0448462532862433E-002
   58.400000000000006      -0.17955637368709795     
   58.500000000000000      -0.27687021682341201     
   58.600000000000001      -0.37141766425976691     
   58.700000000000003      -0.46225402906046714     
   58.800000000000004      -0.54847170386433108     
   58.900000000000006      -0.62920922989683647     
   59.000000000000000      -0.70365990509451326     
   59.100000000000001      -0.77107984390216822     
   59.200000000000003      -0.83079540883051439     
   59.300000000000004      -0.88220994139626585     
   59.400000000000006      -0.92480972424579322     
   59.500000000000000      -0.95816911410290473     
   59.600000000000001      -0.98195479472010549     
   59.700000000000003      -0.99592910735860429     
   59.800000000000004      -0.99995242538648055     
   59.900000000000006      -0.99398454928349478     
   60.000000000000000      -0.97808510821679695     
