&BASIS_ND
 NAME="dp                  ",
 NB_BASIS=2          ,
 NB=0          ,
 NQ=0          ,
 A=  0.0000000000000000     ,
 B=  0.0000000000000000     ,
 SCALEQ=  1.0000000000000000     ,
 Q0=  0.0000000000000000     ,
 /
&BASIS_ND
 NAME="HO                  ",
 NB_BASIS=0          ,
 NB=50         ,
 NQ=50         ,
 A=  0.0000000000000000     ,
 B=  0.0000000000000000     ,
 SCALEQ=  1.0000000000000000     ,
 Q0=  0.0000000000000000     ,
 /
 Sii-1,Sij   1.3650192087766300E-011   7.1855101934877899E-012

&BASIS_ND
 NAME="el                  ",
 NB_BASIS=0          ,
 NB=1          ,
 NQ=0          ,
 A=  0.0000000000000000     ,
 B=  0.0000000000000000     ,
 SCALEQ=  1.0000000000000000     ,
 Q0=  0.0000000000000000     ,
 /
 Electronic basis. Electronic state number:           1
 This routine is .not. possible Basis el
 Initialization of a complex psi
   1.5361414298189691     
  0.99999999999999978     
  The basis is linked to psi.
 Writing psi (complex):
           1         (3.68634526103835649E-019,0.0000000000000000)
           2         (1.26663780682394049E-016,0.0000000000000000)
           3         (1.15573066037161224E-014,0.0000000000000000)
           4         (5.07466575503600219E-013,0.0000000000000000)
           5         (1.35174984068032221E-011,0.0000000000000000)
           6         (2.46589404458525152E-010,0.0000000000000000)
           7         (3.31604692181420175E-009,0.0000000000000000)
           8         (3.45231397725994560E-008,0.0000000000000000)
           9         (2.88068463523238610E-007,0.0000000000000000)
          10         (1.97654731380694123E-006,0.0000000000000000)
          11         (1.13723398945164009E-005,0.0000000000000000)
          12         (5.57169624785520579E-005,0.0000000000000000)
          13         (2.35311397755205682E-004,0.0000000000000000)
          14         (8.65230219616299466E-004,0.0000000000000000)
          15         (2.79248574349767655E-003,0.0000000000000000)
          16         (7.96422317165022126E-003,0.0000000000000000)
          17         (2.01843757148652235E-002,0.0000000000000000)
          18         (4.56692912428729725E-002,0.0000000000000000)
          19         (9.26072615458646275E-002,0.0000000000000000)
          20              (0.16883384653368005,0.0000000000000000)
          21              (0.27745642806493803,0.0000000000000000)
          22              (0.41186249294417904,0.0000000000000000)
          23              (0.55313288890709644,0.0000000000000000)
          24              (0.67287838545426992,0.0000000000000000)
          25              (0.74200617440960648,0.0000000000000000)
          26              (0.74200617440960648,0.0000000000000000)
          27              (0.67287838545426992,0.0000000000000000)
          28              (0.55313288890709644,0.0000000000000000)
          29              (0.41186249294417904,0.0000000000000000)
          30              (0.27745642806493803,0.0000000000000000)
          31              (0.16883384653368005,0.0000000000000000)
          32         (9.26072615458646275E-002,0.0000000000000000)
          33         (4.56692912428729725E-002,0.0000000000000000)
          34         (2.01843757148652235E-002,0.0000000000000000)
          35         (7.96422317165022126E-003,0.0000000000000000)
          36         (2.79248574349767655E-003,0.0000000000000000)
          37         (8.65230219616299466E-004,0.0000000000000000)
          38         (2.35311397755205682E-004,0.0000000000000000)
          39         (5.57169624785520579E-005,0.0000000000000000)
          40         (1.13723398945164009E-005,0.0000000000000000)
          41         (1.97654731380694123E-006,0.0000000000000000)
          42         (2.88068463523238610E-007,0.0000000000000000)
          43         (3.45231397725994560E-008,0.0000000000000000)
          44         (3.31604692181420175E-009,0.0000000000000000)
          45         (2.46589404458525152E-010,0.0000000000000000)
          46         (1.35174984068032221E-011,0.0000000000000000)
          47         (5.07466575503600219E-013,0.0000000000000000)
          48         (1.15573066037161224E-014,0.0000000000000000)
          49         (1.26663780682394049E-016,0.0000000000000000)
          50         (3.68634526103835649E-019,0.0000000000000000)
 END Writting psi
  | H | Psi > calculation
  The basis is linked to psi.
 Writing psi (complex):
           1        (-3.23611448850144435E-015,0.0000000000000000)
           2         (4.68459287020705719E-015,0.0000000000000000)
           3        (-2.16184641138739893E-016,0.0000000000000000)
           4         (2.61352994026878721E-013,0.0000000000000000)
           5         (6.74914470674464002E-012,0.0000000000000000)
           6         (1.23306796586806163E-010,0.0000000000000000)
           7         (1.65800848562580299E-009,0.0000000000000000)
           8         (1.72615886253156415E-008,0.0000000000000000)
           9         (1.44034208010248481E-007,0.0000000000000000)
          10         (9.88273689831870299E-007,0.0000000000000000)
          11         (5.68616990645376039E-006,0.0000000000000000)
          12         (2.78584812883925659E-005,0.0000000000000000)
          13         (1.17655698821780320E-004,0.0000000000000000)
          14         (4.32615109907809325E-004,0.0000000000000000)
          15         (1.39624287168010897E-003,0.0000000000000000)
          16         (3.98211158608516302E-003,0.0000000000000000)
          17         (1.00921878573941165E-002,0.0000000000000000)
          18         (2.28346456221279748E-002,0.0000000000000000)
          19         (4.63036307727763552E-002,0.0000000000000000)
          20         (8.44169232685453019E-002,0.0000000000000000)
          21              (0.13872821403001537,0.0000000000000000)
          22              (0.20593124648458408,0.0000000000000000)
          23              (0.27656644443301087,0.0000000000000000)
          24              (0.33643919273766282,0.0000000000000000)
          25              (0.37100308720225705,0.0000000000000000)
          26              (0.37100308720225766,0.0000000000000000)
          27              (0.33643919273766248,0.0000000000000000)
          28              (0.27656644443301087,0.0000000000000000)
          29              (0.20593124648458450,0.0000000000000000)
          30              (0.13872821403001484,0.0000000000000000)
          31         (8.44169232685454130E-002,0.0000000000000000)
          32         (4.63036307727761887E-002,0.0000000000000000)
          33         (2.28346456221279054E-002,0.0000000000000000)
          34         (1.00921878573941026E-002,0.0000000000000000)
          35         (3.98211158608519078E-003,0.0000000000000000)
          36         (1.39624287168010723E-003,0.0000000000000000)
          37         (4.32615109907809325E-004,0.0000000000000000)
          38         (1.17655698821778369E-004,0.0000000000000000)
          39         (2.78584812883912649E-005,0.0000000000000000)
          40         (5.68616990645564419E-006,0.0000000000000000)
          41         (9.88273689830637019E-007,0.0000000000000000)
          42         (1.44034208011971346E-007,0.0000000000000000)
          43         (1.72615886257457225E-008,0.0000000000000000)
          44         (1.65800848456621772E-009,0.0000000000000000)
          45         (1.23306797124185702E-010,0.0000000000000000)
          46         (6.74914486835401822E-012,0.0000000000000000)
          47         (2.61353499705499764E-013,0.0000000000000000)
          48        (-2.15997029653324920E-016,0.0000000000000000)
          49         (4.73203319443816529E-015,0.0000000000000000)
          50        (-3.23181950875693371E-015,0.0000000000000000)
 END Writting psi
  0.49999999999912997     
  diff  calculation
           1        (-3.23629880576449612E-015,0.0000000000000000)
           2         (4.62126097986597046E-015,0.0000000000000000)
           3        (-5.99483794298674629E-015,0.0000000000000000)
           4         (7.61970627552012124E-015,0.0000000000000000)
           5        (-9.60449664521034698E-015,0.0000000000000000)
           6         (1.20943577581373542E-014,0.0000000000000000)
           7        (-1.49752784128814747E-014,0.0000000000000000)
           8         (1.87390459500827616E-014,0.0000000000000000)
           9        (-2.37511202078163810E-014,0.0000000000000000)
          10         (3.29301193721632211E-014,0.0000000000000000)
          11        (-4.07945458487444894E-014,0.0000000000000000)
          12         (4.91650109838391580E-014,0.0000000000000000)
          13        (-5.56177960674489325E-014,0.0000000000000000)
          14         (1.00412354212681132E-013,0.0000000000000000)
          15        (-6.62998302092265845E-014,0.0000000000000000)
          16         (2.66981749208472507E-013,0.0000000000000000)
          17        (-2.09346429080881080E-014,0.0000000000000000)
          18         (7.31220639593743726E-013,0.0000000000000000)
          19        (-7.53910822659520363E-014,0.0000000000000000)
          20         (1.85217119419434084E-012,0.0000000000000000)
          21        (-2.21225815444370255E-012,0.0000000000000000)
          22         (1.28528854226317435E-011,0.0000000000000000)
          23        (-2.00561234287022216E-011,0.0000000000000000)
          24         (1.11132769653465857E-011,0.0000000000000000)
          25        (-1.90064630700703674E-012,0.0000000000000000)
          26        (-1.90003568434349290E-012,0.0000000000000000)
          27         (1.11129438984391982E-011,0.0000000000000000)
          28        (-2.00561234287022216E-011,0.0000000000000000)
          29         (1.28533017562659779E-011,0.0000000000000000)
          30        (-2.21278551038039950E-012,0.0000000000000000)
          31         (1.85228221649680336E-012,0.0000000000000000)
          32        (-7.55576157196458098E-014,0.0000000000000000)
          33         (7.31151250654704654E-013,0.0000000000000000)
          34        (-2.09485206958959225E-014,0.0000000000000000)
          35         (2.67009504784088136E-013,0.0000000000000000)
          36        (-6.63015649327025614E-014,0.0000000000000000)
          37         (1.00412354212681132E-013,0.0000000000000000)
          38        (-5.56197476313594064E-014,0.0000000000000000)
          39         (4.91637099412321754E-014,0.0000000000000000)
          40        (-4.07926620474697958E-014,0.0000000000000000)
          41         (3.29288860921920189E-014,0.0000000000000000)
          42        (-2.37493973428016657E-014,0.0000000000000000)
          43         (1.87394760310617299E-014,0.0000000000000000)
          44        (-1.49763379981589307E-014,0.0000000000000000)
          45         (1.20948951376766605E-014,0.0000000000000000)
          46        (-9.60433503583214520E-015,0.0000000000000000)
          47         (7.62021195414116444E-015,0.0000000000000000)
          48        (-5.99465033150133132E-015,0.0000000000000000)
          49         (4.66870130409707856E-015,0.0000000000000000)
          50        (-3.23200382601998548E-015,0.0000000000000000)
