&BASIS_ND
 NAME="boxAB               ",
 NB=20         ,
 NQ=20         ,
 A= -6.0000000000000000     ,
 B=  6.0000000000000000     ,
 SCALEQ=  1.0000000000000000     ,
 Q0=  0.0000000000000000     ,
 /
 S: 1        1.000000000       0.000000000       0.000000000      -0.000000000       0.000000000
 S: 2        0.000000000       1.000000000      -0.000000000       0.000000000      -0.000000000
 S: 3       -0.000000000      -0.000000000       1.000000000      -0.000000000       0.000000000
 S: 4        0.000000000       0.000000000      -0.000000000       1.000000000      -0.000000000
 S: 5       -0.000000000      -0.000000000       0.000000000      -0.000000000       1.000000000
 S: 6       -0.000000000      -0.000000000       0.000000000       0.000000000      -0.000000000
 S: 7       -0.000000000       0.000000000      -0.000000000       0.000000000      -0.000000000
 S: 8        0.000000000       0.000000000      -0.000000000      -0.000000000       0.000000000
 S: 9        0.000000000      -0.000000000       0.000000000       0.000000000      -0.000000000
 S: 10       -0.000000000      -0.000000000       0.000000000      -0.000000000       0.000000000
 S: 11       -0.000000000       0.000000000      -0.000000000      -0.000000000      -0.000000000
 S: 12        0.000000000       0.000000000      -0.000000000      -0.000000000      -0.000000000
 S: 13       -0.000000000       0.000000000      -0.000000000       0.000000000      -0.000000000
 S: 14       -0.000000000       0.000000000      -0.000000000       0.000000000      -0.000000000
 S: 15        0.000000000       0.000000000      -0.000000000      -0.000000000       0.000000000
 S: 16       -0.000000000      -0.000000000       0.000000000       0.000000000      -0.000000000
 S: 17        0.000000000       0.000000000      -0.000000000       0.000000000       0.000000000
 S: 18        0.000000000      -0.000000000       0.000000000      -0.000000000      -0.000000000
 S: 19        0.000000000      -0.000000000      -0.000000000       0.000000000      -0.000000000
 S: 20       -0.000000000       0.000000000      -0.000000000       0.000000000       0.000000000

 S: 1       -0.000000000      -0.000000000       0.000000000       0.000000000      -0.000000000
 S: 2        0.000000000       0.000000000      -0.000000000      -0.000000000      -0.000000000
 S: 3        0.000000000      -0.000000000       0.000000000       0.000000000       0.000000000
 S: 4        0.000000000       0.000000000      -0.000000000       0.000000000      -0.000000000
 S: 5       -0.000000000      -0.000000000       0.000000000      -0.000000000       0.000000000
 S: 6        1.000000000       0.000000000       0.000000000      -0.000000000      -0.000000000
 S: 7        0.000000000       1.000000000      -0.000000000       0.000000000      -0.000000000
 S: 8        0.000000000      -0.000000000       1.000000000      -0.000000000      -0.000000000
 S: 9       -0.000000000       0.000000000      -0.000000000       1.000000000       0.000000000
 S: 10       -0.000000000      -0.000000000      -0.000000000       0.000000000       1.000000000
 S: 11        0.000000000       0.000000000      -0.000000000      -0.000000000      -0.000000000
 S: 12        0.000000000       0.000000000      -0.000000000       0.000000000       0.000000000
 S: 13        0.000000000      -0.000000000       0.000000000      -0.000000000      -0.000000000
 S: 14       -0.000000000      -0.000000000       0.000000000      -0.000000000       0.000000000
 S: 15        0.000000000      -0.000000000       0.000000000       0.000000000      -0.000000000
 S: 16        0.000000000       0.000000000       0.000000000      -0.000000000       0.000000000
 S: 17       -0.000000000       0.000000000      -0.000000000       0.000000000       0.000000000
 S: 18       -0.000000000       0.000000000      -0.000000000       0.000000000       0.000000000
 S: 19       -0.000000000       0.000000000      -0.000000000       0.000000000       0.000000000
 S: 20        0.000000000       0.000000000       0.000000000      -0.000000000       0.000000000

 S: 1       -0.000000000       0.000000000      -0.000000000      -0.000000000       0.000000000
 S: 2        0.000000000       0.000000000       0.000000000       0.000000000       0.000000000
 S: 3       -0.000000000      -0.000000000      -0.000000000      -0.000000000      -0.000000000
 S: 4       -0.000000000      -0.000000000       0.000000000       0.000000000      -0.000000000
 S: 5       -0.000000000      -0.000000000      -0.000000000      -0.000000000       0.000000000
 S: 6        0.000000000       0.000000000       0.000000000      -0.000000000       0.000000000
 S: 7        0.000000000       0.000000000      -0.000000000      -0.000000000      -0.000000000
 S: 8       -0.000000000      -0.000000000       0.000000000       0.000000000       0.000000000
 S: 9       -0.000000000       0.000000000      -0.000000000      -0.000000000       0.000000000
 S: 10       -0.000000000       0.000000000      -0.000000000       0.000000000      -0.000000000
 S: 11        1.000000000       0.000000000      -0.000000000       0.000000000      -0.000000000
 S: 12        0.000000000       1.000000000       0.000000000      -0.000000000      -0.000000000
 S: 13       -0.000000000       0.000000000       1.000000000       0.000000000       0.000000000
 S: 14        0.000000000      -0.000000000       0.000000000       1.000000000       0.000000000
 S: 15       -0.000000000      -0.000000000       0.000000000       0.000000000       1.000000000
 S: 16        0.000000000       0.000000000       0.000000000      -0.000000000      -0.000000000
 S: 17       -0.000000000       0.000000000      -0.000000000       0.000000000       0.000000000
 S: 18       -0.000000000       0.000000000      -0.000000000       0.000000000       0.000000000
 S: 19        0.000000000       0.000000000       0.000000000      -0.000000000      -0.000000000
 S: 20       -0.000000000       0.000000000      -0.000000000       0.000000000       0.000000000

 S: 1       -0.000000000       0.000000000       0.000000000       0.000000000      -0.000000000
 S: 2        0.000000000       0.000000000      -0.000000000      -0.000000000       0.000000000
 S: 3        0.000000000      -0.000000000       0.000000000      -0.000000000      -0.000000000
 S: 4        0.000000000       0.000000000      -0.000000000       0.000000000       0.000000000
 S: 5       -0.000000000       0.000000000      -0.000000000      -0.000000000       0.000000000
 S: 6        0.000000000      -0.000000000      -0.000000000      -0.000000000       0.000000000
 S: 7        0.000000000       0.000000000       0.000000000       0.000000000       0.000000000
 S: 8        0.000000000      -0.000000000      -0.000000000      -0.000000000       0.000000000
 S: 9       -0.000000000       0.000000000       0.000000000       0.000000000      -0.000000000
 S: 10        0.000000000       0.000000000       0.000000000       0.000000000       0.000000000
 S: 11        0.000000000      -0.000000000      -0.000000000       0.000000000      -0.000000000
 S: 12        0.000000000       0.000000000       0.000000000       0.000000000       0.000000000
 S: 13        0.000000000      -0.000000000      -0.000000000       0.000000000      -0.000000000
 S: 14       -0.000000000       0.000000000       0.000000000      -0.000000000       0.000000000
 S: 15       -0.000000000       0.000000000       0.000000000      -0.000000000       0.000000000
 S: 16        1.000000000      -0.000000000       0.000000000      -0.000000000       0.000000000
 S: 17       -0.000000000       1.000000000      -0.000000000       0.000000000      -0.000000000
 S: 18        0.000000000      -0.000000000       1.000000000      -0.000000000       0.000000000
 S: 19       -0.000000000       0.000000000      -0.000000000       1.000000000      -0.000000000
 S: 20        0.000000000      -0.000000000       0.000000000      -0.000000000       1.000000000

 -------------------------------------------------
 Write_Basis
 nb,nq          20          20
  x:      -5.7000000000      -5.1000000000      -4.5000000000      -3.9000000000      -3.3000000000
  x:      -2.7000000000      -2.1000000000      -1.5000000000      -0.9000000000      -0.3000000000
  x:       0.3000000000       0.9000000000       1.5000000000       2.1000000000       2.7000000000
  x:       3.3000000000       3.9000000000       4.5000000000       5.1000000000       5.7000000000




 -------------------------------------------------
