           1           1           1           1           1
           2           2           1           1           1
           3           3           1           1           1
           4           1           2           1           1
           5           2           2           1           1
           6           3           2           1           1
           7           1           3           1           1
           8           2           3           1           1
           9           3           3           1           1
          10           1           1           2           1
          11           2           1           2           1
          12           3           1           2           1
          13           1           2           2           1
          14           2           2           2           1
          15           3           2           2           1
          16           1           3           2           1
          17           2           3           2           1
          18           3           3           2           1
          19           1           1           3           1
          20           2           1           3           1
          21           3           1           3           1
          22           1           2           3           1
          23           2           2           3           1
          24           3           2           3           1
          25           1           3           3           1
          26           2           3           3           1
          27           3           3           3           1
          28           1           1           1           2
          29           2           1           1           2
          30           3           1           1           2
          31           1           2           1           2
          32           2           2           1           2
          33           3           2           1           2
          34           1           3           1           2
          35           2           3           1           2
          36           3           3           1           2
          37           1           1           2           2
          38           2           1           2           2
          39           3           1           2           2
          40           1           2           2           2
          41           2           2           2           2
          42           3           2           2           2
          43           1           3           2           2
          44           2           3           2           2
          45           3           3           2           2
          46           1           1           3           2
          47           2           1           3           2
          48           3           1           3           2
          49           1           2           3           2
          50           2           2           3           2
          51           3           2           3           2
          52           1           3           3           2
          53           2           3           3           2
          54           3           3           3           2
          55           1           1           1           3
          56           2           1           1           3
          57           3           1           1           3
          58           1           2           1           3
          59           2           2           1           3
          60           3           2           1           3
          61           1           3           1           3
          62           2           3           1           3
          63           3           3           1           3
          64           1           1           2           3
          65           2           1           2           3
          66           3           1           2           3
          67           1           2           2           3
          68           2           2           2           3
          69           3           2           2           3
          70           1           3           2           3
          71           2           3           2           3
          72           3           3           2           3
          73           1           1           3           3
          74           2           1           3           3
          75           3           1           3           3
          76           1           2           3           3
          77           2           2           3           3
          78           3           2           3           3
          79           1           3           3           3
          80           2           3           3           3
          81           3           3           3           3
&BASIS_ND
 NAME="dp                  ",
 NB_BASIS=3          ,
 NB=0          ,
 NQ=0          ,
 A=  0.0000000000000000     ,
 B=  0.0000000000000000     ,
 SCALEQ=  1.0000000000000000     ,
 Q0=  0.0000000000000000     ,
 /
&BASIS_ND
 NAME="HO                  ",
 NB_BASIS=0          ,
 NB=151        ,
 NQ=170        ,
 A=  0.0000000000000000     ,
 B=  0.0000000000000000     ,
 SCALEQ=  1.0000000000000000     ,
 Q0=  0.0000000000000000     ,
 /
 Sii-1,Sij   8.0386919343311547E-011   5.4085059087802122E-011

&BASIS_ND
 NAME="HO                  ",
 NB_BASIS=0          ,
 NB=151        ,
 NQ=170        ,
 A=  0.0000000000000000     ,
 B=  0.0000000000000000     ,
 SCALEQ=  1.0000000000000000     ,
 Q0=  0.0000000000000000     ,
 /
 Sii-1,Sij   8.0386919343311547E-011   5.4085059087802122E-011

&BASIS_ND
 NAME="el                  ",
 NB_BASIS=0          ,
 NB=3          ,
 NQ=0          ,
 A=  0.0000000000000000     ,
 B=  0.0000000000000000     ,
 SCALEQ=  1.0000000000000000     ,
 Q0=  0.0000000000000000     ,
 /
 Electronic basis. Electronic state number:           3
 This routine is .not. possible Basis el
 Initialization of a complex psi
 Q0 =   0.0000000000000000     
 K=    0.0000000000000000     
 phase=  0.28599999999999998     
 DQ=   1.4142135623700001     
 ndim =           1
 Coef =                (1.0000000000000000,0.0000000000000000)
 Q0 =   0.0000000000000000     
 K=    0.0000000000000000     
 phase=  0.28599999999999998     
 DQ=   1.4142135623700001     
 ndim =           1
 Coef =                (1.0000000000000000,0.0000000000000000)
 Q0 =   0.0000000000000000     
 K=    0.0000000000000000     
 phase=  0.28599999999999998     
 DQ=   1.4142135623700001     
 ndim =           1
 Coef =                (1.0000000000000000,0.0000000000000000)
 <psi|psi> =   1.0000000000000004     
 BEGINNING GridTOBasis_Basis
 END GridTOBasis_Basis
 BEGINNING GridTOBasis_Basis
 END GridTOBasis_Basis
  E = <Psi | H | Psi> =  0.49999999999922973      <Psi | Psi> =  0.99999999999688516     
