  0.10000000000000001        1.4142135623808563     
  0.20000000000000001        1.3935335873722670     
  0.30000000000000004        1.3372566508910462     
  0.40000000000000002        1.2588845664672192     
  0.50000000000000000        1.1724449637133365     
  0.60000000000000009        1.0880025616365767     
  0.70000000000000007        1.0110651333976430     
  0.80000000000000004       0.94384795334712368     
  0.90000000000000002       0.88669351371022431     
   1.0000000000000000       0.83906261108943070     
   1.1000000000000001       0.80009972969370979     
   1.2000000000000002       0.76891777581504928     
   1.3000000000000000       0.74472624714585667     
   1.4000000000000001       0.72688036502271602     
   1.5000000000000000       0.71489386842641667     
   1.6000000000000001       0.70843737434386311     
   1.7000000000000002       0.70733301683362781     
   1.8000000000000000       0.71155035902314923     
   1.9000000000000001       0.72120561821033946     
   2.0000000000000000       0.73656450898588988     
   2.1000000000000001       0.75804746877233109     
   2.2000000000000002       0.78623373099477922     
   2.3000000000000003       0.82185638880801826     
   2.4000000000000004       0.86577208582389742     
   2.5000000000000000       0.91887278182322651     
   2.6000000000000001       0.98187846791224764     
   2.7000000000000002        1.0549064222982940     
   2.8000000000000003        1.1366720602283016     
   2.9000000000000004        1.2232242386854442     
   3.0000000000000000        1.3064807681651158     
   3.1000000000000001        1.3737712124074655     
   3.2000000000000002        1.4105599030880032     
   3.3000000000000003        1.4070395929470714     
   3.4000000000000004        1.3642094862763252     
   3.5000000000000000        1.2932028967916265     
   3.6000000000000001        1.2086200707589483     
   3.7000000000000002        1.1224360695281526     
   3.8000000000000003        1.0419548369716909     
   3.9000000000000004       0.97057377827686586     
   4.0000000000000000       0.90926589948543279     
   4.1000000000000005       0.85776862733274284     
   4.2000000000000002       0.81531064699463818     
   4.2999999999999998       0.78099571289609460     
   4.4000000000000004       0.75398393914473383     
   4.5000000000000000       0.73356696941097199     
   4.6000000000000005       0.71919231682087847     
   4.7000000000000002       0.71046594547025821     
   4.8000000000000007       0.70714760856137115     
   4.9000000000000004       0.70914585736331515     
   5.0000000000000000       0.71651576511745307     
   5.1000000000000005       0.72946032048218579     
   5.2000000000000002       0.74833492946886015     
   5.3000000000000007       0.77365260937953473     
   5.4000000000000004       0.80608417033311186     
   5.5000000000000000       0.84644125403515724     
   5.6000000000000005       0.89561765217971456     
   5.7000000000000002       0.95444144723731983     
   5.8000000000000007        1.0233530253322307     
   5.9000000000000004        1.1017775565130097     
   6.0000000000000000        1.1870534612057571     
   6.1000000000000005        1.2729725057644921     
   6.2000000000000002        1.3486760293822257     
   6.3000000000000007        1.3997916243233628     
   6.4000000000000004        1.4136134950082488     
   6.5000000000000000        1.3862489095108672     
   6.6000000000000005        1.3252114866667830     
   6.7000000000000002        1.2445782210171636     
   6.8000000000000007        1.1579034759927926     
   6.9000000000000004        1.0744471232182502     
   7.0000000000000000       0.99905622130352434     
   7.1000000000000005       0.93354101763689346     
   7.2000000000000002       0.87803956270580996     
   7.3000000000000007       0.83192942089030142     
   7.4000000000000004       0.79433540395185076     
   7.5000000000000000       0.76438059697812544     
   7.6000000000000005       0.74129695045774835     
   7.7000000000000002       0.72446603704884738     
   7.8000000000000007       0.71342828578197270     
   7.9000000000000004       0.70788017384436019     
   8.0000000000000000       0.70766883593697227     
   8.0999999999999996       0.71278844707111955     
   8.2000000000000011       0.72338007450477193     
   8.3000000000000007       0.73973505556137487     
   8.4000000000000004       0.76230036016774172     
   8.5000000000000000       0.79168186218254266     
   8.5999999999999996       0.82863660073876499     
   8.7000000000000011       0.87403560350900011     
   8.8000000000000007       0.92876091581287912     
   8.9000000000000004       0.99346939813567670     
   9.0000000000000000        1.0681107570957160     
   9.0999999999999996        1.1510526431735368     
   9.2000000000000011        1.2377461289210707     
   9.3000000000000007        1.3193121944181705     
   9.4000000000000004        1.3824588584175774     
   9.5000000000000000        1.4129123893995512     
   9.6000000000000014        1.4023817448893474     
   9.7000000000000011        1.3538431760231915     
   9.8000000000000007        1.2795485097082251     
   9.9000000000000004        1.1939822058367988     
   10.000000000000000        1.1083705616564639     
   10.100000000000001        1.0292662032986535     
   10.200000000000001       0.95955685396874291     
   10.300000000000001       0.89993775752054017     
   10.400000000000000       0.85002125165148346     
   10.500000000000000       0.80899523124705175     
   10.600000000000001       0.77596408611308498     
   10.700000000000001       0.75010669407731068     
   10.800000000000001       0.73074006328716845     
   10.900000000000000       0.71733849546564177     
   11.000000000000000       0.70953420907242737     
   11.100000000000001       0.70711227677325106     
   11.200000000000001       0.71000594999220112     
   11.300000000000001       0.71829497713067780     
   11.400000000000000       0.73220760026793852     
   11.500000000000000       0.75212540674675499     
   11.600000000000001       0.77858820162268438     
   11.700000000000001       0.81229239849689727     
   11.800000000000001       0.85406922415458930     
   11.900000000000000       0.90481518600959221     
   12.000000000000000       0.96532213952850288     
   12.100000000000001        1.0359142763345157     
   12.200000000000001        1.1157541569529685     
   12.300000000000001        1.2016911319699175     
   12.400000000000000        1.2867807585869711     
   12.500000000000000        1.3593970289497650     
   12.600000000000001        1.4049732382689404     
   12.700000000000001        1.4118199090324188     
   12.800000000000001        1.3779965872749753     
   12.900000000000000        1.3126150401189633     
   13.000000000000000        1.2301123809714016     
   13.100000000000001        1.1434637690225486     
   13.200000000000001        1.0611268907788405     
   13.300000000000001       0.98733044677918957     
   13.400000000000000       0.92351903278274428     
   13.500000000000000       0.86965180225523064     
   13.600000000000001       0.82503708752370908     
   13.700000000000001       0.78878687264220271     
   13.800000000000001       0.76003739182222019     
   13.900000000000000       0.73804411076083953     
   14.000000000000000       0.72221516826088694     
   14.100000000000001       0.71211758160910243     
   14.200000000000001       0.70747352547566777     
   14.300000000000001       0.70815502925924156     
   14.400000000000000       0.71418087618370862     
   14.500000000000000       0.72571708269722479     
   14.600000000000001       0.74308076884184404     
   14.700000000000001       0.76674554697481323     
   14.800000000000001       0.79734374967685384     
   14.900000000000000       0.83565538747727730     
   15.000000000000000       0.88256311449675207     
   15.100000000000001       0.93893265786161395     
   15.200000000000001        1.0053444849362700     
   15.300000000000001        1.0815562254793543     
   15.400000000000000        1.1655493778142521     
   15.500000000000000        1.2521341248533087     
   15.600000000000001        1.3316263580769561     
   15.700000000000001        1.3902079527343860     
   15.800000000000001        1.4140775583536400     
   15.900000000000000        1.3966263602595643     
   16.000000000000000        1.3427445477075119     
   16.100000000000001        1.2655846186771922     
   16.199999999999999        1.1793547396381214     
   16.300000000000001        1.0944977454186575     
   16.400000000000002        1.0168482909615320     
   16.500000000000000       0.94882773282881894     
   16.600000000000001       0.89088495509424148     
   16.699999999999999       0.84252546785440152     
   16.800000000000001       0.80290571515551001     
   16.900000000000002       0.77113499148436171     
   17.000000000000000       0.74641262037258571     
   17.100000000000001       0.72808145549047965     
   17.199999999999999       0.71564257617700411     
   17.300000000000001       0.70875429854022787     
   17.400000000000002       0.70722687709262078     
   17.500000000000000       0.71101821520415687     
   17.600000000000001       0.72023279488230219     
   17.699999999999999       0.73512425416993632     
   17.800000000000001       0.75610051183517846     
   17.900000000000002       0.78372814352194997     
   18.000000000000000       0.81872861029526134     
   18.100000000000001       0.86195087967946160     
   18.199999999999999       0.91428959040459767     
   18.300000000000001       0.97649043080615117     
   18.400000000000002        1.0487421092558058     
   18.500000000000000        1.1299118992934005     
   18.600000000000001        1.2163163304791902     
   18.699999999999999        1.3002445854917057     
   18.800000000000001        1.3693476128393443     
   18.900000000000002        1.4090356229513537     
   19.000000000000000        1.4088486849992847     
   19.100000000000001        1.3688398912301587     
   19.200000000000003        1.2995396031675235     
   19.300000000000001        1.2155409917760867     
   19.400000000000002        1.1291561510386350     
   19.500000000000000        1.0480545791926683     
   19.600000000000001       0.97589035647918854     
   19.700000000000003       0.91377965853753562     
   19.800000000000001       0.86152605937115967     
   19.900000000000002       0.81838116607450062     
   20.000000000000000       0.78345012211260512     
   20.100000000000001       0.75588484361994124     
   20.200000000000003       0.73496517903052028     
   20.300000000000001       0.72012597148712720     
   20.400000000000002       0.71096070304146708     
   20.500000000000000       0.70721708818112206     
   20.600000000000001       0.70879196127274147     
   20.700000000000003       0.71572872770658069     
   20.800000000000001       0.72821846600218521     
   20.900000000000002       0.74660424058985397     
   21.000000000000000       0.77138639111895768     
   21.100000000000001       0.80322344283733538     
   21.200000000000003       0.84291719693078038     
   21.300000000000001       0.89135872373950498     
   21.400000000000002       0.94939011658020467     
   21.500000000000000        1.0175006057088749     
   21.600000000000001        1.0952289782426929     
   21.700000000000003        1.1801301962243689     
   21.800000000000001        1.2663324198961268     
   21.900000000000002        1.3433506416480558     
   22.000000000000000        1.3969583573160484     
   22.100000000000001        1.4140453503476889     
   22.200000000000003        1.3898208123731133     
   22.300000000000001        1.3309865498636719     
   22.400000000000002        1.2513744028689062     
   22.500000000000000        1.1647773021688046     
   22.600000000000001        1.0808365959519113     
   22.700000000000003        1.0047070191871175     
   22.800000000000001       0.93838557777320319     
   22.900000000000002       0.88210380639626573     
   23.000000000000000       0.83527682936124270     
   23.100000000000001       0.79703787458831876     
   23.200000000000003       0.76650482907142903     
   23.300000000000001       0.74289887422806200     
   23.400000000000002       0.72558907570146425     
   23.500000000000000       0.71410323835922174     
   23.600000000000001       0.70812561567461185     
   23.700000000000003       0.70749151917214703     
   23.800000000000001       0.71218347295315421     
   23.900000000000002       0.72233076727672907     
   24.000000000000000       0.73821258769710296     
   24.100000000000001       0.76026332406354957     
   24.200000000000003       0.78907625008950555     
   24.300000000000001       0.82539716946319752     
   24.400000000000002       0.87009060712249708     
   24.500000000000000       0.92404405135503842     
   24.600000000000001       0.98794581861095732     
   24.700000000000003        1.0618278497801694     
   24.800000000000001        1.1442270826916026     
   24.900000000000002        1.2308830866261735     
   25.000000000000000        1.3132958680548517     
   25.100000000000001        1.3784572564546802     
   25.200000000000003        1.4119440673978807     
   25.300000000000001        1.4047251237755305     
   25.400000000000002        1.3588459223937923     
   25.500000000000000        1.2860552875224294     
   25.600000000000001        1.2009136771269528     
   25.700000000000003        1.1150072820462933     
   25.800000000000001        1.0352406429156606     
   25.900000000000002       0.96473735658143200     
   26.000000000000000       0.90432012150357644     
   26.100000000000001       0.85365811791185153     
   26.200000000000003       0.81195734453346424     
   26.300000000000001       0.77832133075756760     
   26.400000000000002       0.75191984140447743     
   26.500000000000000       0.73205780983588542     
   26.600000000000001       0.71819685494073926     
   26.700000000000003       0.70995678433511189     
   26.800000000000001       0.70711070151128208     
   26.900000000000002       0.70958017075316826     
   27.000000000000000       0.71743325096441712     
   27.100000000000001       0.73088620919704916     
   27.200000000000003       0.75030821536514480     
   27.300000000000001       0.77622638733631644     
   27.400000000000002       0.80932507298049439     
   27.500000000000000       0.85042643583373345     
   27.600000000000001       0.90042622900147051     
   27.700000000000003       0.96013460934605122     
   27.800000000000001        1.0299330504218829     
   27.900000000000002        1.1091123743518787     
   28.000000000000000        1.1947589018841152     
   28.100000000000001        1.2802809223277019     
   28.200000000000003        1.3544114010423263     
   28.300000000000001        1.4026556000104509     
   28.400000000000002        1.4128157582263290     
   28.500000000000000        1.3820193866247812     
   28.600000000000001        1.3186423635433966     
   28.700000000000003        1.2369774154187623     
   28.800000000000001        1.1502856580129011     
   28.900000000000002        1.0674034682097377     
   29.000000000000000       0.99284693472188335     
   29.100000000000001       0.92822901858901752     
   29.200000000000003       0.87359055530147922     
   29.300000000000001       0.82827101881795606     
   29.400000000000002       0.79138767394317855     
   29.500000000000000       0.76207019447460489     
   29.600000000000001       0.73956279684587001     
   29.700000000000003       0.72326102180956220     
   29.800000000000001       0.71271931354635731     
   29.900000000000002       0.70764770034565638     
   30.000000000000000       0.70790643731169900     
   30.100000000000001       0.71350265589093087     
   30.200000000000003       0.72459054601208772     
   30.300000000000001       0.74147499902393355     
   30.400000000000002       0.76461699819858064     
   30.500000000000000       0.79463637354013072     
   30.600000000000001       0.83230238962650727     
   30.700000000000003       0.87849255869693998     
   30.800000000000001       0.93408118007220797     
   30.900000000000002       0.99968663391217150     
   31.000000000000000        1.0751606724356613     
   31.100000000000001        1.1586725370887141     
   31.200000000000003        1.2453411432210757     
   31.300000000000001        1.3258638939845144     
   31.400000000000002        1.3866585508946263     
   31.500000000000000        1.4136733227517451     
   31.600000000000001        1.3994840475065404     
   31.700000000000003        1.3480850986950363     
   31.800000000000001        1.2722299557414847     
   31.900000000000002        1.1862761839935960     
   32.000000000000000        1.1010407471815256     
   32.100000000000001        1.0226937464297330     
   32.200000000000003       0.95387203524571917     
   32.300000000000004       0.89513739087796618     
   32.399999999999999       0.84604376010183591     
   32.500000000000000       0.80576140345887848     
   32.600000000000001       0.77339680210179329     
   32.700000000000003       0.74813940681698221     
   32.800000000000004       0.72931978547805110     
   32.899999999999999       0.71642634575896791     
   33.000000000000000       0.70910506865431078     
   33.100000000000001       0.70715430378006794     
   33.200000000000003       0.71052028769235620     
   33.300000000000004       0.71929578256124815     
   33.399999999999999       0.73372238229407372     
   33.500000000000000       0.75419551816557417     
   33.600000000000001       0.78126909363127350     
   33.700000000000003       0.81565278545377851     
   33.800000000000004       0.85818740924820724     
   33.899999999999999       0.90976909501451531     
   34.000000000000000       0.97116668377098481     
   34.100000000000001        1.0426355439449095     
   34.200000000000003        1.1231869899671052     
   34.300000000000004        1.2093953285723744     
   34.399999999999999        1.2939159512957275     
   34.500000000000000        1.3647354794688893     
   34.600000000000001        1.4072525812028340     
   34.700000000000003        1.4103994020101931     
   34.800000000000004        1.3732826598928602     
   34.899999999999999        1.3057847974640659     
   35.000000000000000        1.2224495443790966     
   35.100000000000001        1.1359119643282989     
   35.200000000000003        1.0542123470321636     
   35.300000000000004       0.98127134903775048     
   35.399999999999999       0.91835616572876289     
   35.500000000000000       0.86534129167735407     
   35.600000000000001       0.82150373120247944     
   35.700000000000003       0.78595116633628903     
   35.800000000000004       0.75782780233509162     
   35.899999999999999       0.73640185308561124     
   36.000000000000000       0.72109550861526206     
   36.100000000000001       0.71148973952184158     
   36.200000000000003       0.70732018837118449     
   36.300000000000004       0.70847195513525052     
   36.399999999999999       0.71497678373561968     
   36.500000000000000       0.72701387052602318     
   36.600000000000001       0.74491397437662865     
   36.700000000000003       0.76916476966111769     
   36.800000000000004       0.80041241732057733     
   36.899999999999999       0.83944855923993167     
   37.000000000000000       0.88716069862547531     
   37.100000000000001       0.94440307358279818     
   37.200000000000003        1.0117100620330683     
   37.300000000000004        1.0887275483886893     
   37.399999999999999        1.1732175919546248     
   37.500000000000000        1.2596362305158035     
   37.600000000000001        1.3378763059179457     
   37.700000000000003        1.3938886653428779     
   37.800000000000004        1.4142083982947535     
   37.899999999999999        1.3931691695030048     
   38.000000000000000        1.3366300539573839     
   38.100000000000001        1.2581286648897767     
   38.200000000000003        1.1716703542214477     
   38.300000000000004        1.0872771924162057     
   38.400000000000006        1.0104208627512232     
   38.500000000000000       0.94329417439074370     
   38.600000000000001       0.88622812401183437     
   38.700000000000003       0.83867870074076567     
   38.800000000000004       0.79978917097652313     
   38.900000000000006       0.76867293341123333     
   39.000000000000000       0.74454066491455950     
   39.100000000000001       0.72674898618212591     
   39.200000000000003       0.71481305976056475     
   39.300000000000004       0.70840488001958868     
   39.400000000000006       0.70734791027681676     
   39.500000000000000       0.71161301980731950     
   39.600000000000001       0.72131774141641014     
   39.700000000000003       0.73672914366924014     
   39.800000000000004       0.75826906451849241     
   39.900000000000006       0.78651814727205294     
   40.000000000000000       0.82221076313331931     
   40.100000000000001       0.86620435740113455     
   40.200000000000003       0.91939049586855814     
   40.300000000000004       0.98248612356379905     
   40.400000000000006        1.0556001837401510     
   40.500000000000000        1.1374305369382831     
   40.600000000000001        1.2239954251356029     
   40.700000000000003        1.3071708356017486     
   40.800000000000004        1.3742514869410465     
   40.900000000000006        1.4107107481485957     
   41.000000000000000        1.4068173812803040     
   41.100000000000001        1.3636763394502536     
   41.200000000000003        1.2924853833334335     
   41.300000000000004        1.2078427544667540     
   41.400000000000006        1.1216848347618698     
   41.500000000000000        1.0412749419458962     
   41.600000000000001       0.96998236521982040     
   41.700000000000003       0.90876457549281631     
   41.800000000000004       0.85735189793785394     
   41.900000000000006       0.81497062778808416     
   42.000000000000000       0.78072445197674167     
   42.100000000000001       0.75377444515191516     
   42.200000000000003       0.73341359390208083     
   42.300000000000004       0.71909083776368932     
   42.400000000000006       0.71041354036254789     
   42.500000000000000       0.70714280337438773     
   42.600000000000001       0.70918848963647996     
   42.700000000000003       0.71660697905726300     
   42.800000000000004       0.72960259471881317     
   42.900000000000006       0.74853212472382247     
   43.000000000000000       0.77391000157617784     
   43.100000000000001       0.80640839603606507     
   43.200000000000003       0.84684001742353876     
   43.300000000000004       0.89609888452019559     
   43.400000000000006       0.95501136162354372     
   43.500000000000000        1.0240121152090136     
   43.600000000000001        1.1025131513325430     
   43.700000000000003        1.1878280115434967     
   43.800000000000004        1.2737102949747998     
   43.900000000000006        1.3492599460055992     
   44.000000000000000        1.4000904956962532     
   44.100000000000001        1.4135447698092236     
   44.200000000000003        1.3858319238773140     
   44.300000000000004        1.3245542665764836     
   44.400000000000006        1.2438129698601534     
   44.500000000000000        1.1571339658224216     
   44.600000000000001        1.0737343403913948     
   44.700000000000003       0.99842728468983233     
   44.800000000000004       0.93300272394132699     
   44.900000000000006       0.87758862979485641     
   45.000000000000000       0.83155856395602123     
   45.100000000000001       0.79403651263562225     
   45.200000000000003       0.76414621339547284     
   45.300000000000004       0.74112085053851906     
   45.400000000000006       0.72434340625316518     
   45.500000000000000       0.71335572652821788     
   45.600000000000001       0.70785565676892825     
   45.700000000000003       0.70769165482351370     
   45.800000000000004       0.71285920093000676     
   45.900000000000006       0.72350068216164598     
   46.000000000000000       0.73990879699344081     
   46.100000000000001       0.76253192057247543     
   46.200000000000003       0.79197732735428317     
   46.300000000000004       0.82900328736539663     
   46.400000000000006       0.87448149771135930     
   46.500000000000000       0.92929329761954127     
   46.600000000000001       0.99409183153679836     
   46.700000000000003        1.0688172155471525     
   46.800000000000004        1.1518175762051399     
   46.900000000000006        1.2385110857138637     
   47.000000000000000        1.3199762165550968     
   47.100000000000001        1.3828906680052473     
   47.200000000000003        1.4130006138433862     
   47.300000000000004        1.4021004320064818     
   47.400000000000006        1.3532697238548093     
   47.500000000000000        1.2788133685716871     
   47.600000000000001        1.1932048080657853     
   47.700000000000003        1.1076294053207005     
   47.800000000000004        1.0286008144300594     
   47.900000000000006       0.95898097617795763     
   48.000000000000000       0.89945132617224588     
   48.100000000000001       0.84961812362442413     
   48.200000000000003       0.80866740591721198     
   48.300000000000004       0.77570373555328698     
   48.400000000000006       0.74990704124895269     
   48.500000000000000       0.73059569906766775     
   48.600000000000001       0.71724543680335073     
   48.700000000000003       0.70948986375313228     
   48.800000000000004       0.70711539337399099     
   48.900000000000006       0.71005658575840691     
   49.000000000000000       0.71839449817114787     
   49.100000000000001       0.73235871319617707     
   49.200000000000003       0.75233220653105637     
   49.300000000000004       0.77885619753800039     
   49.400000000000006       0.81262843425140430     
   49.500000000000000       0.85448112411941501     
   49.600000000000001       0.90531078106137752     
   49.700000000000003       0.96590703993182581     
   49.800000000000004        1.0365873820675136     
   49.900000000000006        1.1164995406988392     
   50.000000000000000        1.2024657159552938     
   50.100000000000001        1.2875015662376359     
   50.200000000000003        1.3599415955863037     
   50.300000000000004        1.4052136275184421     
   50.400000000000006        1.4116883216145297     
   50.500000000000000        1.3775302679140777     
   50.600000000000001        1.3119309723012835     
   50.700000000000003        1.2293405871537428     
   50.800000000000004        1.1427008766475644     
   50.900000000000006        1.0604272474619747     
   51.000000000000000       0.98671684098983103     
   51.100000000000001       0.92299596307337484     
   51.200000000000003       0.86921499165188099     
   51.300000000000004       0.82467896813584673     
   51.400000000000006       0.78849938098783334     
   51.500000000000000       0.75981325104664021     
   51.600000000000001       0.73787732755544433     
   51.700000000000003       0.72210116869006513     
   51.800000000000004       0.71205320245994641     
   51.900000000000006       0.70745696356550580     
   52.000000000000000       0.70818579924085545     
   52.100000000000001       0.71425979714709376     
   52.200000000000003       0.72584629794022337     
   52.300000000000004       0.74326379025706546     
   52.400000000000006       0.76698729679737787     
   52.500000000000000       0.79765053981675738     
   52.600000000000001       0.83603470588253126     
   52.700000000000003       0.88302295944307241     
   52.800000000000004       0.93947994503450127     
   52.900000000000006        1.0059816609599899     
   53.000000000000000        1.0822748007995582     
   53.100000000000001        1.1663192621743639     
   53.200000000000003        1.2528900950322193     
   53.300000000000004        1.3322605919416219     
   53.400000000000006        1.3905880183456525     
   53.500000000000000        1.4141023664435091     
   53.600000000000001        1.3962881942261565     
   53.700000000000003        1.3421345066048489     
   53.800000000000004        1.2648351248142129     
   53.900000000000006        1.1785792941558142     
   54.000000000000000        1.0937675868151884     
   54.100000000000001        1.0161976186593700     
   54.200000000000003       0.94826723935443058     
   54.300000000000004       0.89041313330811556     
   54.400000000000006       0.84213564940018637     
   54.500000000000000       0.80258982725565808     
   54.600000000000001       0.77088533987765351     
   54.700000000000003       0.74622264506425751     
   54.800000000000004       0.72794598725021731     
   54.900000000000006       0.71555786974187030     
   55.000000000000000       0.70871799097766397     
   55.100000000000001       0.70723793890016851     
   55.200000000000003       0.71107692247857568     
   55.300000000000004       0.72034073524615405     
   55.400000000000006       0.73528436295798438     
   55.500000000000000       0.75631712007336149     
   55.600000000000001       0.78400699397559104     
   55.700000000000003       0.81907674604850866     
   55.800000000000004       0.86237621394068509     
   55.900000000000006       0.91479977425158532     
   56.000000000000000       0.97709033209304053     
   56.100000000000001        1.0494288158807534     
   56.200000000000003        1.1306658808667802     
   56.300000000000004        1.2170885756647765     
   56.400000000000006        1.3009447921576160     
   56.500000000000000        1.3698489123546875     
   56.600000000000001        1.4092153193132155     
   56.700000000000003        1.4086551607361124     
   56.800000000000004        1.3683275132738242     
   56.900000000000006        1.2988322743175182     
   57.000000000000000        1.2147652251545384     
   57.100000000000001        1.1284012399116483     
   57.200000000000003        1.0473685766529668     
   57.300000000000004       0.97529210762479457     
   57.400000000000006       0.91327163837126479     
   57.500000000000000       0.86110314688125167     
   57.600000000000001       0.81803556835999736     
   57.700000000000003       0.78317384183101502     
   57.800000000000004       0.75567079523519654     
   57.900000000000006       0.73480760405687096     
   58.000000000000000       0.72002053633977381     
   58.100000000000001       0.71090447778786925     
   58.200000000000003       0.70720849437092925     
   58.300000000000004       0.70883073258959572     
   58.400000000000006       0.71581590239060189     
   58.500000000000000       0.72835641218699487     
   58.600000000000001       0.74679670303981960     
   58.700000000000003       0.77163852810849420     
   58.800000000000004       0.80354178461723014     
   58.900000000000006       0.84330937786841043     
   59.000000000000000       0.89183269745208560     
   59.100000000000001       0.94995233512624144     
   59.200000000000003        1.0181522292264205     
   59.300000000000004        1.0959587579200629     
   59.400000000000006        1.1809030912886822     
   59.500000000000000        1.2670761678797406     
   59.600000000000001        1.3439510356368174     
   59.700000000000003        1.3972834920322816     
   59.800000000000004        1.4140063717065781     
   59.900000000000006        1.3894284205354381     
   60.000000000000000        1.3303437432219694     
