   0.0000000000000000        1.0000000001409592       0.99999999998108624       -0.0000000000000000       -0.0000000000000000     
  0.10000000000000001       0.99999518804133936       0.99999575842926802       -9.6153996299254725E-005  -7.0303838051374195E-005
  0.20000000000000001       0.99992398123871273       0.99994223975074559       -7.5349634064538460E-004  -5.4602927805847638E-004
  0.30000000000000004       0.99962388143607372       0.99972471655949691       -2.4562167102258792E-003  -1.7549818903104942E-003
  0.40000000000000002       0.99884951131464361       0.99917599603599905       -5.5423855041654840E-003  -3.8876727692280996E-003
  0.50000000000000000       0.99730850407849081       0.99810731650799200       -1.0150680912438944E-002  -6.9673497362441137E-003
  0.60000000000000009       0.99470666167393473       0.99634268906681378       -1.6190557893454721E-002  -1.0852388147235964E-002
  0.70000000000000007       0.99079669511670254       0.99375060898776857       -2.3341727413825949E-002  -1.5264798319477677E-002
  0.80000000000000004       0.98542335229783817       0.99026816896843195       -3.1085216247916443E-002  -1.9834108232530439E-002
  0.90000000000000002       0.97855742850129657       0.98591449685994637       -3.8763094584459909E-002  -2.4146431410606708E-002
   1.0000000000000000       0.97031261872783303       0.98079277739898885       -4.5658380555407121E-002  -2.7791502989425759E-002
   1.1000000000000001       0.96094234574425896       0.97508233853791249       -5.1082420915308707E-002  -3.0402980232396661E-002
   1.2000000000000002       0.95081774510809636       0.96902363843203476       -5.4455809548973819E-002  -3.1688933632260850E-002
   1.3000000000000000       0.94039160868850225       0.96289917594857688       -5.5371229942573298E-002  -3.1451343348906938E-002
   1.4000000000000001       0.93015513258751947       0.95701279356090152       -5.3631643789517291E-002  -2.9595789766021792E-002
   1.5000000000000000       0.92059432094333249       0.95166914068116226       -4.9263096219240819E-002  -2.6134283439810831E-002
   1.6000000000000001       0.91215122276007399       0.94715441654416033       -4.2506093688893791E-002  -2.1184425972376717E-002
   1.7000000000000002       0.90519271034320758       0.94371885067204231       -3.3791858851135954E-002  -1.4967058889565796E-002
   1.8000000000000000       0.89998718448629778       0.94156075568976139       -2.3709684416534760E-002  -7.8030513955555441E-003
   1.9000000000000001       0.89668805554371778       0.94081160781750195       -1.2969789965229031E-002  -1.0847784941710813E-004
   2.0000000000000000       0.89532234652811771       0.94152164810955496       -2.3635097058835475E-003   7.6137171388451228E-003
   2.1000000000000001       0.89578323079886324       0.94364599460374599        7.2798062811719111E-003   1.4788430072872781E-002
   2.2000000000000002       0.89782651479368425       0.94703215433178767        1.5141426536275884E-002   2.0793069521783374E-002
   2.3000000000000003       0.90107266931395336       0.95141101245524673        2.0469943069835954E-002   2.4995892627292304E-002
   2.4000000000000004       0.90501755637596304       0.95639468290935759        2.2647092969585322E-002   2.6810609976256398E-002
   2.5000000000000000       0.90905589468654924       0.96148572984194181        2.1260276757171737E-002   2.5766926552436890E-002
   2.6000000000000001       0.91252103459925982       0.96610265738127210        1.6174249357666898E-002   2.1591791287609921E-002
   2.7000000000000002       0.91474215201637110       0.96962536063275884        7.5889948680277252E-003   1.4289945509248010E-002
   2.8000000000000003       0.91511544195455663       0.97146054348464139       -3.9327069946184521E-003   4.2063626512798486E-003
   2.9000000000000004       0.91318024760249927       0.97112078098738230       -1.7483312761680216E-002  -7.9504933936667948E-003
   3.0000000000000000       0.90868640017052982       0.96830353592843410       -3.1881838099583865E-002  -2.1144027147886286E-002
   3.1000000000000001       0.90163793009754067       0.96295167027025397       -4.5793200897278140E-002  -3.4112552435215035E-002
   3.2000000000000002       0.89230230191876647       0.95527872715433071       -5.7876263510507252E-002  -4.5529114174624061E-002
   3.3000000000000003       0.88118265114356042       0.94575127249558688       -6.6932054806808181E-002  -5.4184276354715608E-002
   3.4000000000000004       0.86896005371624097       0.93503294619558042       -7.2023671445420587E-002  -5.9145800057023121E-002
   3.5000000000000000       0.85641977496744659       0.92390477996140585       -7.2548636636959554E-002  -5.9857370562933040E-002
   3.6000000000000001       0.84437724847636997       0.91318030749897350       -6.8258705203391376E-002  -5.6162844949956714E-002
   3.7000000000000002       0.83361634706529797       0.90363187246891408       -5.9235278283636061E-002  -4.8267760277323671E-002
   3.8000000000000003       0.82484653738617686       0.89593813915700782       -4.5836420790241979E-002  -3.6663696451506321E-002
   3.9000000000000004       0.81867944345813171       0.89065493644379579       -2.8632920261708997E-002  -2.2041595887528950E-002
   4.0000000000000000       0.81562099078889017       0.88820518959752326       -8.3475322374322921E-003  -5.2127206705379365E-003
   4.1000000000000005       0.81607318492931535       0.88888058464511677        1.4193853700337995E-002   1.2953234024600154E-002
   4.2000000000000002       0.82033928255780164       0.89284763095914821        3.8095777365998056E-002   3.1570767471402923E-002
   4.2999999999999998       0.82862688257502226       0.90015260348606752        6.2412411038880795E-002   4.9764654284684143E-002
   4.4000000000000004       0.84104466408999756       0.91072212370296213        8.6156262402141109E-002   6.6684842695742666E-002
   4.5000000000000000       0.85758982208976708       0.92435821191785073       0.10830219425781358        8.1516699455672470E-002
   4.6000000000000005       0.87812473708022554       0.94072848439319978       0.12779395398153551        9.3493278011875375E-002
   4.7000000000000002       0.90234335926330556       0.95935402541258097       0.14356139941626439       0.10191560691625404     
   4.8000000000000007       0.92973060373629646       0.97959948575061317       0.15455698083436079       0.10618544571850994     
   4.9000000000000004       0.95952202382557839        1.0006719353674598       0.15981898294274960       0.10585229569728745     
   5.0000000000000000       0.99067590791833371        1.0216362662307128       0.15856523184337545       0.10067235843719941     
   5.1000000000000005        1.0218744398394159        1.0414544813021587       0.15031310125424874        9.0671574095507496E-002
   5.2000000000000002        1.0515720071488179        1.0590529660426657       0.13500951284127724        7.6198737810406203E-002
   5.3000000000000007        1.0781035787014939        1.0734153413152725       0.11314074841780661        5.7950288286441609E-002
   5.4000000000000004        1.0998518125149412        1.0836896718034956        8.5782493639884855E-002   3.6948999205150504E-002
   5.5000000000000000        1.1154499156480930        1.0892905306628173        5.4553947379433435E-002   1.4466982942296851E-002
   5.6000000000000005        1.1239762821293409        1.0899727817366758        2.1461343977074714E-002  -8.1018289326620693E-003
   5.7000000000000002        1.1250885947352822        1.0858579300300966       -1.1348304880721255E-002  -2.9398669446684244E-002
   5.8000000000000007        1.1190578261861928        1.0774051649270531       -4.1868151601008576E-002  -4.8255254471676057E-002
   5.9000000000000004        1.1066934732535396        1.0653338799513659       -6.8477235227249425E-002  -6.3815785754782139E-002
   6.0000000000000000        1.0891859105930675        1.0505169043632596       -9.0094446325030678E-002  -7.5602108353824429E-002
   6.1000000000000005        1.0679132758721637        1.0338692678170691      -0.10621806536879173       -8.3512217716550680E-002
   6.2000000000000002        1.0442610240773524        1.0162545902049658      -0.11686449073339883       -8.7758265499289931E-002
   6.3000000000000007        1.0194866841069106       0.99842249110915726      -0.12244274179953661       -8.8764208007086870E-002
   6.4000000000000004       0.99464141714632148       0.98098007792533382      -0.12360600410982468       -8.7050828328886012E-002
   6.5000000000000000       0.97054319929809973       0.96439227881370393      -0.12111273595461756       -8.3134798269330901E-002
   6.6000000000000005       0.94778772872703598       0.94900127316830207      -0.11571607464810717       -7.7460095121491157E-002
   6.7000000000000002       0.92678157112868220       0.93505455713387975      -0.10808796238439665       -7.0368231380304555E-002
   6.8000000000000007       0.90778465335573955       0.92273321490238847       -9.8776322843943651E-002  -6.2102505352299615E-002
   6.9000000000000004       0.89095321796807536       0.91217520559404563       -8.8189684941969618E-002  -5.2834055145207254E-002
   7.0000000000000000       0.87637805250105616       0.90349151940222805       -7.6602589390254466E-002  -4.2695590653169829E-002
   7.1000000000000005       0.86411553070744473       0.89677520162123348       -6.4175585539920060E-002  -3.1811796724507610E-002
   7.2000000000000002       0.85421072029708833       0.89210450799533214       -5.0984659907623235E-002  -2.0320930252597347E-002
   7.3000000000000007       0.84671275799392687       0.88954206833620142       -3.7055980847539124E-002  -8.3869548614652137E-003
   7.4000000000000004       0.84168312700634462       0.88913193734820939       -2.2402701547924574E-002   3.7958904071302966E-003
   7.5000000000000000       0.83919758255154375       0.89089580697815729       -7.0612828375717840E-003   1.6003435407161364E-002
   7.6000000000000005       0.83934236779058324       0.89482872721739681        8.8745186596366505E-003   2.7984058347832238E-002
   7.7000000000000002       0.84220510397759796       0.90089390193522423        2.5223206682897764E-002   3.9460554396369120E-002
   7.8000000000000007       0.84786037283464644       0.90901576458457911        4.1689400242513407E-002   5.0129136724262550E-002
   7.9000000000000004       0.85634961555316269       0.91907052701260195        5.7842699701294520E-002   5.9654580361298122E-002
   8.0000000000000000       0.86765469196449208       0.93087356791052411        7.3102848407158819E-002   6.7662439499244553E-002
   8.0999999999999996       0.88166449607576280       0.94416340183678038        8.6733771884478270E-002   7.3731435477662727E-002
   8.2000000000000011       0.89813472647524695       0.95858276125456554        9.7851065119547595E-002   7.7391147708854580E-002
   8.3000000000000007       0.91664266412052853       0.97365876582741495       0.10544988666250733        7.8131727506403084E-002
   8.4000000000000004       0.93654200544609423       0.98878630193479977       0.10846224895647612        7.5433028842504371E-002
   8.5000000000000000       0.95692753162958288        1.0032213175839821       0.10585287797412564        6.8819493210993787E-002
   8.5999999999999996       0.97662493485896706        1.0160929873768436        9.6758845474804650E-002   5.7943220201374476E-002
   8.7000000000000011       0.99422524026642745        1.0264442506680087        8.0667532796209598E-002   4.2690000139577307E-002
   8.8000000000000007        1.0081819617916199        1.0333073117261011        5.7609298248488976E-002   2.3292076314050773E-002
   8.9000000000000004        1.0169778409906844        1.0358129776260441        2.8319298157554039E-002   4.1993912546794640E-004
   9.0000000000000000        1.0193450923302272        1.0333206611492947       -5.6921036050792424E-003  -2.4780957697395425E-002
   9.0999999999999996        1.0144944099254349        1.0255429623541603       -4.2214258407873545E-002  -5.0738038321366488E-002
   9.2000000000000011        1.0022882345575259        1.0126312605110332       -7.8573329331497382E-002  -7.5595082533151656E-002
   9.3000000000000007       0.98329919875143745       0.99519321138204730      -0.11199026154417656       -9.7433677066752683E-002
   9.4000000000000004       0.95872961477652552       0.97423134952425250      -0.13996774528656480      -0.11452583091976883     
   9.5000000000000000       0.93021698969948985       0.95101746214200600      -0.16060157026512697      -0.12555519951925181     
   9.6000000000000014       0.89958750999187276       0.92693715326940851      -0.17274501115132915      -0.12975272004588723     
   9.7000000000000011       0.86862632695870134       0.90334333346681139      -0.17601319194630555      -0.12692319903994423     
   9.8000000000000007       0.83891252779971859       0.88144690620084931      -0.17066528210423487      -0.11737658442940636     
   9.9000000000000004       0.81173469501146556       0.86225602284231906      -0.15742533768816319      -0.10180247345006738     
   10.000000000000000       0.78807684033276870       0.84656026932978090      -0.13729774847997298       -8.1130784157032010E-002
   10.100000000000001       0.76865178931878653       0.83494718979820126      -0.11141349926151732       -5.6410534886504091E-002
   10.200000000000001       0.75395821987267908       0.82783596982892638       -8.0922300932988786E-002  -2.8722707936949986E-002
   10.300000000000001       0.74434305253697919       0.82551501260597837       -4.6930565821515474E-002   8.7005073750929412E-004
   10.400000000000000       0.74005779673033711       0.82817397806681969       -1.0477572077259752E-002   3.1341947290864251E-002
   10.500000000000000       0.74130299917041964       0.83592455534623444        2.7459892823918464E-002   6.1698984721219360E-002
   10.600000000000001       0.74825825955281677       0.84880679709866103        6.5943180016657776E-002   9.0959040512046549E-002
   10.700000000000001       0.76109656918137281       0.86677921248332779       0.10403460630259677       0.11812540731688388     
   10.800000000000001       0.77998154594012914       0.88969153165678516       0.14075282170089201       0.14216208363049065     
   10.900000000000000       0.80504507951440563       0.91723994749587578       0.17502566565936212       0.16197993770846847     
   11.000000000000000       0.83634158938122027       0.94890668046465387       0.20564663107710632       0.17644449689104455     
   11.100000000000001       0.87377437364169075       0.98388986534462830       0.23124411701348446       0.18441767841800386     
   11.200000000000001       0.91699071665369492        1.0210366118233138       0.25027760035984015       0.18484537271490237     
   11.300000000000001       0.96524754327150974        1.0588010594391375       0.26108084364077500       0.17689738296476923     
   11.400000000000000        1.0172609057038435        1.0952574130916242       0.26197661855986465       0.16015254859362393     
   11.500000000000000        1.0710719366595922        1.1281992817372850       0.25148466643470158       0.13479913441655864     
   11.600000000000001        1.1239863251012248        1.1553433655425684       0.22862664775999308       0.10179446387348950     
   11.700000000000001        1.1726623803976042        1.1746233941794808       0.19329200070665620        6.2912667431997846E-002
   11.800000000000001        1.2134128492746807        1.1845164444771139       0.14657143854738655        2.0623224570440583E-002
   11.900000000000000        1.2427264501896775        1.1843102618656447        9.0917030564708165E-002  -2.2206834778782925E-002
   12.000000000000000        1.2579102703589264        1.1742228328188837        2.9995437766548488E-002  -6.2724397949397187E-002
   12.100000000000001        1.2576543135936953        1.1553323944951037       -3.1803797655525878E-002  -9.8500722625800716E-002
   12.200000000000001        1.2423033423255327        1.1293455594606734       -9.0088721154112816E-002 -0.12782436327314786     
   12.300000000000001        1.2137273777518351        1.0982850649006217      -0.14117898654634076      -0.14980967680032209     
   12.400000000000000        1.1748555220136565        1.0641907126234909      -0.18258220065573652      -0.16432503933267378     
   12.500000000000000        1.1290656924744136        1.0288998151283364      -0.21312512937668274      -0.17180032906464976     
   12.600000000000001        1.0796349506345480       0.99393002759511040      -0.23278501159218348      -0.17299306694058311     
   12.700000000000001        1.0293735330978326       0.96045154286411927      -0.24235625686678067      -0.16877979772031246     
   12.800000000000001       0.98046349881854766       0.92931823809002345      -0.24309088560865516      -0.16000998026297039     
   12.900000000000000       0.93445570223187302       0.90112666539667419      -0.23640164343792025      -0.14743020865492651     
   13.000000000000000       0.89235838156273373       0.87628013502138713      -0.22366023442729649      -0.13166636851351787     
   13.100000000000001       0.85476085074549080       0.85504532905792330      -0.20608488459239827      -0.11324241762711638     
   13.200000000000001       0.82195637817282396       0.83759678085500089      -0.18469496368577584       -9.2614703903592416E-002
   13.300000000000001       0.79404687598539270       0.82404909056158226      -0.16030866558227425       -7.0206445296074019E-002
   13.400000000000000       0.77102431122703952       0.81447865899209393      -0.13356474398601267       -4.6434457815681576E-002
   13.500000000000000       0.75283020442118909       0.80893716478915156      -0.10495571841702492       -2.1726463737393897E-002
   13.600000000000001       0.73939708039879226       0.80745874049533484       -7.4865368063768242E-002   3.4690946584114979E-003
   13.700000000000001       0.73067603536638481       0.81006213492741741       -4.3607112262643910E-002   2.8677657255781246E-002
   13.800000000000001       0.72665385464373511       0.81674827398873762       -1.1462264935581395E-002   5.3394685384438055E-002
   13.900000000000000       0.72736198381358863       0.82749279022869904        2.1281427146699266E-002   7.7081069277276690E-002
   14.000000000000000       0.73287837800901001       0.84223248327657396        5.4289767044621781E-002   9.9156235950926694E-002
   14.100000000000001       0.74332187935724314       0.86084435669590553        8.7139116820259099E-002  0.11898833833591728     
   14.200000000000001       0.75883726175216715       0.88311584253691067       0.11926915707164554       0.13588239153585505     
   14.300000000000001       0.77956739544422826       0.90870519348193812       0.14993108822084555       0.14906947579483243     
   14.400000000000000       0.80560719599709962       0.93709219561269008       0.17813316241163604       0.15770326162068085     
   14.500000000000000       0.83693252297434773       0.96752200464329985       0.20258962861720251       0.16087396303810345     
   14.600000000000001       0.87329701999650655       0.99894974873014786       0.22168631335581379       0.15765352441313385     
   14.700000000000001       0.91409315381360579        1.0300007918790641       0.23348676019760073       0.14718726218141201     
   14.800000000000001       0.95818385601394296        1.0589699899003178       0.23581600003913680       0.12884266247645890     
   14.900000000000000        1.0037321648434572        1.0838890391505640       0.22646914132618107       0.10241135390636813     
   15.000000000000000        1.0480891263916225        1.1026872322361638       0.20358610829393795        6.8333776201699573E-002
   15.100000000000001        1.0878355647758762        1.1134501388079885       0.16619209683796760        2.7883753033513970E-002
   15.200000000000001        1.1190831790851474        1.1147416447989218       0.11481118580202530       -1.6770947207906846E-002
   15.300000000000001        1.1380827553239659        1.1059103149071481        5.1938417814724032E-002  -6.2703295555880612E-002
   15.400000000000000        1.1420419399277748        1.0872782141777040       -1.7914600135343253E-002 -0.10657059528101284     
   15.500000000000000        1.1298801176529880        1.0601341444211225       -8.8792167924754972E-002 -0.14509652188259925     
   15.600000000000001        1.1025833866309647        1.0265223560817780      -0.15439637437867168      -0.17555560558615038     
   15.700000000000001        1.0629733355310562       0.98889648941091979      -0.20932481206272263      -0.19611911092048501     
   15.800000000000001        1.0149955303598008       0.94975084997636050      -0.24996551411805537      -0.20598135607263279     
   15.900000000000000       0.96285117328845560       0.91132778189209607      -0.27478022476514835      -0.20527333863467301     
   16.000000000000000       0.91029441314848825       0.87544982777119174      -0.28403143203474113      -0.19483700725497283     
   16.100000000000001       0.86025238386778702       0.84347338487083923      -0.27921252992723256      -0.17595319346828234     
   16.199999999999999       0.81474868235126174       0.81632955876847402      -0.26244826779771369      -0.15009653603055581     
   16.300000000000001       0.77502079281482694       0.79461073260034809      -0.23602525184224882      -0.11875549823437873     
   16.400000000000002       0.74171778616438500       0.77866922267642247      -0.20209764391483098       -8.3324904923770468E-002
   16.500000000000000       0.71510150562792141       0.76870711471863140      -0.16254423206689081       -4.5060523687595513E-002
   16.600000000000001       0.69521445222666867       0.76484746130057124      -0.11893006105853215       -5.0790433431969189E-003
   16.699999999999999       0.68200480445928580       0.76718405016657265       -7.2529337410859721E-002   3.5612219973990153E-002
   16.800000000000001       0.67541257375856067       0.77581006948297970       -2.4379051190641220E-002   7.6067735967651789E-002
   16.900000000000002       0.67542524230211420       0.79082631392376990        2.4654608986720405E-002  0.11534624891760334     
   17.000000000000000       0.68211072865187927       0.81232824874426512        7.3805610618056544E-002  0.15244879413792414     
   17.100000000000001       0.69563293705059359       0.84036920925960912       0.12233586463095177       0.18625730423330944     
   17.199999999999999       0.71625175577444367       0.87489513698572485       0.16946094439584181       0.21548106006521631     
   17.300000000000001       0.74430555348500615       0.91564575207270282       0.21427217108310134       0.23862334546105884     
   17.400000000000002       0.78016995326506566       0.96201991995261260       0.25565438935823420       0.25398847235415067     
   17.500000000000000       0.82418197555111417        1.0129121185417580       0.29220210882789471       0.25975801010076671     
   17.600000000000001       0.87651421753690717        1.0665453993436997       0.32214369459289932       0.25416934469108410     
   17.699999999999999       0.93698184757386438        1.1203542464504554       0.34329555177717719       0.23581966056715306     
   17.800000000000001        1.0047710040949760        1.1709998853796435       0.35308658852003061       0.20408163871800908     
   17.900000000000002        1.0780996817432957        1.2146084927626901       0.34871464986999862       0.15954888143154841     
   18.000000000000000        1.1538719933632338        1.2472777067682927       0.32750866620391650       0.10435026849570066     
   18.100000000000001        1.2274655752223036        1.2657841642749428       0.28754573003967487        4.2139805980505811E-002
   18.199999999999999        1.2928703800952228        1.2682855929006596       0.22847519282055356       -2.2353258343730267E-002
   18.300000000000001        1.3433942536944641        1.2547448287234146       0.15232325066559532       -8.4138254301739698E-002
   18.400000000000002        1.3729642089397838        1.2268920132038821        6.3872845986483365E-002 -0.13886806868609658     
   18.500000000000000        1.3776826805436624        1.1877510555385908       -2.9777822836902845E-002 -0.18350726431074213     
   18.600000000000001        1.3569760439373282        1.1409450499557312      -0.12053615945390385      -0.21656789944124788     
   18.699999999999999        1.3137415418986556        1.0900425194858621      -0.20105243043460252      -0.23793361075570385     
   18.800000000000001        1.2534200572335710        1.0381157195026733      -0.26612972525228790      -0.24844467775287782     
   18.900000000000002        1.1824985027555259       0.98754779766107914      -0.31328742284978361      -0.24944195964536539     
   19.000000000000000        1.1071224277022600       0.94003207514971965      -0.34247448859873547      -0.24240261735647475     
   19.100000000000001        1.0322420293091881       0.89667777397100268      -0.35530434822103552      -0.22871498223715586     
   19.200000000000003       0.96133780236919963       0.85815119429774689      -0.35422734340383355      -0.20957898821663504     
   19.300000000000001       0.89654433304797998       0.82481009165136188      -0.34188996898624258      -0.18599230193457589     
   19.400000000000002       0.83895371582810008       0.79681351603688511      -0.32074563942368478      -0.15878114836312970     
   19.500000000000000       0.78894424592590273       0.77420413425416024      -0.29287494822911031      -0.12864567914141425     
   19.600000000000001       0.74645852380972710       0.75696660449763886      -0.25994250498943522       -9.6202999412045756E-002
   19.700000000000003       0.71120966892301685       0.74506728683887236      -0.22322702133335853       -6.2021628238514800E-002
   19.800000000000001       0.68282171140952752       0.73848009384403868      -0.18368243867520789       -2.6647608789987381E-002
   19.900000000000002       0.66091949111894510       0.73720201810713504      -0.14200667045200341        9.3747717013178810E-003
   20.000000000000000       0.64518362764041459       0.74126039970275748       -9.8707313823452422E-002   4.5484212538435279E-002
   20.100000000000001       0.63538303458276313       0.75071253249338288       -5.4161201197899654E-002   8.1082594563138932E-002
   20.200000000000003       0.63139378014182457       0.76563681528963379       -8.6686742756650840E-003  0.11551182389834015     
   20.300000000000001       0.63320982785316560       0.78611329901532967        3.7494509462406400E-002  0.14802578399448899     
   20.400000000000002       0.64094845227143604       0.81219011060615742        8.4023670267231163E-002  0.17775700554772125     
   20.500000000000000       0.65485065597041880       0.84383092736579446       0.13052547293305428       0.20367970281988548     
   20.600000000000001       0.67527426824853920       0.88083787475388331       0.17644689233994912       0.22457449626447012     
   20.700000000000003       0.70267402304660243       0.92274503356958781       0.22098779840288843       0.23900633393066342     
   20.800000000000001       0.73755820857162324       0.96868224628702315       0.26299335124744116       0.24533638137317859     
   20.900000000000002       0.78040508103665962        1.0172201551792288       0.30082675964653588       0.24179985891821543     
   21.000000000000000       0.83151467191501816        1.0662282956955977       0.33223376286967538       0.22668987204365926     
   21.100000000000001       0.89076598158460374        1.1128078428770118       0.35423259109176114       0.19868076011510291     
   21.200000000000003       0.95725454390427789        1.1533883237577816       0.36310247382895661       0.15728685677872761     
   21.300000000000001        1.0288187867323610        1.1840765819912344       0.35459850524949282       0.10337358267752263     
   21.400000000000002        1.1015504710626405        1.2012816170253240       0.32456548161035603        3.9537317204393407E-002
   21.500000000000000        1.1695342523838796        1.2025011234016645       0.27008566679577445       -2.9883265673380524E-002
   21.600000000000001        1.2252097233106010        1.1870051581676717       0.19106265727081712       -9.9321063456263584E-002
   21.700000000000003        1.2607014866274830        1.1561128092725603        9.1679722622097615E-002 -0.16294594600898818     
   21.800000000000001        1.2699947674823853        1.1129103848973829       -1.9251975605526009E-002 -0.21575604888667149     
   21.900000000000002        1.2510674538794904        1.0615283973524556      -0.12982660103114538      -0.25438904544640401     
   22.000000000000000        1.2067291019802737        1.0062869388056070      -0.22811670271488796      -0.27740760073575044     
   22.100000000000001        1.1435930234795626       0.95101177092752409      -0.30525934828478724      -0.28508240190905837     
   22.200000000000003        1.0698459276621846       0.89866781787159855      -0.35701756220451197      -0.27888358372558930     
   22.300000000000001       0.99308813750560698       0.85129098366423073      -0.38345509971307756      -0.26091860401273859     
   22.400000000000002       0.91909096334457607       0.81011226552864757      -0.38748580652063397      -0.23347357896981652     
   22.500000000000000       0.85153482257716129       0.77576216522436980      -0.37328570061132255      -0.19871430564970632     
   22.600000000000001       0.79234609720744842       0.74847819230746404      -0.34513731978567597      -0.15853489819468777     
   22.700000000000003       0.74223079900603584       0.72827769949045951      -0.30680934407265636      -0.11451394124366895     
   22.800000000000001       0.70116696500376485       0.71508592111549452      -0.26133806232089279       -6.7936756386073258E-002
   22.900000000000002       0.66877102832220547       0.70882312320715424      -0.21103770717312123       -1.9852517933864024E-002
   23.000000000000000       0.64453810521677746       0.70945926656165625      -0.15761114065139950        2.8853067552170247E-002
   23.100000000000001       0.62798629624762625       0.71704391606485873      -0.10228745875629976        7.7379122697095543E-002
   23.200000000000003       0.61873752873706278       0.73171616372456982       -4.5952923863899389E-002  0.12492819144352749     
   23.300000000000001       0.61656023161276308       0.75369543979422426        1.0735449267361932E-002  0.17062186831807935     
   23.400000000000002       0.62139061336696377       0.78324971876718863        6.7253024306309625E-002  0.21341264148938846     
   23.500000000000000       0.63334218865869307       0.82063293875363208       0.12312189629581537       0.25199350202814469     
   23.600000000000001       0.65270761370039254       0.86597896000490948       0.17782916972811594       0.28471324075106480     
   23.700000000000003       0.67995207693370430       0.91913686411148166       0.23074135923532935       0.30951721822846484     
   23.800000000000001       0.71569240458048111       0.97943607718526382       0.28100730741607544       0.32395164119549930     
   23.900000000000002       0.76064958203044208        1.0453873551163961       0.32744331915820873       0.32529133856796805     
   24.000000000000000       0.81555366117244510        1.1143667468328784       0.36839824039361257       0.31086508456232670     
   24.100000000000001       0.88096908045483824        1.1823975478131832       0.40160633380902683       0.27863264046234332     
   24.200000000000003       0.95699829028792016        1.2442180067110884       0.42405762870025665       0.22797819081651954     
   24.300000000000001        1.0428223319623089        1.2938333755685587       0.43195570153358737       0.16051332538523908     
   24.400000000000002        1.1360715306349394        1.3256076555087519       0.42089307908411011        8.0501684981118315E-002
   24.500000000000000        1.2321241872357078        1.3356371808855625       0.38643321842202516       -5.4938506970343753E-003
   24.600000000000001        1.3236316345414088        1.3228456478854627       0.32527229776392019       -8.9830913381648947E-002
   24.700000000000003        1.4008010123249222        1.2892515184245761       0.23693392010479619      -0.16545514144408591     
   24.800000000000001        1.4529801702692868        1.2392780472774636       0.12544951764455384      -0.22729369770303312     
   24.900000000000002        1.4715261138147075        1.1784935027094230       -5.3619079666101525E-005 -0.27284110407515677     
   25.000000000000000        1.4528521890101036        1.1123730355899835      -0.12681947468146526      -0.30190406722792212     
   25.100000000000001        1.3998768830179495        1.0454863408566402      -0.24176250990158316      -0.31586146603364995     
   25.200000000000003        1.3208815245022691       0.98118861714376049      -0.33494912726804671      -0.31685952458479277     
   25.300000000000001        1.2265486238163015       0.92167576618934743      -0.40145613834014943      -0.30720056729694217     
   25.400000000000002        1.1269572928682019       0.86821612617991173      -0.44109763769743499      -0.28899193671762374     
   25.500000000000000        1.0297992024134071       0.82141985799505468      -0.45684507437291172      -0.26400656266280270     
   25.600000000000001       0.93996215195585142       0.78147470170885258      -0.45306981781813466      -0.23367325254423918     
   25.700000000000003       0.85996197927859019       0.74832558557483697      -0.43426551887516823      -0.19912715109551532     
   25.800000000000001       0.79065752918757681       0.72180063817917683      -0.40436813523056531      -0.16127673746725274     
   25.900000000000002       0.73191233687857205       0.70169506078330346      -0.36652024846210624      -0.12086646702492571     
   26.000000000000000       0.68308383525404137       0.68782505316384512      -0.32308386172294740       -7.8528754487391744E-002
   26.100000000000001       0.64334015604037287       0.68006159988330472      -0.27575856339299137       -3.4826260263342665E-002
   26.200000000000003       0.61184639146397735       0.67835088515190323      -0.22572477821151610        9.7119470061279214E-003
   26.300000000000001       0.58786520610239301       0.68272534702922050      -0.17377612715117927        5.4556337067195808E-002
   26.400000000000002       0.57080663528302888       0.69330704017417710      -0.12042969723755589        9.9141149877246051E-002
   26.500000000000000       0.56025052753521465       0.71030280954217162       -6.6014768908987581E-002  0.14282330239054794     
   26.600000000000001       0.55595615161086109       0.73398841630139733       -1.0745259018657582E-002  0.18483259242516539     
   26.700000000000003       0.55786736317093488       0.76467585243366276        4.5217310758687380E-002  0.22421045048954999     
   26.800000000000001       0.56611767137992552       0.80265443319143126       0.10170297441782547       0.25973632516376444     
   26.900000000000002       0.58103658436407912       0.84809209308183253       0.15846668397532768       0.28984532710766919     
   27.000000000000000       0.60315575164828150       0.90087993352109885       0.21510687655407990       0.31255041384962828     
   27.100000000000001       0.63320957662541022       0.96040408844426384       0.27095866940608659       0.32540016884947520     
   27.200000000000003       0.67211876052060915        1.0252419209566430       0.32494958325189960       0.32553065264439612     
   27.300000000000001       0.72093482987741941        1.0928162643754420       0.37540608961046928       0.30990129200671279     
   27.400000000000002       0.78070713665384661        1.1591123421889389       0.41980627872199272       0.27581745609799790     
   27.500000000000000       0.85221090297778035        1.2186570383474042       0.45449759043201021       0.22178833190845285     
   27.600000000000001       0.93545296896221897        1.2650167087047706       0.47445660578983168       0.14859386611047512     
   27.700000000000003        1.0288789246487471        1.2919650192513441       0.47328187319627185        6.0155352460539567E-002
   27.800000000000001        1.1283077917684003        1.2951191701797879       0.44377766525349199       -3.6391236002847889E-002
   27.900000000000002        1.2259159869889691        1.2733887578357737       0.37959987190896105      -0.13182521201960246     
   28.000000000000000        1.3100874979215325        1.2294487218793859       0.27818296930217351      -0.21692100986167639     
   28.100000000000001        1.3672572697325160        1.1689243928779525       0.14415744364065805      -0.28456296028728856     
   28.200000000000003        1.3861210421071137        1.0987415969955616       -9.0082494214154610E-003 -0.33094770332790530     
   28.300000000000001        1.3624532170905570        1.0254812985762563      -0.16156927114644318      -0.35555823162490646     
   28.400000000000002        1.3011944449088246       0.95434484289042343      -0.29391147576790710      -0.36028097350460242     
   28.500000000000000        1.2140934439065685       0.88884027794971632      -0.39287473912156595      -0.34827787460814880     
   28.600000000000001        1.1148073509363565       0.83096633135026188      -0.45414606876813296      -0.32305262108685956     
   28.700000000000003        1.0147944933496400       0.78160669459182341      -0.48050223495018413      -0.28786617728892516     
   28.800000000000001       0.92162623281902079       0.74093514609436140      -0.47837505944981257      -0.24546594855756373     
   28.900000000000002       0.83924634256482522       0.70874105693577116      -0.45496400619160227      -0.19802537475776177     
   29.000000000000000       0.76903326002914441       0.68465740332199154      -0.41663705354241071      -0.14719704064394529     
   29.100000000000001       0.71087092872449775       0.66830640928387230      -0.36837880065272666       -9.4213211788761145E-002
   29.200000000000003       0.66393087346688373       0.65938623270803609      -0.31381340120671836       -3.9997353848976014E-002
   29.300000000000001       0.62715331801921748       0.65771929069010371      -0.25545003726976484        1.4729092272497878E-002
   29.400000000000002       0.59950908183705498       0.66327668099000614      -0.19496516361440638        6.9348162813421044E-002
   29.500000000000000       0.58012669103163494       0.67618690567891393      -0.13344778310005354       0.12325211421773749     
   29.600000000000001       0.56834569110245237       0.69673143820624994       -7.1590665563715294E-002  0.17574961294623967     
   29.700000000000003       0.56373395342463073       0.72532418311759606       -9.8334411370657720E-003  0.22596487936646115     
   29.800000000000001       0.56609030911743508       0.76246578997816594        5.1529596254583018E-002  0.27272484658300045     
   29.900000000000002       0.57544352546824529       0.80865650229610042       0.11226350966897429       0.31443442047170461     
   30.000000000000000       0.59205230206245407       0.86424313731598934       0.17211610878088024       0.34895119307238337     
   30.100000000000001       0.61640655974456404       0.92916994239017403       0.23073898350352376       0.37349248749491432     
   30.200000000000003       0.64922607928844389        1.0026080068316723       0.28759427984471769       0.38464261139382955     
   30.300000000000001       0.69144681363510874        1.0824706377733233       0.34183438235924818       0.37857249172285284     
   30.400000000000002       0.74417598925982908        1.1649055023816377       0.39214111327912798       0.35161224488695758     
   30.500000000000000       0.80858220941770342        1.2439956772330096       0.43651397729529090       0.30126854819447657     
   30.600000000000001       0.88566473457246908        1.3120412265458383       0.47201035193791135       0.22757063621506721     
   30.700000000000003       0.97582021859954826        1.3607575596966615       0.49447782956935793       0.13425649260453079     
   30.800000000000001        1.0781135518858740        1.3833195472837878       0.49840056554214590        2.9008662520718563E-002
   30.900000000000002        1.1892133119425252        1.3764931377183851       0.47712228462287060       -7.7839671524481957E-002
   31.000000000000000        1.3021678954343285        1.3417140588978231       0.42386872131517572      -0.17583067420772777     
   31.100000000000001        1.4056579692857747        1.2844668176661937       0.33397836933587088      -0.25693823040524366     
   31.200000000000003        1.4848912939354688        1.2123874663525183       0.20817727092705762      -0.31693269458428108     
   31.300000000000001        1.5251597260743053        1.1331769539112853        5.5414818216720903E-002 -0.35521816904855058     
   31.400000000000002        1.5173594718301604        1.0531912711005245      -0.10732209305020543      -0.37370143435312997     
   31.500000000000000        1.4622853427232005       0.97692139296284664      -0.25961504506032951      -0.37548621430565632     
   31.600000000000001        1.3703704614151857       0.90711130632648551      -0.38443658939227116      -0.36388950137969661     
   31.700000000000003        1.2570309356965903       0.84516166588362507      -0.47281019975948740      -0.34189704403847132     
   31.800000000000001        1.1371133655089916       0.79157131175982975      -0.52404739771307318      -0.31196127578698313     
   31.900000000000002        1.0215443452195196       0.74630220397536962      -0.54292022096227788      -0.27599690276396943     
   32.000000000000000       0.91669143838202782       0.70904113014929016      -0.53635959734783900      -0.23546170955576712     
   32.100000000000001       0.82529555577015179       0.67937150820126835      -0.51118925327401510      -0.19145786147935567     
   32.200000000000003       0.74778634088299978       0.65687961920978144      -0.47307613734685861      -0.14482515960507053     
   32.300000000000004       0.68337157208388666       0.64121775324006081      -0.42629198714663508       -9.6218309221812334E-002
   32.399999999999999       0.63075697529190711       0.63214099673247826      -0.37386059032230151       -4.6169532734147770E-002
   32.500000000000000       0.58855796633318314       0.62952866295617615      -0.31782438513369554        4.8590104954773349E-003
   32.600000000000001       0.55550785662974045       0.63339689352830197      -0.25950556737701175        5.6427862658507986E-002
   32.700000000000003       0.53054858646043146       0.64390565487764218      -0.19971938718426843       0.10807270406403995     
   32.800000000000004       0.51286080346257445       0.66136059188881269      -0.13893525738839763       0.15925105549136123     
   32.899999999999999       0.50186682691480722       0.68620722532676592       -7.7395076688912032E-002  0.20927722070223442     
   33.000000000000000       0.49722499473597409       0.71901103584221626       -1.5201313467186119E-002  0.25723899668431177     
   33.100000000000001       0.49882510270391900       0.76041129340446423        4.7613127488087922E-002  0.30189006931740420     
   33.200000000000003       0.50678972144813661       0.81102840178153701       0.11102231573932056       0.34151515787168446     
   33.300000000000004       0.52148325727759881       0.87129421128510454       0.17494140133034547       0.37377483112692106     
   33.399999999999999       0.54352828780061169       0.94116530030767820       0.23914588358825345       0.39556027163472995     
   33.500000000000000       0.57382557137111401        1.0196809152681345       0.30316193436506927       0.40293372116530662     
   33.600000000000001       0.61356836835705419        1.1043635252396085       0.36610948905653301       0.39130097494768440     
   33.700000000000003       0.66423046161009891        1.1905679567402221       0.42647508930352285       0.35603411293676984     
   33.800000000000004       0.72748612896102149        1.2710887459091784       0.48179018463803519       0.29374845516662018     
   33.899999999999999       0.80498396031898645        1.3365610999768032       0.52820406840171386       0.20417937425067989     
   34.000000000000000       0.89784366332241072        1.3771652242675951       0.55999513203603868        9.2012603915705024E-002
   34.100000000000001        1.0056969832442835        1.3855093106613756       0.56920824689023808       -3.2586899677205280E-002
   34.200000000000003        1.1251368955562018        1.3594550323891632       0.54589351813220177      -0.15580257674039064     
   34.300000000000004        1.2477770074269938        1.3031164969239633       0.47979911277086196      -0.26395160355569280     
   34.399999999999999        1.3589887903035995        1.2252852107475163       0.36439418748626873      -0.34723267172806116     
   34.500000000000000        1.4394643613439080        1.1363427435858457       0.20276383743339751      -0.40146488698213956     
   34.600000000000001        1.4713159268855802        1.0454830572550458        1.1835750185222219E-002 -0.42746480597930347     
   34.700000000000003        1.4465937751264613       0.95930517481494060      -0.18038382553962065      -0.42914388018166816     
   34.800000000000004        1.3717870180117575       0.88170409527038518      -0.34531603042748255      -0.41158380365374109     
   34.899999999999999        1.2641039210380927       0.81445545172233991      -0.46476748060428508      -0.37973112346088461     
   35.000000000000000        1.1430415259650408       0.75795568560654980      -0.53451918467213266      -0.33776257132366044     
   35.100000000000001        1.0238479952892134       0.71184255014968889      -0.56052239167472218      -0.28891508588672299     
   35.200000000000003       0.91553577563067634       0.67542456015824315      -0.55293251515130526      -0.23555904260928609     
   35.300000000000004       0.82196315128748154       0.64794399504456690      -0.52184764864905742      -0.17936409158410360     
   35.399999999999999       0.74376837613931557       0.62872333381440770      -0.47543466987122113      -0.12147807668475133     
   35.500000000000000       0.67997411785005502       0.61723986657405183      -0.41960577677044986       -6.2686540486595430E-002
   35.600000000000001       0.62899997357598980       0.61316019281156375      -0.35835819175179806       -3.5456172900238795E-003
   35.700000000000003       0.58920272609301416       0.61635421499577914      -0.29426667048356553        5.5507283032255099E-002
   35.800000000000004       0.55912475125892369       0.62689912062793729      -0.22892138764622488       0.11405607249923565     
   35.899999999999999       0.53758659545082499       0.64507714737300759      -0.16325935701774696       0.17161148081857677     
   36.000000000000000       0.52370613295132062       0.67136529095093789       -9.7797917595859221E-002  0.22750880816808022     
   36.100000000000001       0.51688886341145601       0.70640903564770530       -3.2794805534288152E-002  0.28078792747063969     
   36.200000000000003       0.51681165234249171       0.75096418896501327        3.1641002348060075E-002  0.33004819041789996     
   36.300000000000004       0.52341026543804237       0.80577990492654927        9.5467890135865652E-002  0.37327855852453806     
   36.399999999999999       0.53687484908301919       0.87138258133057167       0.15864381805128561       0.40768147713608111     
   36.500000000000000       0.55765401975522177       0.94771006712505734       0.22105841549867869       0.42954577064334182     
   36.600000000000001       0.58646536855642084        1.0335551582664311       0.28245110253431610       0.43428577533416834     
   36.700000000000003       0.62430615236089226        1.1258409231496393       0.34229910394893476       0.41684183108041822     
   36.800000000000004       0.67245051796379729        1.2189124460667564       0.39965531761439460       0.37267516756370112     
   36.899999999999999       0.73240557360140945        1.3042902472107880       0.45291244098157524       0.29945586075243158     
   37.000000000000000       0.80577355779959026        1.3715255359944944       0.49947208799284243       0.19908552228778728     
   37.100000000000001       0.89392734515726624        1.4105407223929480       0.53531949295533088        7.9014064102188558E-002
   37.200000000000003       0.99735625367230063        1.4148683599101801       0.55457472306264399       -4.8452004973661443E-002
   37.300000000000004        1.1145154507667920        1.3840996850371647       0.54925745507376744      -0.16920859550894388     
   37.399999999999999        1.2401301324302416        1.3239379000210241       0.50979842334352843      -0.27137103593554585     
   37.500000000000000        1.3633838485008352        1.2438626201188370       0.42713885516773020      -0.34801982365813661     
   37.600000000000001        1.4673869964361301        1.1539899120034200       0.29704017633442809      -0.39753984125070863     
   37.700000000000003        1.5321173769236522        1.0627629234897680       0.12556490785245764      -0.42215289907455061     
   37.800000000000004        1.5416886216411065       0.97604071953333760       -6.8186885894496826E-002 -0.42596535391245971     
   37.899999999999999        1.4924025377138563       0.89723902187029403      -0.25651203352685087      -0.41345118581028395     
   38.000000000000000        1.3950598129751595       0.82793510253860991      -0.41365571205275087      -0.38861579265609636     
   38.100000000000001        1.2692694149610761       0.76852161708648814      -0.52493138902347558      -0.35469304245066730     
   38.200000000000003        1.1347909264718772       0.71872809037037522      -0.58846320889423398      -0.31414251633089929     
   38.300000000000004        1.0059598482476075       0.67797730187624883      -0.61092264428782628      -0.26877085159743003     
   38.400000000000006       0.89063796231711567       0.64560579912412464      -0.60212028553778829      -0.21987991225869441     
   38.500000000000000       0.79173542376588069       0.62099075923740521      -0.57142603833982297      -0.16840071176462013     
   38.600000000000001       0.70922481963477013       0.60361901553462149      -0.52629605170276805      -0.11500216488718529     
   38.700000000000003       0.64168782438908223       0.59312335914186243      -0.47208919197351068       -6.0176630757713442E-002
   38.800000000000004       0.58725149863483372       0.58930191939100240      -0.41241227444076617       -4.3083833049469989E-003
   38.900000000000006       0.54407041535354539       0.59212981881396465      -0.34957356599564671        5.2268042731068338E-002
   39.000000000000000       0.51053743972914967       0.60176794850745285      -0.28497802655004445       0.10921259951721689     
   39.100000000000001       0.48535333128624636       0.61857058684813848      -0.21942515171120611       0.16612014624290711     
   39.200000000000003       0.46753203876617672       0.64309053558932217      -0.15331905728541481       0.22244813291629201     
   39.300000000000004       0.45638262162134113       0.67607631333971951       -8.6813016157172712E-002  0.27742161209347155     
   39.400000000000006       0.45148810428719083       0.71844942078369822       -1.9909988718359257E-002  0.32990407096161040     
   39.500000000000000       0.45269078695517051       0.77123912201136191        4.7463236677295489E-002  0.37822260911283229     
   39.600000000000001       0.46008828184960843       0.83543586210703880       0.11539414370422017       0.41994197419697765     
   39.700000000000003       0.47404204014363677       0.91170252193991774       0.18392245414165778       0.45160338223429480     
   39.800000000000004       0.49519857166637682       0.99986302873109889       0.25296520295266745       0.46849764685325179     
   39.900000000000006       0.52452144936709943        1.0980984819804271       0.32221326380167681       0.46464816071686066     
   40.000000000000000       0.56332767823670971        1.2018868432187459       0.39097786914949595       0.43333551813526699     
   40.100000000000001       0.61331195931603355        1.3030157418163353       0.45795709345744451       0.36860566653812615     
   40.200000000000003       0.67652118100509273        1.3894796863718366       0.52088341202849386       0.26798442000421185     
   40.300000000000004       0.75520013833207800        1.4473675276023446       0.57601412003734465       0.13571025088733654     
   40.400000000000006       0.85135814059357240        1.4651080562022205       0.61746448160601075       -1.5575903439703501E-002
   40.500000000000000       0.96581025347503235        1.4383539533750402       0.63652260799442706      -0.16700593871992414     
   40.600000000000001        1.0964010701210933        1.3721789772437971       0.62143110045539529      -0.29941068523381931     
   40.700000000000003        1.2353769713725606        1.2787747393427034       0.55872626784747048      -0.39948227921384227     
   40.800000000000004        1.3669034307956867        1.1724491585190053       0.43769050067469795      -0.46241275147769728     
   40.900000000000006        1.4675859522891468        1.0653135776791116       0.25831510691053233      -0.49049034244374845     
   41.000000000000000        1.5134205792041227       0.96542893109499250        3.8745184144234036E-002 -0.48985483441308092     
   41.100000000000001        1.4918127100688574       0.87701314849446377      -0.18628605594282005      -0.46761123730865878     
   41.200000000000003        1.4093905947060117       0.80153901200055833      -0.37946439908527990      -0.43014839559602636     
   41.300000000000004        1.2877203878526027       0.73887040927798264      -0.51714888635888534      -0.38250848315429009     
   41.400000000000006        1.1513964472675402       0.68810157525586790      -0.59480899459328962      -0.32836445299393135     
   41.500000000000000        1.0189279209120219       0.64807595702166987      -0.62121209359953888      -0.27024872540963085     
   41.600000000000001       0.90045424882964165       0.61766925024309283      -0.60982612551484927      -0.20983535212517429     
   41.700000000000003       0.79966215405932206       0.59592662690052844      -0.57322823785480714      -0.14819290330649287     
   41.800000000000004       0.71653131186840036       0.58211965993943748      -0.52104523068159869       -8.5985877090610341E-002
   41.900000000000006       0.64938492312082541       0.57576382347750066      -0.45989628522749160       -2.3628385277666114E-002
   42.000000000000000       0.59606672898558111       0.57661972811862616      -0.39403707629524243        3.8597275603831777E-002
   42.100000000000001       0.55450633966259100       0.58468985553000741      -0.32606807015086042       0.10044284265791507     
   42.200000000000003       0.52294280213125466       0.60021530358645492      -0.25749854645437331       0.16160325038485460     
   42.300000000000004       0.49998290841848470       0.62367175674985809      -0.18914324387970050       0.22161944587786156     
   42.400000000000006       0.48459070965244755       0.65575857049391617      -0.12138559322447166       0.27976172486113077     
   42.500000000000000       0.47605576061701355       0.69736756893231477       -5.4348393242805923E-002  0.33488107948033402     
   42.600000000000001       0.47396169312657049       0.74950692100830729        1.1994739732291929E-002  0.38521964279800991     
   42.700000000000003       0.47816410820183292       0.81313880086720058        7.7742665671489866E-002  0.42818322588253421     
   42.800000000000004       0.48878101416478548       0.88886891622992092       0.14300666759276498       0.46010893926025703     
   42.900000000000006       0.50619640261917342       0.97641227846803669       0.20785221786977257       0.47612305959354839     
   43.000000000000000       0.53107584192573176        1.0737850484257663       0.27222791212017844       0.47028833717033591     
   43.100000000000001       0.56439046350594646        1.1763010111105785       0.33586415896580718       0.43635954902494545     
   43.200000000000003       0.60744037411220098        1.2757526593336832       0.39811877560960685       0.36947585666569110     
   43.300000000000004       0.66185710504842710        1.3605713122052667       0.45773946771674490       0.26875938333670868     
   43.400000000000006       0.72954179030647692        1.4178707690367442       0.51250761825017499       0.13987989155364675     
   43.500000000000000       0.81245348210411961        1.4374001335013391       0.55873435990267761       -4.3122437279489688E-003
   43.600000000000001       0.91209414311349946        1.4156269966432258       0.59062670657323113      -0.14658525190121113     
   43.700000000000003        1.0284582566437153        1.3572224720410224       0.59969003765259377      -0.27065694894933839     
   43.800000000000004        1.1582172192786788        1.2728536321105679       0.57467600690145615      -0.36588384581579581     
   43.900000000000006        1.2922529357261343        1.1749996905882807       0.50313359619376319      -0.42875532216902623     
   44.000000000000000        1.4137354663457957        1.0744339082490213       0.37591697021535420      -0.46135838541991431     
   44.100000000000001        1.4995666376488568       0.97865175946527327       0.19464971996380689      -0.46870228886920545     
   44.200000000000003        1.5279071701608091       0.89192585727496643       -2.2006226197573572E-002 -0.45649058020091965     
   44.300000000000004        1.4894272231854890       0.81611098460322740      -0.24081737116730831      -0.42986195320092485     
   44.400000000000006        1.3933128758981224       0.75154255868999686      -0.42727249823974783      -0.39292596440572242     
   44.500000000000000        1.2618922060224198       0.69774302915374797      -0.56000859310404871      -0.34874783421048050     
   44.600000000000001        1.1191381848037993       0.65388820786384394      -0.63523294445053058      -0.29951691202469760     
   44.700000000000003       0.98251071038480786       0.61908149935966250      -0.66127113685297634      -0.24675302602983978     
   44.800000000000004       0.86125252038530009       0.59250149043404765      -0.65075870319682894      -0.19148999595114199     
   44.900000000000006       0.75844255348165479       0.57347544034755737      -0.61553730574132159      -0.13442103361262522     
   45.000000000000000       0.67368419396498369       0.56151332813232568      -0.56473137797016471       -7.6009368948097109E-002
   45.100000000000001       0.60507016041261485       0.55632329624019505      -0.50465838377479499       -1.6572832540589683E-002
   45.200000000000003       0.55029711445252660       0.55782033874196957      -0.43940278939445832        4.3648199812189585E-002
   45.300000000000004       0.50719384426618230       0.56613457749521146      -0.37146657273133210       0.10443044480316457     
   45.400000000000006       0.47392418991568153       0.58162199592886077      -0.30229624057930493       0.16550582969091665     
   45.500000000000000       0.44903390422619838       0.60487765679639838      -0.23265866089003853       0.22648797034158522     
   45.600000000000001       0.43143358526889714       0.63674777329970256      -0.16289368238476795       0.28677469752113460     
   45.700000000000003       0.42036295392907513       0.67833083592014942       -9.3080028339665971E-002  0.34541110074608677     
   45.800000000000004       0.41535703625253456       0.73094697912941509       -2.3145086634164272E-002  0.40089433823603676     
   45.900000000000006       0.41622294307585805       0.79603560436687171        4.7058603151717643E-002  0.45090180748707248     
   46.000000000000000       0.42303072803635261       0.87491059965144913       0.11769331777323035       0.49193783351569220     
   46.100000000000001       0.43611971862206583       0.96826196967921896       0.18887895880103744       0.51894213413200874     
   46.200000000000003       0.45612075358808407        1.0752644100832518       0.26062544497323398       0.52502263277793459     
   46.300000000000004       0.48399350056889173        1.1922120671499097       0.33273861624495976       0.50170047249944005     
   46.400000000000006       0.52107476079349746        1.3109018651520263       0.40467696429263539       0.44033224556683376     
   46.500000000000000       0.56912535155759481        1.4176871198352845       0.47532561219151304       0.33536431488308749     
   46.600000000000001       0.63034392744484713        1.4949304784495194       0.54264019184097567       0.18906620902594112     
   46.700000000000003       0.70727547467522200        1.5261934960514214       0.60310449332817129        1.5122023968271833E-002
   46.800000000000004       0.80246514481928899        1.5035413081173199       0.65096748894405831      -0.16300132603509077     
   46.900000000000006       0.91758665217421509        1.4318533822705586       0.67734385523796725      -0.32001390159832288     
   47.000000000000000        1.0516597621310801        1.3263137930876718       0.66961141490390319      -0.43811987727485840     
   47.100000000000001        1.1981093939069671        1.2052787779659848       0.61226396339118960      -0.51122881928489439     
   47.200000000000003        1.3414017495201895        1.0840054927002745       0.49122414551131971      -0.54285957689288356     
   47.300000000000004        1.4562993232816783       0.97215932726395304       0.30296732894183187      -0.54133878140730973     
   47.400000000000006        1.5145113355034516       0.87434602523047866        6.4832760809961310E-002 -0.51578854048663414     
   47.500000000000000        1.4989480634538572       0.79177385393367639      -0.18427005628352039      -0.47402261759380288     
   47.600000000000001        1.4148945124265093       0.72381377274543968      -0.39978169196571478      -0.42192705463123009     
   47.700000000000003        1.2863657769065748       0.66906295020161677      -0.55267279278344272      -0.36359814849281685     
   47.800000000000004        1.1416443620264467       0.62594800410227402      -0.63744087358148904      -0.30173317082927942     
   47.900000000000006        1.0017655814034381       0.59302096927729786      -0.66489629040161380      -0.23802816256175602     
   48.000000000000000       0.87777524403092411       0.56908313200720073      -0.65115978596527191      -0.17349991469594478     
   48.100000000000001       0.77327105072639646       0.55322321370969774      -0.61080867826264040      -0.10872443010445101     
   48.200000000000003       0.68778503649799194       0.54481810086258142      -0.55463317719923155       -4.4008359793736365E-002
   48.300000000000004       0.61917111310166251       0.54352136490843184      -0.48980660570114137        2.0486094879754089E-002
   48.400000000000006       0.56489670778015111       0.54925184113978676      -0.42078438591475908        8.4643937664205915E-002
   48.500000000000000       0.52261987989901093       0.56218707673519042      -0.35018742570423694       0.14831133177074704     
   48.600000000000001       0.49039144628176667       0.58276162520442298      -0.27946552072168657       0.21120583734434020     
   48.700000000000003       0.46668754531804268       0.61166577739067407      -0.20934404788102379       0.27280821308170450     
   48.800000000000004       0.45037801455618653       0.64983431329464358      -0.14010943413791097       0.33222043404589047     
   48.900000000000006       0.44067933870082365       0.69840489818083218       -7.1787486573993808E-002  0.38797498522896012     
   49.000000000000000       0.43711275611362010       0.75860919881398625       -4.2551398944817255E-003  0.43778630066562285     
   49.100000000000001       0.43947526790971431       0.83153500631099131        6.2686207154489762E-002  0.47825557700441618     
   49.200000000000003       0.44782593424930800       0.91766889108739624       0.12925589395732967       0.50459165564026154     
   49.300000000000004       0.46248781396280070        1.0161188665453900       0.19564210370738980       0.51051537305592409     
   49.400000000000006       0.48406495440097441        1.1234872415308010       0.26193789420083807       0.48867905179540333     
   49.500000000000000       0.51347239581472170        1.2326242184578888       0.32804757331659368       0.43207920743428496     
   49.600000000000001       0.55197344070049548        1.3320092365630705       0.39354011493817703       0.33679836485919529     
   49.700000000000003       0.60120952050603504        1.4070055778662567       0.45741764449771088       0.20555721328292328     
   49.800000000000004       0.66318846551953836        1.4438247385973439       0.51775682998697548        5.0043660102803394E-002
   49.900000000000006       0.74015751252448725        1.4349823266887669       0.57117639374035556      -0.11066800695221558     
   50.000000000000000       0.83421574687678257        1.3827643853795590       0.61210937957485168      -0.25604805041467038     
   50.100000000000001       0.94641532316518051        1.2979763760900860       0.63197795365684262      -0.37094020839654929     
   50.200000000000003        1.0750218128895921        1.1950691994705398       0.61870405705494114      -0.44894864010684282     
   50.300000000000004        1.2127930295254457        1.0872277802608292       0.55765719707965200      -0.49135642771986521     
   50.400000000000006        1.3441133901366431       0.98382295498195194       0.43585735177142598      -0.50380208195510268     
   50.500000000000000        1.4448728006149096       0.89019728149580424       0.25050166907268867      -0.49319089776155767     
   50.600000000000001        1.4891795712195954       0.80862347494628728        1.8298909216694685E-002 -0.46586120759869926     
   50.700000000000003        1.4624798063260389       0.73946033404438283      -0.22408202827532464      -0.42687536019688116     
   50.800000000000004        1.3712201131538593       0.68206835166123403      -0.43454946377388715      -0.37996186544233296     
   50.900000000000006        1.2389500982798605       0.63540600122481106      -0.58509403770034962      -0.32772774229924539     
   51.000000000000000        1.0927924615050457       0.59836750735085686      -0.66969879774090357      -0.27193170290464747     
   51.100000000000001       0.95273938580074058       0.56995193535619826      -0.69812604307636761      -0.21372687960636186     
   51.200000000000003       0.82914556219599422       0.54933960988705022      -0.68564005252718208      -0.15384766294623400     
   51.300000000000004       0.72521285102999422       0.53592328419774904      -0.64631655824388579       -9.2746748270648730E-002
   51.400000000000006       0.64026348136081346       0.52931923283529059      -0.59070856621202028       -3.0695980894447760E-002
   51.500000000000000       0.57204343255248069       0.52937196411149345      -0.52589680768766489        3.2136561541141424E-002
   51.600000000000001       0.51796366569444530       0.53616020616642501      -0.45630758988013786        9.5622176413802884E-002
   51.700000000000003       0.47565079649148212       0.55000805179603252      -0.38455383237171925       0.15960922053297300     
   51.800000000000004       0.44313621071572878       0.57150241762264498      -0.31208045447637262       0.22385159523794967     
   51.900000000000006       0.41888223766347216       0.60151496555938733      -0.23960554964857278       0.28791446626525380     
   52.000000000000000       0.40174720655106039       0.64122149071376822      -0.16740602613159203       0.35103947998906498     
   52.100000000000001       0.39093651174294342       0.69210179497891922       -9.5498499278696872E-002  0.41194611188720626     
   52.200000000000003       0.38595963054712223       0.75588406433026656       -2.3754436807923413E-002  0.46854110421880180     
   52.300000000000004       0.38660073030243852       0.83436387518065569        4.8023230563279354E-002  0.51751222013020193     
   52.400000000000006       0.39290550092416804       0.92897458168146396       0.12004312786580698       0.55381694618360777     
   52.500000000000000       0.40518514709907361        1.0399234044853181       0.19247370423401644       0.57018636499217656     
   52.600000000000001       0.42403798050615982        1.1647001172446345       0.26538332942055415       0.55701683078933972     
   52.700000000000003       0.45038842447171107        1.2959972474768446       0.33865602186015620       0.50343536642548525     
   52.800000000000004       0.48554093394310238        1.4198518247889926       0.41185944825129944       0.40061309438993897     
   52.900000000000006       0.53123951245112044        1.5161089107916295       0.48402969631948611       0.24762315215268299     
   53.000000000000000       0.58970653855344102        1.5636950442004620       0.55332119841936100        5.7271353957102047E-002
   53.100000000000001       0.66359688502065839        1.5500273200096588       0.61645624040627789      -0.14385282876943650     
   53.200000000000003       0.75572768356698006        1.4781900991012660       0.66791821629592507      -0.32449334956430770     
   53.300000000000004       0.86831455629916443        1.3652357182208066       0.69892901514437644      -0.46150559681818187     
   53.400000000000006        1.0012911261629784        1.2332044164199116       0.69657681028008578      -0.54652739702805930     
   53.500000000000000        1.1493192755413990        1.1005771248337637       0.64421838974078993      -0.58367121607594818     
   53.600000000000001        1.2979259598899384       0.97881992402831519       0.52538248482390415      -0.58314989973523379     
   53.700000000000003        1.4216323737821934       0.87310950668290932       0.33334106196114754      -0.55598718039628214     
   53.800000000000004        1.4896450344989036       0.78453499576911401        8.3616807129672510E-002 -0.51139128190312966     
   53.900000000000006        1.4810725045976092       0.71208390099611030      -0.18265377780075623      -0.45610022082496593     
   54.000000000000000        1.3989780758461290       0.65393762685834400      -0.41516647490988368      -0.39465717305432008     
   54.100000000000001        1.2683079539341215       0.60816980421099232      -0.57985083490117417      -0.32995231171287775     
   54.200000000000003        1.1198605776096870       0.57306067712134690      -0.66992433611696744      -0.26373557762707023     
   54.300000000000004       0.97658907073013956       0.54720709008864699      -0.69779273923909191      -0.19700844764942757     
   54.400000000000006       0.85026022811300217       0.52954220645798289      -0.68180462066558933      -0.13029686912106003     
   54.500000000000000       0.74443937870891319       0.51932138651179638      -0.63819679482745650       -6.3837947682553020E-002
   54.600000000000001       0.65836479939597192       0.51609965995588569      -0.57869198990362791        2.2893927284182670E-003
   54.700000000000003       0.58958598129200934       0.51971265097270047      -0.51088347916269827        6.8067115988773269E-002
   54.800000000000004       0.53533382637026061       0.53026575021188005      -0.43935969936450120       0.13345607222487540     
   54.900000000000006       0.49310207819660784       0.54813200191273259      -0.36673608594765672       0.19831349254083303     
   55.000000000000000       0.46083216358464552       0.57395564279054456      -0.29439953189470403       0.26229460340143301     
   55.100000000000001       0.43692701107046478       0.60865353864760252      -0.22299420051924093       0.32472180640684234     
   55.200000000000003       0.42020471118938202       0.65339855462435781      -0.15272335896378958       0.38440328732903545     
   55.300000000000004       0.40984110438021765       0.70955412913394200       -8.3532687728675920E-002  0.43938416848126666     
   55.400000000000006       0.40532089389874398       0.77850468216527524       -1.5221730386630548E-002  0.48662491196393654     
   55.500000000000000       0.40640401824261152       0.86129137307892778        5.2485240513420857E-002  0.52163923060868422     
   55.600000000000001       0.41310899011872954       0.95792934083460513       0.11988760747766260       0.53821405875154538     
   55.700000000000003       0.42571329579999923        1.0662989800453164       0.18725987929858354       0.52850584498556163     
   55.800000000000004       0.44477050487355874        1.1806835530688378       0.25479133252763619       0.48403804399438527     
   55.900000000000006       0.47114300784617569        1.2905195747091478       0.32249672980317207       0.39820596225265237     
   56.000000000000000       0.50604670414256436        1.3806704008489392       0.39007551149592556       0.27030902665292883     
   56.100000000000001       0.55109693085055367        1.4347331018114047       0.45668756686064338       0.10944013332741595     
   56.200000000000003       0.60832840206805716        1.4411732259372299       0.52060042926798211       -6.5188812370751748E-002
   56.300000000000004       0.68012608294507515        1.3988213282392368       0.57865004135807663      -0.22971293455206640     
   56.400000000000006       0.76893351615730354        1.3173721021951164       0.62546642820154141      -0.36420446557336467     
   56.500000000000000       0.87648874345226591        1.2125055350008580       0.65250881935140947      -0.45849717422194852     
   56.600000000000001        1.0022103379560976        1.0996544103128030       0.64726816987784463      -0.51226039539157153     
   56.700000000000003        1.1404213721331027       0.99020411792600493       0.59371295271271984      -0.53131214450124631     
   56.800000000000004        1.2769112481542613       0.89076815106737983       0.47606394567788313      -0.52360729712060117     
   56.900000000000006        1.3875344714621871       0.80420036842068021       0.28785676265425630      -0.49668174227975298     
   57.000000000000000        1.4437960701043833       0.73099302392889121        4.3707065629374001E-002 -0.45659678304714402     
   57.100000000000001        1.4268985703041495       0.67040972266810273      -0.21728733725477462      -0.40779298044129564     
   57.200000000000003        1.3405057639840507       0.62122631852557364      -0.44650406796392345      -0.35333130400096607     
   57.300000000000004        1.2087722338465727       0.58215247894890965      -0.60994883708640890      -0.29523059376899230     
   57.400000000000006        1.0613087053902928       0.55203242113373341      -0.69989821409910058      -0.23477806575527052     
   57.500000000000000       0.92007497045195019       0.52991997667224022      -0.72789427755505753      -0.17276688129546364     
   57.600000000000001       0.79615467936071627       0.51510278062628290      -0.71182967765885008      -0.10966045995511811     
   57.700000000000003       0.69270684081582157       0.50710943324512892      -0.66776497862778572       -4.5707717558789177E-002
   57.800000000000004       0.60876407709904601       0.50571108714145219      -0.60737325361857009        1.8971198748857315E-002
   57.900000000000006       0.54179126414360657       0.51092462156510010      -0.53824071992037636        8.4316346602687289E-002
   58.000000000000000       0.48899747428239448       0.52302234742266396      -0.46495616367925241       0.15026538290752769     
   58.100000000000001       0.44788335979334815       0.54255046699127984      -0.39013226695221170       0.21668494078306166     
   58.200000000000003       0.41640855859823722       0.57035585371377295      -0.31515010812167016       0.28328193546523500     
   58.300000000000004       0.39299720183803943       0.60761667725270807      -0.24064868233430403       0.34947631277523250     
   58.400000000000006       0.37648774304337917       0.65586408844066346      -0.16683132863278177       0.41420974503570046     
   58.500000000000000       0.36607379962489628       0.71696509823180832       -9.3653557974191670E-002  0.47565662257292390     
   58.600000000000001       0.36125454270103619       0.79300390588621195       -2.0938429232223835E-002  0.53080029506282700     
   58.700000000000003       0.36180106577770221       0.88594151938050336        5.1549945734374443E-002  0.57485705011654353     
   58.800000000000004       0.36774056867378646       0.99685085428662723       0.12405446194476857       0.60061783473976604     
   58.900000000000006       0.37935884949386844        1.1244598999273365       0.19677977973520303       0.59801845828249356     
   59.000000000000000       0.39722145208407111        1.2628607375983223       0.26984013934158468       0.55472735944475626     
   59.100000000000001       0.42221364707748882        1.3989367665070804       0.34318361755779442       0.45909371388640013     
   59.200000000000003       0.45559780219272067        1.5116118340373004       0.41646862739452395       0.30647094136316511     
   59.300000000000004       0.49908099908388570        1.5763099736457196       0.48885606609858417       0.10701999501989046     
   59.400000000000006       0.55487084396985142        1.5755093245471099       0.55866410466974714      -0.11169561466421139     
   59.500000000000000       0.62566318596365633        1.5089340754681015       0.62281592991599433      -0.31354173710021493     
   59.600000000000001       0.71443403674986239        1.3938546322725294       0.67601067360746325      -0.46961000855312768     
   59.700000000000003       0.82377828014352716        1.2551192457586093       0.70962267162514248      -0.56815411956048834     
   59.800000000000004       0.95435880188165823        1.1142879111859014       0.71062713335400018      -0.61292567397793130     
   59.900000000000006        1.1019629431141229       0.98481869060897709       0.66160630672856580      -0.61548538778910022     
   60.000000000000000        1.2533073563168911       0.87271495647464914       0.54420429764624290      -0.58853549118011472     
