   0.0000000000000000                    (1.0000000000333005,0.0000000000000000)
  0.10000000000000001                 (0.94553321317292693,-0.29204513251385644)
  0.20000000000000001                 (0.79357206850044315,-0.53897041135948054)
  0.30000000000000004                 (0.57462533025215334,-0.70755170368639508)
  0.40000000000000002                 (0.32866745373745876,-0.78366813745575536)
  0.50000000000000000            (9.40373353789696609E-002,-0.77268540486027892)
  0.60000000000000009                (-0.10094476473950886,-0.69417565718442031)
  0.70000000000000007                (-0.24153315524485597,-0.57414829346261509)
  0.80000000000000004                (-0.32563418600512384,-0.43795881654609220)
  0.90000000000000002                (-0.36021103589878078,-0.30571655106512924)
   1.0000000000000000                (-0.35698901506142050,-0.19048266637027453)
   1.1000000000000001           (-0.32880796818666663,-9.85841990091100989E-002)
   1.2000000000000002           (-0.28718343909886085,-3.10869520416984860E-002)
   1.3000000000000000            (-0.24107159764676617,1.43762627344240050E-002)
   1.4000000000000001            (-0.19656155178809565,4.19279324889458502E-002)
   1.5000000000000000            (-0.15715798235947886,5.61593859435700754E-002)
   1.6000000000000001            (-0.12435829541942517,6.12965365981283372E-002)
   1.7000000000000002       (-9.83027025456388315E-002,6.07733334844746398E-002)
   1.8000000000000000       (-7.83541816153996984E-002,5.71145969326970135E-002)
   1.9000000000000001       (-6.35373483664856686E-002,5.20135513492607643E-002)
   2.0000000000000000       (-5.28228183458909969E-002,4.65011742000729991E-002)
   2.1000000000000001       (-4.52802779072570133E-002,4.11331686793862117E-002)
   2.2000000000000002       (-4.01385644136590947E-002,3.61529049680134676E-002)
   2.3000000000000003       (-3.67901501998871908E-002,3.16150717918233307E-002)
   2.4000000000000004       (-3.47685903693671083E-002,2.74710426803661915E-002)
   2.5000000000000000       (-3.37172759399611971E-002,2.36240994792281181E-002)
   2.6000000000000001       (-3.33596397799528696E-002,1.99638247448328844E-002)
   2.7000000000000002       (-3.34755793160442863E-002,1.63872152611668383E-002)
   2.8000000000000003       (-3.38857049027258203E-002,1.28114351105463650E-002)
   2.9000000000000004       (-3.44431898938499445E-002,9.18075132335363815E-003)
   3.0000000000000000       (-3.50318298115090757E-002,5.46861058115257880E-003)
   3.1000000000000001       (-3.55681537040798551E-002,1.67517582183306091E-003)
   3.2000000000000002      (-3.60051125895802238E-002,-2.17916529826342638E-003)
   3.3000000000000003      (-3.63351648632147112E-002,-6.06313460788558255E-003)
   3.4000000000000004      (-3.65914840913615577E-002,-9.94495338364392335E-003)
   3.5000000000000000      (-3.68471395519412229E-002,-1.38018716645342456E-002)
   3.6000000000000001      (-3.72130061897661749E-002,-1.76271608752108129E-002)
   3.7000000000000002      (-3.78357855529902268E-002,-2.14332264338951903E-002)
   3.8000000000000003      (-3.88978990244443282E-002,-2.52498755514416057E-002)
   3.9000000000000004      (-4.06209656641582303E-002,-2.91171296556896955E-002)
   4.0000000000000000      (-4.32739530187310276E-002,-3.30719782593441314E-002)
   4.1000000000000005      (-4.71859761840802139E-002,-3.71278492045149094E-002)
   4.2000000000000002      (-5.27621923467694737E-002,-4.12443617826529704E-002)
   4.2999999999999998      (-6.04990899421905606E-002,-4.52834912784742666E-002)
   4.4000000000000004      (-7.09922314279542721E-002,-4.89472492961657152E-002)
   4.5000000000000000      (-8.49247175893860784E-002,-5.16924517115035856E-002)
   4.6000000000000005           (-0.10301840068630483,-5.26217960600631335E-002)
   4.7000000000000002           (-0.12592366339712807,-5.03594354389493709E-002)
   4.8000000000000007           (-0.15402105035582681,-4.29351101572816099E-002)
   4.9000000000000004           (-0.18711490634853714,-2.77227560083247206E-002)
   5.0000000000000000           (-0.22402100562819000,-1.50177629095262248E-003)
   5.1000000000000005            (-0.26208795943516944,3.92781484718282975E-002)
   5.2000000000000002            (-0.29673945592467871,9.79541261686234649E-002)
   5.3000000000000007                 (-0.32117188254609474,0.17678191837408666)
   5.4000000000000004                 (-0.32638892508122802,0.27574277630103888)
   5.5000000000000000                 (-0.30180852853183315,0.39110618705016742)
   5.6000000000000005                 (-0.23672094796267434,0.51398498371811663)
   5.7000000000000002                 (-0.12282288147804728,0.62938184819811094)
   5.8000000000000007             (4.22451778879315981E-002,0.71652880890247594)
   5.9000000000000004                  (0.25106283791010270,0.75142554288445951)
   6.0000000000000000                  (0.48380650715600032,0.71204156773708915)
   6.1000000000000005                  (0.70881657118724484,0.58547307917575409)
   6.2000000000000002                  (0.88777269095653566,0.37477606901895816)
   6.3000000000000007                  (0.98503040897469996,0.10221748733612267)
   6.4000000000000004                 (0.97822632779952401,-0.19361179803435891)
   6.5000000000000000                 (0.86581932637125336,-0.46682491116226066)
   6.6000000000000005                 (0.66810379373249251,-0.67631287021162534)
   6.7000000000000002                 (0.42116882454533472,-0.79613523546737008)
   6.8000000000000007                 (0.16649524950983327,-0.82042154515909016)
   6.9000000000000004           (-5.95579533404191966E-002,-0.76174956957365458)
   7.0000000000000000                (-0.23284896640492969,-0.64476372913873681)
   7.1000000000000005                (-0.34371785198134464,-0.49815783617229392)
   7.2000000000000002                (-0.39509344453128381,-0.34782759080440445)
   7.3000000000000007                (-0.39824759088326311,-0.21271691287207362)
   7.4000000000000004                (-0.36808198313016655,-0.10353556777971222)
   7.5000000000000000           (-0.31926788429362429,-2.36488404066622707E-002)
   7.6000000000000005            (-0.26382554126461721,2.88689621260799327E-002)
   7.7000000000000002            (-0.21013588668974889,5.89221953431261700E-002)
   7.8000000000000007            (-0.16303349495619293,7.24272754951759135E-002)
   7.9000000000000004            (-0.12451884955045950,7.49672507812752242E-002)
   8.0000000000000000       (-9.46782334321603913E-002,7.10825071066293196E-002)
   8.0999999999999996       (-7.25311478040256696E-002,6.40593770835622134E-002)
   8.2000000000000011       (-5.66692301138786922E-002,5.60288856921677195E-002)
   8.3000000000000007       (-4.56615609740179812E-002,4.82093948341586406E-002)
   8.4000000000000004       (-3.82637157057930388E-002,4.11782387435461333E-002)
   8.5000000000000000       (-3.34899377957595737E-002,3.51087897303327887E-002)
   8.5999999999999996       (-3.06053048714706594E-002,2.99482459030773890E-002)
   8.7000000000000011       (-2.90812016465570762E-002,2.55359918921162464E-002)
   8.8000000000000007       (-2.85416257318321723E-002,2.16746398945989599E-002)
   8.9000000000000004       (-2.87147601685265839E-002,1.81690454354234143E-002)
   9.0000000000000000       (-2.93956156777932034E-002,1.48464260175876512E-002)
   9.0999999999999996       (-3.04208749806274235E-002,1.15664716756463549E-002)
   9.2000000000000011       (-3.16549017028376761E-002,8.22620749373936810E-003)
   9.3000000000000007       (-3.29848918295635729E-002,4.76137434238999881E-003)
   9.4000000000000004       (-3.43225530818862881E-002,1.14446197833539712E-003)
   9.5000000000000000      (-3.56092714052478054E-002,-2.62077815053528024E-003)
   9.6000000000000014      (-3.68218367982797237E-002,-6.50780171702688721E-003)
   9.7000000000000011      (-3.79767011178326896E-002,-1.04773258344549123E-002)
   9.8000000000000007      (-3.91318875388914425E-002,-1.44872161854740136E-002)
   9.9000000000000004      (-4.03865920988936561E-002,-1.85004023098398855E-002)
   10.000000000000000      (-4.18793314258537677E-002,-2.24891035142311159E-002)
   10.100000000000001      (-4.37861246688313402E-002,-2.64340691567245580E-002)
   10.200000000000001      (-4.63202553489738336E-002,-3.03181744298603138E-002)
   10.300000000000001      (-4.97345367842896152E-002,-3.41141090223683607E-002)
   10.400000000000000      (-5.43259676593174853E-002,-3.77657725581231965E-002)
   10.500000000000000      (-6.04414459568091422E-002,-4.11624086419009327E-002)
   10.600000000000001      (-6.84817558470776772E-002,-4.41037391297469245E-002)
   10.700000000000001      (-7.88990575237052127E-002,-4.62538360972480911E-002)
   10.800000000000001      (-9.21803152887500782E-002,-4.70818490651483679E-002)
   10.900000000000000           (-0.10880555897937932,-4.57898722403727518E-002)
   11.000000000000000           (-0.12916626227258085,-4.12331786314459325E-002)
   11.100000000000001           (-0.15342694999639525,-3.18466409286899885E-002)
   11.200000000000001           (-0.18131503985650546,-1.56037042223215339E-002)
   11.300000000000001            (-0.21183358445445291,9.95053680598042591E-003)
   11.400000000000000            (-0.24291236056738472,4.75370020114413983E-002)
   11.500000000000000            (-0.27104463166804355,9.97906510335013069E-002)
   11.600000000000001                 (-0.29099535160625400,0.16866736871295296)
   11.700000000000001                 (-0.29570757013050664,0.25458316034348255)
   11.800000000000001                 (-0.27658022415701672,0.35530536560944986)
   11.900000000000000                 (-0.22434316675740348,0.46470771909046410)
   12.000000000000000                 (-0.13077641626827741,0.57168209288786598)
   12.100000000000001             (8.60103798741172765E-003,0.65977540881847263)
   12.200000000000001                  (0.19115223564019257,0.70836141220310433)
   12.300000000000001                  (0.40402504136009004,0.69606739637017334)
   12.400000000000000                  (0.62297455242432431,0.60645579903172475)
   12.500000000000000                  (0.81477730678189897,0.43465404356778731)
   12.600000000000001                  (0.94382473012974077,0.19237088224028862)
   12.700000000000001            (0.98148593836586051,-9.14752435078698412E-002)
   12.800000000000001                 (0.91498804119281374,-0.37587981232487738)
   12.900000000000000                 (0.75216823760299734,-0.61746485534122209)
   13.000000000000000                 (0.51998683202193174,-0.78140391966509792)
   13.100000000000001                 (0.25734536578280381,-0.84961482267669863)
   13.200000000000001            (5.01692982968375209E-003,-0.82360418828750426)
   13.300000000000001                (-0.20374586508823703,-0.72166615169317405)
   13.400000000000000                (-0.34918134934706596,-0.57216948826171909)
   13.500000000000000                (-0.42649337070953403,-0.40561054808283259)
   13.600000000000001                (-0.44339244751382689,-0.24789813286043269)
   13.700000000000001                (-0.41530445307514086,-0.11637885186279792)
   13.800000000000001           (-0.36011923276456437,-1.89303857840830321E-002)
   13.900000000000000            (-0.29397518593817390,4.45224783061148183E-002)
   14.000000000000000            (-0.22883772754156742,7.92206040406823325E-002)
   14.100000000000001            (-0.17187014230943118,9.26575399406631139E-002)
   14.200000000000001            (-0.12608507730865143,9.23184312247287975E-002)
   14.300000000000001       (-9.16015681068694937E-002,8.43680337329195812E-002)
   14.400000000000000       (-6.69423658964099638E-002,7.31984817544827082E-002)
   14.500000000000000       (-5.00434641069562383E-002,6.15468012179386514E-002)
   14.600000000000001       (-3.88808634011617027E-002,5.08716082457954938E-002)
   14.700000000000001       (-3.17696640052737497E-002,4.17687979850646998E-002)
   14.800000000000001       (-2.74443846901658538E-002,3.43185022886480229E-002)
   14.900000000000000       (-2.50213543254726827E-002,2.83339136419940053E-002)
   15.000000000000000       (-2.39142653483761895E-002,2.35198501769042015E-002)
   15.100000000000001       (-2.37445223705555070E-002,1.95620077002671214E-002)
   15.200000000000001       (-2.42658537932991872E-002,1.61701351427742668E-002)
   15.300000000000001       (-2.53088459970179681E-002,1.30951596750408811E-002)
   15.400000000000000       (-2.67444020893544514E-002,1.01343628625850477E-002)
   15.500000000000000       (-2.84630292310284992E-002,7.13252892171803345E-003)
   15.600000000000001       (-3.03667608961925711E-002,3.98208382463536865E-003)
   15.700000000000001       (-3.23706453856704504E-002,6.21928876448578100E-004)
   15.800000000000001      (-3.44100003970986348E-002,-2.96668345336579230E-003)
   15.900000000000000      (-3.64490740579133041E-002,-6.76768354200744590E-003)
   16.000000000000000      (-3.84881203980176334E-002,-1.07396892249452224E-002)
   16.100000000000001      (-4.05678388188536326E-002,-1.48257245078194204E-002)
   16.199999999999999      (-4.27709115502336520E-002,-1.89616791408505000E-002)
   16.300000000000001      (-4.52208500631052501E-002,-2.30818311308419524E-002)
   16.400000000000002      (-4.80791442900551022E-002,-2.71198275924999163E-002)
   16.500000000000000      (-5.15421059557406927E-002,-3.10042498650537138E-002)
   16.600000000000001      (-5.58384374864208874E-002,-3.46486646141252116E-002)
   16.699999999999999      (-6.12277422383509934E-002,-3.79363192991741538E-002)
   16.800000000000001      (-6.79992118192528222E-002,-4.06993040278708640E-002)
   16.900000000000002      (-7.64685121314083727E-002,-4.26914005132663851E-002)
   17.000000000000000      (-8.69692399887096873E-002,-4.35535773239991153E-002)
   17.100000000000001      (-9.98333685844269708E-002,-4.27718242632021614E-002)
   17.199999999999999           (-0.11535339496247542,-3.96290379197975773E-002)
   17.300000000000001           (-0.13371789834830033,-3.31557233202437532E-002)
   17.400000000000002           (-0.15491180272070407,-2.20881394351184202E-002)
   17.500000000000000           (-0.17857266550776160,-4.84788474016670506E-003)
   17.600000000000001            (-0.20379616247595772,2.04346915668690704E-002)
   17.699999999999999            (-0.22889155615775300,5.58190769000888043E-002)
   17.800000000000001                 (-0.25110597268415158,0.10332916340905869)
   17.900000000000002                 (-0.26636597045213711,0.16455261997884538)
   18.000000000000000                 (-0.26912394924443683,0.24002198875023023)
   18.100000000000001                 (-0.25244439230747107,0.32836290767173465)
   18.199999999999999                 (-0.20851830123428067,0.42525934114667518)
   18.300000000000001                 (-0.12983261031507978,0.52241615856956791)
   18.400000000000002            (-1.11745758279384599E-002,0.60691772107127384)
   18.500000000000000                  (0.14760054995464164,0.66162562587383933)
   18.600000000000001                  (0.33862915430972695,0.66732060448837904)
   18.699999999999999                  (0.54413641411618996,0.60689533408149277)
   18.800000000000001                  (0.73705883869279343,0.47096346521059096)
   18.900000000000002                  (0.88515320448307699,0.26313025055190742)
   19.000000000000000             (0.95818486956918569,2.59589080402419445E-003)
   19.100000000000001                 (0.93618545023701016,-0.27767609877424249)
   19.200000000000003                 (0.81587113670093581,-0.53736300203765319)
   19.300000000000001                 (0.61273852135913742,-0.73798647387846372)
   19.400000000000002                 (0.35794135173176372,-0.85196200684039081)
   19.500000000000000            (9.09711653479246402E-002,-0.86864675190753360)
   19.600000000000001                (-0.14948482845177261,-0.79573453996446475)
   19.700000000000003                (-0.33379050177184499,-0.65595838808595119)
   19.800000000000001                (-0.44654887262834958,-0.48044231234194001)
   19.900000000000002                (-0.48766584235694244,-0.30085390678746776)
   20.000000000000000                (-0.46951255112877854,-0.14263596985389082)
   20.100000000000001           (-0.41154752163050995,-2.10330910744345213E-002)
   20.200000000000003            (-0.33437849980943674,5.94632685571587702E-002)
   20.300000000000001                 (-0.25510039292198883,0.10284166244066030)
   20.400000000000002                 (-0.18493018217985216,0.11787949812803633)
   20.500000000000000                 (-0.12911102397164911,0.11454748896377900)
   20.600000000000001            (-8.83052377859448595E-002,0.10150865229809779)
   20.700000000000003       (-6.04930600706599375E-002,8.49866481305106003E-002)
   20.800000000000001       (-4.26321375377988615E-002,6.87244657098050188E-002)
   20.900000000000002       (-3.17416259984535792E-002,5.45297828761461961E-002)
   21.000000000000000       (-2.54170926483744709E-002,4.29623195648630926E-002)
   21.100000000000001       (-2.19497135770165067E-002,3.39083578906899594E-002)
   21.200000000000003       (-2.02391035639665796E-002,2.69646497870862194E-002)
   21.300000000000001       (-1.96349117614685771E-002,2.16541674188161538E-002)
   21.400000000000002       (-1.97811473165814995E-002,1.75269878212921046E-002)
   21.500000000000000       (-2.04934068249345777E-002,1.41953434171343713E-002)
   21.600000000000001       (-2.16742989889409272E-002,1.13377099688756824E-002)
   21.700000000000003       (-2.32607788820982479E-002,8.69259571871735907E-003)
   21.800000000000001       (-2.51948870822523846E-002,6.05275554013210999E-003)
   21.900000000000002       (-2.74122059340890754E-002,3.26379627952889852E-003)
   22.000000000000000       (-2.98446194326364850E-002,2.25311543109792773E-004)
   22.100000000000001      (-3.24323331298800865E-002,-3.11088764454053954E-003)
   22.200000000000003      (-3.51367773356049129E-002,-6.74786922028159600E-003)
   22.300000000000001      (-3.79491475027979516E-002,-1.06520724184804693E-002)
   22.400000000000002      (-4.08959074086270441E-002,-1.47600644514082491E-002)
   22.500000000000000      (-4.40425466746992914E-002,-1.89847434936557084E-002)
   22.600000000000001      (-4.74940079138411395E-002,-2.32214934447900929E-002)
   22.700000000000003      (-5.13909796048291553E-002,-2.73523441794896287E-002)
   22.800000000000001      (-5.59035123837248391E-002,-3.12461921784123915E-002)
   22.900000000000002      (-6.12242221400636707E-002,-3.47544197739645816E-002)
   23.000000000000000      (-6.75627424614464456E-002,-3.77018882071797623E-002)
   23.100000000000001      (-7.51416269583674856E-002,-3.98728553224220114E-002)
   23.200000000000003      (-8.41918110854227714E-002,-4.09906731527568471E-002)
   23.300000000000001      (-9.49433335829448638E-002,-4.06903866632334077E-002)
   23.400000000000002           (-0.10760525471623929,-3.84853772777091277E-002)
   23.500000000000000           (-0.12232898414768741,-3.37324139533871567E-002)
   23.600000000000001           (-0.13915168663566052,-2.56018123199931655E-002)
   23.700000000000003           (-0.15791881350310522,-1.30592124409122899E-002)
   23.800000000000001            (-0.17818412466775849,5.13567815519566304E-003)
   23.900000000000002            (-0.19908161009612527,3.04054596396783408E-002)
   24.000000000000000            (-0.21916129693296019,6.42883142361745930E-002)
   24.100000000000001                 (-0.23618863647344496,0.10829353684407447)
   24.200000000000003                 (-0.24693136703091870,0.16363125153219543)
   24.300000000000001                 (-0.24699489450833642,0.23076866165515475)
   24.400000000000002                 (-0.23080910905917770,0.30878350788351516)
   24.500000000000000                 (-0.19191746043833968,0.39452832528431331)
   24.600000000000001                 (-0.12376632184253661,0.48171301004754191)
   24.700000000000003            (-2.11861109141872998E-002,0.56018696172603843)
   24.800000000000001                  (0.11740724759361049,0.61592470025656332)
   24.900000000000002                  (0.28745333115824845,0.63232806671745456)
   25.000000000000000                  (0.47620324391442737,0.59322829837626523)
   25.100000000000001                  (0.66237504090090771,0.48732039502845248)
   25.200000000000003                  (0.81846460619457717,0.31290157296584853)
   25.300000000000001             (0.91580737214319630,8.11881048806755434E-002)
   25.400000000000002                 (0.93131261735594151,-0.18340507066068684)
   25.500000000000000                 (0.85388822766278882,-0.44673544677542382)
   25.600000000000001                 (0.68843100524075662,-0.67154028809127342)
   25.700000000000003                 (0.45597224472872883,-0.82542170101170487)
   25.800000000000001                 (0.18979620020624771,-0.88798239642518539)
   25.900000000000002           (-7.14566299342061645E-002,-0.85519451931148405)
   26.000000000000000                (-0.29192208193777230,-0.73990599394360190)
   26.100000000000001                (-0.44584192337828615,-0.56838898507295166)
   26.200000000000003                (-0.52223965177493525,-0.37382076520534790)
   26.300000000000001                (-0.52571558375826088,-0.18843925682717949)
   26.400000000000002           (-0.47321947332686481,-3.66175124572806210E-002)
   26.500000000000000            (-0.38799968762445586,6.91209997555507216E-002)
   26.600000000000001                 (-0.29291283186901784,0.12821647827580360)
   26.700000000000003                 (-0.20533830286261032,0.14890346283714703)
   26.800000000000001                 (-0.13499907761132204,0.14351375331831118)
   26.900000000000002            (-8.45750741399112355E-002,0.12420007974829302)
   27.000000000000000            (-5.19748683102970316E-002,0.10029979293127460)
   27.100000000000001       (-3.29224334867704929E-002,7.75432625109930829E-002)
   27.200000000000003       (-2.29276981877919762E-002,5.85650176517389445E-002)
   27.300000000000001       (-1.83393098878429257E-002,4.39421881940891684E-002)
   27.400000000000002       (-1.66447627130620404E-002,3.31855195785117768E-002)
   27.500000000000000       (-1.63420319626953574E-002,2.54354763689791201E-002)
   27.600000000000001       (-1.66581383965419341E-002,1.98442386303527667E-002)
   27.700000000000003       (-1.72744880501755210E-002,1.57242502253311690E-002)
   27.800000000000001       (-1.81175834802651259E-002,1.25621380069465965E-002)
   27.900000000000002       (-1.92192472127531641E-002,9.97813651601236161E-003)
   28.000000000000000       (-2.06350378811981719E-002,7.68108597569176679E-003)
   28.100000000000001       (-2.24022851753212758E-002,5.43807695244203151E-003)
   28.200000000000003       (-2.45223363496481737E-002,3.06351271978323736E-003)
   28.300000000000001       (-2.69652838772641602E-002,4.23705841229320818E-004)
   28.400000000000002      (-2.96938050640463864E-002,-2.55959922483954549E-003)
   28.500000000000000      (-3.26870987249424927E-002,-5.91947497300392665E-003)
   28.600000000000001      (-3.59474081232429091E-002,-9.65533760237109566E-003)
   28.700000000000003      (-3.94994747462961426E-002,-1.37293705139518839E-002)
   28.800000000000001      (-4.33980725519338348E-002,-1.80570271092711683E-002)
   28.900000000000002      (-4.77371034322850440E-002,-2.25056320840320671E-002)
   29.000000000000000      (-5.26483078340005475E-002,-2.68998676589925663E-002)
   29.100000000000001      (-5.82883093050805545E-002,-3.10277456061214506E-002)
   29.200000000000003      (-6.48192656753370511E-002,-3.46447360949234812E-002)
   29.300000000000001      (-7.23908871579731772E-002,-3.74774801011261705E-002)
   29.400000000000002      (-8.11311618475103052E-002,-3.92277254526031752E-002)
   29.500000000000000      (-9.11473380905492986E-002,-3.95718492015372028E-002)
   29.600000000000001           (-0.10253022807124017,-3.81479633064315468E-002)
   29.700000000000003           (-0.11534950929124316,-3.45271357026158687E-002)
   29.800000000000001           (-0.12962906328127322,-2.81754163403223380E-002)
   29.900000000000002           (-0.14529806663827693,-1.84206714869791996E-002)
   30.000000000000000           (-0.16212095593175341,-4.43713416686085469E-003)
   30.100000000000001            (-0.17961291317424019,1.47467290529651532E-002)
   30.200000000000003            (-0.19694415201768592,4.02172763763811933E-002)
   30.300000000000001            (-0.21282799131151633,7.31182144598016698E-002)
   30.400000000000002                 (-0.22538405368868561,0.11454770229219020)
   30.500000000000000                 (-0.23197988886821086,0.16537180303829302)
   30.600000000000001                 (-0.22908473985106936,0.22590608599685152)
   30.700000000000003                 (-0.21221258564479301,0.29542687854307631)
   30.800000000000001                 (-0.17607926233473703,0.37150839366564697)
   30.900000000000002                 (-0.11514038822536242,0.44925255461432873)
   31.000000000000000            (-2.46837044989277332E-002,0.52060833218089997)
   31.100000000000001             (9.74533523112307148E-002,0.57416039960852827)
   31.200000000000003                  (0.24875739804312041,0.59589758617107824)
   31.300000000000001                  (0.42013649326338220,0.57134215112368802)
   31.400000000000002                  (0.59514937490738662,0.48893754678722912)
   31.500000000000000                  (0.75115987674210183,0.34397279291285698)
   31.600000000000001                  (0.86269061592520502,0.14186158124033943)
   31.700000000000003                 (0.90648893195438218,-0.10048236854572663)
   31.800000000000001                 (0.86710183656280426,-0.35601780233657282)
   31.900000000000002                 (0.74139918890989631,-0.59173797546863238)
   32.000000000000000                 (0.54067732975440885,-0.77478356377026614)
   32.100000000000001                 (0.28962257420464504,-0.87907013229012121)
   32.200000000000003            (2.22278991611962254E-002,-0.89085558506533313)
   32.300000000000004                (-0.22454466400957698,-0.81193396403111806)
   32.399999999999999                (-0.41807911161298217,-0.65958513551153997)
   32.500000000000000                (-0.53676581178963345,-0.46300811438837408)
   32.600000000000001                (-0.57426174258306795,-0.25681164986509653)
   32.700000000000003           (-0.53995330527483376,-7.30848508681271186E-002)
   32.800000000000004            (-0.45520818384077250,6.56510631721018839E-002)
   32.899999999999999                 (-0.34658567626518200,0.15028497760174445)
   33.000000000000000                 (-0.23847316018946849,0.18462070622444729)
   33.100000000000001                 (-0.14773625160765927,0.18122182398755321)
   33.200000000000003            (-8.18991372746258606E-002,0.15572128969484633)
   33.300000000000004            (-4.06058243353529247E-002,0.12198245050557494)
   33.399999999999999       (-1.88138011430742449E-002,8.94775601514446878E-002)
   33.500000000000000       (-1.00295063591169398E-002,6.29527934503068265E-002)
   33.600000000000001       (-8.50832411204170865E-003,4.35714205877943891E-002)
   33.700000000000003       (-1.01874720239926685E-002,3.04744802727785757E-002)
   33.800000000000004       (-1.27040011271925476E-002,2.20521447519766503E-002)
   33.899999999999999       (-1.49728246376084860E-002,1.67143473487128894E-002)
   34.000000000000000       (-1.66868501061062519E-002,1.32269287377381056E-002)
   34.100000000000001       (-1.79324199139132001E-002,1.07655256374990672E-002)
   34.200000000000003       (-1.89496920011738602E-002,8.83044594620091897E-003)
   34.300000000000004       (-1.99928065690579172E-002,7.12206840590694310E-003)
   34.399999999999999       (-2.12623437882186288E-002,5.43935163252828608E-003)
   34.500000000000000       (-2.28804955993548755E-002,3.62246372733059357E-003)
   34.600000000000001       (-2.48859495139490475E-002,1.54242578714770318E-003)
   34.700000000000003      (-2.72688752332993292E-002,-8.79463860046966078E-004)
   34.800000000000004      (-3.00347714489412748E-002,-3.67790641019240727E-003)
   34.899999999999999      (-3.32281411844583263E-002,-6.88769189626216825E-003)
   35.000000000000000      (-3.68982172559395097E-002,-1.05512709307058403E-002)
   35.100000000000001      (-4.10850769623853432E-002,-1.46669911718902181E-002)
   35.200000000000003      (-4.58534894479117952E-002,-1.91461276816983668E-002)
   35.300000000000004      (-5.13225978072876579E-002,-2.38083026398665798E-002)
   35.399999999999999      (-5.76639540559706482E-002,-2.83927658984198771E-002)
   35.500000000000000      (-6.50727925203712643E-002,-3.25669377877831970E-002)
   35.600000000000001      (-7.37208153953250594E-002,-3.59299874120589044E-002)
   35.700000000000003      (-8.37108034305869136E-002,-3.80237001734481037E-002)
   35.800000000000004      (-9.50553113587176007E-002,-3.83600798557089048E-002)
   35.899999999999999           (-0.10768341024519419,-3.64542700771551334E-002)
   36.000000000000000           (-0.12145617688543364,-3.18385405971105956E-002)
   36.100000000000001           (-0.13616903905537922,-2.40476274490495669E-002)
   36.200000000000003           (-0.15153925999721271,-1.25885560335196461E-002)
   36.300000000000004            (-0.16718438546871450,3.09030534793232467E-003)
   36.399999999999999            (-0.18257958060342278,2.36250258747706179E-002)
   36.500000000000000            (-0.19697532386910696,4.97455159742912073E-002)
   36.600000000000001            (-0.20927899568513963,8.22472605227490133E-002)
   36.700000000000003                 (-0.21792195774300302,0.12190519621920259)
   36.800000000000004                 (-0.22073118489806148,0.16931301761178433)
   36.899999999999999                 (-0.21482440554406484,0.22462847652903514)
   37.000000000000000                 (-0.19656505681494174,0.28720016200709730)
   37.100000000000001                 (-0.16165226693737286,0.35505213244529671)
   37.200000000000003                 (-0.10548586361965687,0.42424776322237745)
   37.300000000000004            (-2.39812087065032521E-002,0.48828510642663969)
   37.399999999999999             (8.50883683425998905E-002,0.53783705238875046)
   37.500000000000000                  (0.22038003486988575,0.56121810948299222)
   37.600000000000001                  (0.37534366663189533,0.54587832368887490)
   37.700000000000003                  (0.53732722635943941,0.48094300977113918)
   37.800000000000004                  (0.68806400685246305,0.36033409296514740)
   37.899999999999999                  (0.80580928731500057,0.18564294854100938)
   38.000000000000000            (0.86892189535431097,-3.21137360586767895E-002)
   38.100000000000001                 (0.86027539455562263,-0.27255387800131131)
   38.200000000000003                 (0.77153418926402040,-0.50817058256494985)
   38.300000000000004                 (0.60613818134124986,-0.70854825891467288)
   38.400000000000006                 (0.38012326401516577,-0.84574295129205634)
   38.500000000000000                 (0.12043739826101288,-0.89973525762839723)
   38.600000000000001                (-0.13911553114419636,-0.86283860098699094)
   38.700000000000003                (-0.36375677089441277,-0.74207740708077452)
   38.800000000000004                (-0.52448485166493997,-0.55868404761998169)
   38.900000000000006                (-0.60421278454425942,-0.34428287675808833)
   39.000000000000000                (-0.60154773432069486,-0.13423096640269772)
   39.100000000000001            (-0.53073996896209130,4.04127066854082437E-002)
   39.200000000000003                 (-0.41724893902546861,0.15989711056999917)
   39.300000000000004                 (-0.29020432339542712,0.21920790011262531)
   39.400000000000006                 (-0.17457750467806085,0.22676611512600564)
   39.500000000000000            (-8.58401649409973183E-002,0.19927316907326625)
   39.600000000000001            (-2.86984098041507887E-002,0.15514349019748538)
   39.700000000000003             (5.17532838747888002E-004,0.10930666101575827)
   39.800000000000004        (9.77949938656312925E-003,7.07934805874785994E-002)
   39.900000000000006        (7.58174733843433677E-003,4.29494088251984457E-002)
   40.000000000000000        (6.26841527907290850E-004,2.52264172108557748E-002)
   40.100000000000001       (-6.89375280042573910E-003,1.52411135897194041E-002)
   40.200000000000003       (-1.29957363568668667E-002,1.02816408061887979E-002)
   40.300000000000004       (-1.71776888229265567E-002,8.10758644310738581E-003)
   40.400000000000006       (-1.96943411438973981E-002,7.19559858378847773E-003)
   40.500000000000000       (-2.10712160981094132E-002,6.66534446182747830E-003)
   40.600000000000001       (-2.18647060499339019E-002,6.09207034552187651E-003)
   40.700000000000003       (-2.25426077999305655E-002,5.30875797540296748E-003)
   40.800000000000004       (-2.34370226409489346E-002,4.24853428237930483E-003)
   40.900000000000006       (-2.47363057704320967E-002,2.85700272883074270E-003)
   41.000000000000000       (-2.64813663575715688E-002,1.09304550163689018E-003)
   41.100000000000001      (-2.86522352726863612E-002,-1.01325460166437099E-003)
   41.200000000000003      (-3.13199046399765119E-002,-3.39971750335679246E-003)
   41.300000000000004      (-3.46477278633975094E-002,-6.11629131422567699E-003)
   41.400000000000006      (-3.87365833267858534E-002,-9.31819402370861853E-003)
   41.500000000000000      (-4.35915670070809863E-002,-1.30941919113665723E-002)
   41.600000000000001      (-4.92322430794485538E-002,-1.73678683454265917E-002)
   41.700000000000003      (-5.57655703195023555E-002,-2.19103846113925804E-002)
   41.800000000000004      (-6.33914314813377594E-002,-2.63784059079854132E-002)
   41.900000000000006      (-7.23529736791271305E-002,-3.03280399394835927E-002)
   42.000000000000000      (-8.28453028767845295E-002,-3.32062196596003070E-002)
   42.100000000000001      (-9.49356441344511720E-002,-3.43601436328579354E-002)
   42.200000000000003           (-0.10853277145906493,-3.30888981895121545E-002)
   42.300000000000004           (-0.12339986566390015,-2.87139819077615668E-002)
   42.400000000000006           (-0.13916198719144582,-2.06252715263246650E-002)
   42.500000000000000           (-0.15528137065214365,-8.29736254503169596E-003)
   42.600000000000001            (-0.17105289595174270,8.69745959529739411E-003)
   42.700000000000003            (-0.18566594551114893,3.06918763512546537E-002)
   42.800000000000004            (-0.19825896324785258,5.79765249125751905E-002)
   42.900000000000006            (-0.20785681620314031,9.08711117615631642E-002)
   43.000000000000000                 (-0.21320245125693185,0.12973011806644802)
   43.100000000000001                 (-0.21258065876822854,0.17483762601930644)
   43.200000000000003                 (-0.20369333549274954,0.22618870458708948)
   43.300000000000004                 (-0.18361022419353124,0.28315783924889848)
   43.400000000000006                 (-0.14884676929404608,0.34406407400847372)
   43.500000000000000            (-9.56536393266182033E-002,0.40566324563543055)
   43.600000000000001            (-2.06293825016983026E-002,0.46264294610870588)
   43.700000000000003             (7.82457206712376119E-002,0.50733837079087296)
   43.800000000000004                  (0.20023828613273448,0.53002442621490053)
   43.900000000000006                  (0.34051330893921156,0.52002174019466496)
   44.000000000000000                  (0.48928441277938517,0.46757383687859533)
   44.100000000000001                  (0.63190745202348075,0.36624268880218924)
   44.200000000000003                  (0.75021977605675416,0.21532160099015893)
   44.300000000000004             (0.82505200290568681,2.15799217392391128E-002)
   44.400000000000006                 (0.83947316657167359,-0.20018183560210812)
   44.500000000000000                 (0.78229940792188324,-0.42802231316057165)
   44.600000000000001                 (0.65131907679219880,-0.63541662003366495)
   44.700000000000003                 (0.45519271777392717,-0.79528329534184172)
   44.800000000000004                 (0.21339741793107375,-0.88465340248271607)
   44.900000000000006           (-4.58215541856883402E-002,-0.88920119015451116)
   45.000000000000000                (-0.28944917739514353,-0.80681740646428646)
   45.100000000000001                (-0.48531138822606351,-0.64935675047756092)
   45.200000000000003                (-0.60845462994982602,-0.44161747697636605)
   45.300000000000004                (-0.64676260937021968,-0.21709931728757972)
   45.400000000000006           (-0.60410204707649529,-1.11017538105067978E-002)
   45.500000000000000                 (-0.49954913116273697,0.14734960138437664)
   45.600000000000001                 (-0.36212455764983437,0.24223533332678990)
   45.700000000000003                 (-0.22257408317895189,0.27323586235694636)
   45.800000000000004                 (-0.10535615537072489,0.25344586558097781)
   45.900000000000006            (-2.36290409362244248E-002,0.20326628252633405)
   46.000000000000000             (2.12458052094139233E-002,0.14315176774274171)
   46.100000000000001        (3.63443286095834345E-002,8.83123871786051368E-002)
   46.200000000000003        (3.23403717271594782E-002,4.67223170226416379E-002)
   46.300000000000004        (1.93413525592306297E-002,1.99687643647840571E-002)
   46.400000000000006        (4.60455763677349462E-003,5.67533343336828339E-003)
   46.500000000000000      (-7.86344187080922734E-003,-2.38946980630589513E-005)
   46.600000000000001      (-1.66572441913975036E-002,-8.32192321931644798E-004)
   46.700000000000003       (-2.19774253602897027E-002,4.91758194825256639E-004)
   46.800000000000004       (-2.46923826576018537E-002,2.26467463552147003E-003)
   46.900000000000006       (-2.57619763661282447E-002,3.64787005347623830E-003)
   47.000000000000000       (-2.60304078330537945E-002,4.35171744440802921E-003)
   47.100000000000001       (-2.61534024288977533E-002,4.38259439473000136E-003)
   47.200000000000003       (-2.65733390616740978E-002,3.83252170197470902E-003)
   47.300000000000004       (-2.75193588344119049E-002,2.75241330053345402E-003)
   47.400000000000006       (-2.89722058097400051E-002,1.18583385917718238E-003)
   47.500000000000000      (-3.08241507001269788E-002,-6.59489740892308849E-004)
   47.600000000000001      (-3.32456742747271120E-002,-2.49766802733837482E-003)
   47.700000000000003      (-3.66594894379662084E-002,-4.38034141806589380E-003)
   47.800000000000004      (-4.12730548129158839E-002,-6.69557837718214206E-003)
   47.900000000000006      (-4.69871532765897479E-002,-9.71408946609096484E-003)
   48.000000000000000      (-5.36815324271180117E-002,-1.33773194584154900E-002)
   48.100000000000001      (-6.13830866324427890E-002,-1.73779802649408760E-002)
   48.200000000000003      (-7.02994531696965463E-002,-2.12721029275670451E-002)
   48.300000000000004      (-8.07126531575383527E-002,-2.45042214099113441E-002)
   48.400000000000006      (-9.28143955892152123E-002,-2.63797759393084516E-002)
   48.500000000000000           (-0.10660467684556814,-2.60747225717545481E-002)
   48.600000000000001           (-0.12187946618412282,-2.27109653175207420E-002)
   48.700000000000003           (-0.13826244793445208,-1.54517576412551410E-002)
   48.800000000000004           (-0.15517862774693456,-3.56315217725893278E-003)
   48.900000000000006            (-0.17175454459248699,1.35326826377910481E-002)
   49.000000000000000            (-0.18681204651399655,3.61702633925372885E-002)
   49.100000000000001            (-0.19906720351627014,6.43994639827291937E-002)
   49.200000000000003            (-0.20732779493951495,9.80835581036572646E-002)
   49.300000000000004                 (-0.21043265346469367,0.13703766256594097)
   49.400000000000006                 (-0.20701820094146467,0.18104958599491228)
   49.500000000000000                 (-0.19533585526058522,0.22977059797329832)
   49.600000000000001                 (-0.17315744432364483,0.28248661651881396)
   49.700000000000003                 (-0.13776900838282452,0.33772064889592729)
   49.800000000000004            (-8.61860094079729272E-002,0.39273179364111616)
   49.900000000000006            (-1.56863078144005644E-002,0.44310480054497253)
   50.000000000000000             (7.53767889235596178E-002,0.48255878100981331)
   50.100000000000001                  (0.18653866768640118,0.50309112316925486)
   50.200000000000003                  (0.31412380043584287,0.49571278271356173)
   50.300000000000004                  (0.45047236374143795,0.45188540481670186)
   50.400000000000006                  (0.58385625704996036,0.36538392328832997)
   50.500000000000000                  (0.69924707775529926,0.23421359525172686)
   50.600000000000001             (0.78002452393826238,6.22302274980501766E-002)
   50.700000000000003                 (0.81050040521211064,-0.14002224573048047)
   50.800000000000004                 (0.77861778756827971,-0.35558261403783731)
   50.900000000000006                 (0.67849934428888214,-0.56231443903923906)
   51.000000000000000                 (0.51300041250865125,-0.73549883792737447)
   51.100000000000001                 (0.29490821270988016,-0.85170892563127520)
   51.200000000000003            (4.61956790008707235E-002,-0.89285235368031113)
   51.300000000000004                (-0.20428249093406695,-0.84998391595757194)
   51.400000000000006                (-0.42479406319626850,-0.72624191069863464)
   51.500000000000000                (-0.58624011892873407,-0.53800561664835778)
   51.600000000000001                (-0.66823169208127853,-0.31321174792607409)
   51.700000000000003           (-0.66406428837371867,-8.65543990893010290E-002)
   51.800000000000004                 (-0.58305384292474038,0.10764972312781250)
   51.900000000000006                 (-0.44888092736600016,0.24345441188645561)
   52.000000000000000                 (-0.29340122926865592,0.30947570889773279)
   52.100000000000001                 (-0.14787292756903631,0.31053001519523149)
   52.200000000000003            (-3.50888486430998570E-002,0.26423523136121213)
   52.300000000000004             (3.49904959066549073E-002,0.19405156243185898)
   52.400000000000006             (6.47560340732790812E-002,0.12156942457584227)
   52.500000000000000        (6.46027795315548270E-002,6.14142959368764590E-002)
   52.600000000000001        (4.75116772958589506E-002,1.99053634799963991E-002)
   52.700000000000003       (2.47044393693312964E-002,-3.41524383025410602E-003)
   52.800000000000004       (3.52642038533815131E-003,-1.27780678867311457E-002)
   52.900000000000006      (-1.25361037567463043E-002,-1.33937465542905820E-002)
   53.000000000000000      (-2.28414246847010831E-002,-9.77164488879986130E-003)
   53.100000000000001      (-2.83805329619487602E-002,-5.01298214102208466E-003)
   53.200000000000003      (-3.06564262185899418E-002,-8.02644800139606734E-004)
   53.300000000000004       (-3.10256562876953142E-002,2.18274740880831323E-003)
   53.400000000000006       (-3.05592867395904806E-002,3.86355745890223836E-003)
   53.500000000000000       (-3.00490068199275005E-002,4.46279564933064685E-003)
   53.600000000000001       (-3.00127100980073815E-002,4.24037808136420395E-003)
   53.700000000000003       (-3.06898000958835473E-002,3.30481430065901341E-003)
   53.800000000000004       (-3.19110754352309872E-002,1.70989315483599416E-003)
   53.900000000000006      (-3.33236062289638674E-002,-9.85901075900074900E-005)
   54.000000000000000      (-3.52196211915117921E-002,-1.37849930128640711E-003)
   54.100000000000001      (-3.85468577225264800E-002,-2.12466778597130519E-003)
   54.200000000000003      (-4.37481247988979888E-002,-3.16585013102486023E-003)
   54.300000000000004      (-5.05206294969973782E-002,-5.10183232378954785E-003)
   54.400000000000006      (-5.84658980869237066E-002,-7.88018224724279862E-003)
   54.500000000000000      (-6.74663272338356934E-002,-1.10558233155152452E-002)
   54.600000000000001      (-7.77465438591647823E-002,-1.40401246641216910E-002)
   54.700000000000003      (-8.96125198997640010E-002,-1.61399682930734936E-002)
   54.800000000000004           (-0.10320558299773172,-1.65157190303065297E-002)
   54.900000000000006           (-0.11841775332704506,-1.41967662351220117E-002)
   55.000000000000000           (-0.13491962476159966,-8.17064108847400522E-003)
   55.100000000000001            (-0.15219815359513120,2.51860284843584544E-003)
   55.200000000000003            (-0.16945427992466866,1.86963815368602695E-002)
   55.300000000000004            (-0.18541431365171418,4.09336251296985865E-002)
   55.400000000000006            (-0.19838061953819691,6.93611262986693344E-002)
   55.500000000000000                 (-0.20664142300581814,0.10362526239999793)
   55.600000000000001                 (-0.20878755710687918,0.14308412250291702)
   55.700000000000003                 (-0.20356775624857670,0.18698137345607996)
   55.800000000000004                 (-0.18959854575203791,0.23443222404256955)
   55.900000000000006                 (-0.16525386746598170,0.28435237036779243)
   56.000000000000000                 (-0.12861578972882279,0.33526559074847889)
   56.100000000000001            (-7.75106261692790899E-002,0.38482306261528115)
   56.200000000000003            (-9.90298559737780998E-003,0.42930320593105353)
   56.300000000000004             (7.53866604746630947E-002,0.46349044740333450)
   56.400000000000006                  (0.17790531526753178,0.48089546784658399)
   56.500000000000000                  (0.29478217838980503,0.47418087648010426)
   56.600000000000001                  (0.41999757818041150,0.43603771351987597)
   56.700000000000003                  (0.54410462886430200,0.36066043007126669)
   56.800000000000004                  (0.65470745845188894,0.24541064271838706)
   56.900000000000006             (0.73761079974491606,9.22035921729356944E-002)
   57.000000000000000            (0.77855718940824370,-9.15627125822197907E-002)
   57.100000000000001                 (0.76564222455707220,-0.29284071812679457)
   57.200000000000003                 (0.69147699155803499,-0.49377830279754625)
   57.300000000000004                 (0.55474872158909883,-0.67292413158216324)
   57.400000000000006                 (0.36247513129713982,-0.80778684361596398)
   57.500000000000000                 (0.13073409212756112,-0.87873750167618903)
   57.600000000000001                (-0.11671508215626344,-0.87245302650190137)
   57.700000000000003                (-0.35096423785573555,-0.78515558578542022)
   57.800000000000004                (-0.54206467728032293,-0.62500084123122002)
   57.900000000000006                (-0.66454889226287339,-0.41257861099199633)
   58.000000000000000                (-0.70314540633562705,-0.17841164615083135)
   58.100000000000001            (-0.65691357329876210,4.24376466968150318E-002)
   58.200000000000003                 (-0.54061630548209072,0.21763242459383172)
   58.300000000000004                 (-0.38210360765026263,0.32531565133807355)
   58.400000000000006                 (-0.21517254250202736,0.35950878268250586)
   58.500000000000000            (-7.04100700216791636E-002,0.33039761997781270)
   58.600000000000001             (3.21815565452971131E-002,0.25976047969404953)
   58.700000000000003             (8.66261032418712967E-002,0.17332373779971086)
   58.800000000000004        (9.93366411633616053E-002,9.28146022089610667E-002)
   58.900000000000006        (8.37763868813739543E-002,3.13811985711574398E-002)
   59.000000000000000       (5.47008909693867743E-002,-6.87475336879609343E-003)
   59.100000000000001       (2.38573101057428377E-002,-2.46790706265854927E-002)
   59.200000000000003      (-1.84682049403099070E-003,-2.80589477089736791E-002)
   59.300000000000004      (-1.98055259199953239E-002,-2.33277187035551073E-002)
   59.400000000000006      (-3.03085991347861947E-002,-1.55176700253893633E-002)
   59.500000000000000      (-3.51801360880065403E-002,-7.82990962125996830E-003)
   59.600000000000001      (-3.65178572546919211E-002,-1.76031808678435539E-003)
   59.700000000000003       (-3.59778685956370914E-002,2.30428851393903395E-003)
   59.800000000000004       (-3.47479772194617884E-002,4.56451024874270431E-003)
   59.900000000000006       (-3.36710874233780641E-002,5.48749337868960785E-003)
   60.000000000000000       (-3.33065715731768464E-002,5.48341910849360625E-003)
