  0.10000000000000001        7.5863645143670055E-008   2.9999999999785336        2.9999999241148885     
  0.20000000000000001        2.5125141300819109E-007   2.9999999241148894        2.9999996728634764     
  0.30000000000000004        4.2085512275136239E-007   2.9999996728634759        2.9999992520083532     
  0.40000000000000002        5.1087689323381369E-007   2.9999992520083523        2.9999987411314590     
  0.50000000000000000        5.1458204586296574E-007   2.9999987411314550        2.9999982265494092     
  0.59999999999999998        5.0239853743860863E-007   2.9999982265494087        2.9999977241508713     
  0.70000000000000007        5.2644821879610504E-007   2.9999977241508686        2.9999971977026498     
  0.80000000000000004        5.5844217516920480E-007   2.9999971977026454        2.9999966392604702     
  0.90000000000000002        5.4393842630062750E-007   2.9999966392604684        2.9999960953220421     
   1.0000000000000000        4.7798718005864771E-007   2.9999960953220390        2.9999956173348590     
   1.1000000000000001        3.9415815544785460E-007   2.9999956173348590        2.9999952231767035     
   1.2000000000000002        3.0727156330456751E-007   2.9999952231767031        2.9999949159051398     
   1.3000000000000003        2.0395355093683065E-007   2.9999949159051424        2.9999947119515915     
   1.4000000000000001        7.9459190782671385E-008   2.9999947119515906        2.9999946324923998     
   1.5000000000000002        4.3380908643086968E-008   2.9999946324923967        2.9999946758733054     
   1.6000000000000001        1.3240422447324818E-007   2.9999946758733032        2.9999948082775276     
   1.7000000000000002        1.7121315520896019E-007   2.9999948082775227        2.9999949794906779     
   1.8000000000000003        1.6848779216260823E-007   2.9999949794906775        2.9999951479784697     
   1.9000000000000001        1.5123623109403184E-007   2.9999951479784697        2.9999952992147008     
   2.0000000000000000        1.4595582564780329E-007   2.9999952992146981        2.9999954451705237     
   2.1000000000000001        1.5600062397425063E-007   2.9999954451705264        2.9999956011711504     
   2.2000000000000002        1.5600906078105936E-007   2.9999956011711522        2.9999957571802129     
   2.3000000000000003        1.1900229424099962E-007   2.9999957571802129        2.9999958761825072     
   2.4000000000000004        5.5074373950247946E-008   2.9999958761825085        2.9999959312568825     
   2.5000000000000004        1.0438725883687994E-008   2.9999959312568807        2.9999959416956066     
   2.6000000000000001        9.6192360743430072E-009   2.9999959416956039        2.9999959513148400     
   2.7000000000000002        9.6761061385564062E-009   2.9999959513148386        2.9999959609909448     
   2.8000000000000003        4.6164017497574150E-008   2.9999959609909435        2.9999959148269260     
   2.9000000000000004        1.2221219902741609E-007   2.9999959148269233        2.9999957926147243     
   3.0000000000000004        1.0511100478893809E-007   2.9999957926147260        2.9999956875037213     
   3.1000000000000001        2.9107540377992791E-008   2.9999956875037239        2.9999957166112643     
   3.2000000000000002        1.3848001811922472E-007   2.9999957166112687        2.9999958550912869     
   3.3000000000000003        8.7982744645387356E-008   2.9999958550912900        2.9999959430740346     
   3.4000000000000004        6.7658494806721592E-008   2.9999959430740355        2.9999958754155407     
   3.5000000000000004        1.6764368204746916E-007   2.9999958754155376        2.9999957077718555     
   3.6000000000000001        1.5512482454127507E-007   2.9999957077718591        2.9999955526470345     
   3.7000000000000002        1.1101029473437052E-007   2.9999955526470377        2.9999954416367429     
   3.8000000000000003        1.1310653258433945E-007   2.9999954416367434        2.9999953285302108     
   3.9000000000000004        1.4380897761512301E-007   2.9999953285302130        2.9999951847212354     
   4.0000000000000000        1.3682848232221545E-007   2.9999951847212354        2.9999950478927531     
   4.0999999999999996        6.2521452903752106E-008   2.9999950478927535        2.9999949853713006     
   4.2000000000000002        5.0270319462697444E-008   2.9999949853712971        2.9999950356416165     
   4.2999999999999998        1.5248348983476490E-007   2.9999950356416147        2.9999951881251046     
   4.3999999999999995        2.1602612454429959E-007   2.9999951881251019        2.9999954041512265     
   4.5000000000000000        2.4461785974594363E-007   2.9999954041512251        2.9999956487690849     
   4.5999999999999996        2.5989513785518170E-007   2.9999956487690831        2.9999959086642209     
   4.7000000000000002        2.8122051398682402E-007   2.9999959086642218        2.9999961898847358     
   4.7999999999999998        3.1165101432861775E-007   2.9999961898847345        2.9999965015357488     
   4.9000000000000004        3.3637769725203270E-007   2.9999965015357510        2.9999968379134483     
   5.0000000000000000        3.3626174422707322E-007   2.9999968379134478        2.9999971741751921     
   5.0999999999999996        3.0998942834870036E-007   2.9999971741751961        2.9999974841646244     
   5.2000000000000002        2.8337299307068520E-007   2.9999974841646244        2.9999977675376175     
   5.2999999999999998        2.8442609689705023E-007   2.9999977675376210        2.9999980519637179     
   5.4000000000000004        3.0341996426486162E-007   2.9999980519637215        2.9999983553836858     
   5.5000000000000000        2.9979847537831006E-007   2.9999983553836866        2.9999986551821620     
   5.5999999999999996        2.6710570422139313E-007   2.9999986551821611        2.9999989222878654     
   5.7000000000000002        2.5843333384401035E-007   2.9999989222878627        2.9999991807211965     
   5.7999999999999998        3.0853116994578045E-007   2.9999991807211988        2.9999994892523687     
   5.9000000000000004        3.6283669935244234E-007   2.9999994892523705        2.9999998520890698     
   6.0000000000000000        3.3787332842649676E-007   2.9999998520890689        3.0000001899623974     
   6.0999999999999996        2.3264075244000537E-007   3.0000001899623974        3.0000004226031498     
   6.2000000000000002        1.2812119276617295E-007   3.0000004226031503        3.0000005507243430     
   6.2999999999999998        8.4091243746087230E-008   3.0000005507243439        3.0000006348155877     
   6.4000000000000004        7.9008127595869837E-008   3.0000006348155868        3.0000007138237144     
   6.5000000000000000        5.2345527024044713E-008   3.0000007138237152        3.0000007661692423     
   6.5999999999999996        3.0951335716622452E-008   3.0000007661692432        3.0000007352179074     
   6.7000000000000002        1.7144489161680099E-007   3.0000007352179043        3.0000005637730127     
   6.7999999999999998        3.5984528956589656E-007   3.0000005637730145        3.0000002039277249     
   6.9000000000000004        5.7899094541014051E-007   3.0000002039277223        2.9999996249367769     
   7.0000000000000000        7.8735121578077383E-007   2.9999996249367791        2.9999988375855633     
   7.0999999999999996        9.2647850102878238E-007   2.9999988375855633        2.9999979111070623     
   7.2000000000000002        9.5231114638494319E-007   2.9999979111070578        2.9999969587959114     
   7.2999999999999998        8.5191657817063060E-007   2.9999969587959070        2.9999961068793288     
   7.4000000000000004        6.3642710301792249E-007   2.9999961068793293        2.9999954704522263     
   7.5000000000000000        3.3586664605067540E-007   2.9999954704522258        2.9999951345855798     
   7.5999999999999996        2.9332984929908434E-009   2.9999951345855806        2.9999951316522822     
   7.7000000000000002        2.9587224226190756E-007   2.9999951316522790        2.9999954275245213     
   7.7999999999999998        5.0789324701483451E-007   2.9999954275245218        2.9999959354177688     
   7.9000000000000004        6.1577755960939839E-007   2.9999959354177679        2.9999965511953275     
   8.0000000000000000        6.3315896525750759E-007   2.9999965511953235        2.9999971843542887     
   8.0999999999999996        5.8576963146705907E-007   2.9999971843542905        2.9999977701239220     
   8.1999999999999993        4.9866079843141620E-007   2.9999977701239229        2.9999982687847213     
   8.3000000000000007        3.9238885918280175E-007   2.9999982687847155        2.9999986611735747     
   8.4000000000000004        2.8078319180835365E-007   2.9999986611735792        2.9999989419567710     
   8.5000000000000000        1.7272356878095252E-007   2.9999989419567723        2.9999991146803411     
   8.5999999999999996        8.1821817321525714E-008   2.9999991146803406        2.9999991965021580     
   8.6999999999999993        2.7362691668031403E-008   2.9999991965021615        2.9999992238648532     
   8.8000000000000007        7.7399331388505743E-009   2.9999992238648514        2.9999992316047845     
   8.9000000000000004        2.2110610675696307E-008   2.9999992316047814        2.9999992094941708     
   9.0000000000000000        1.0447070719621365E-007   2.9999992094941694        2.9999991050234622     
   9.0999999999999996        1.9152426933288780E-007   2.9999991050234636        2.9999989134991942     
   9.1999999999999993        1.6842557437612982E-007   2.9999989134991982        2.9999987450736239     
   9.3000000000000007        2.1761812796228241E-008   2.9999987450736270        2.9999987233118142     
   9.4000000000000004        8.6950681321695811E-008   2.9999987233118115        2.9999988102624928     
   9.5000000000000000        7.9748754266972810E-009   2.9999988102624933        2.9999988182373687     
   9.5999999999999996        2.0189671845471935E-007   2.9999988182373678        2.9999986163406493     
   9.7000000000000011        3.6748934340025130E-007   2.9999986163406480        2.9999982488513046     
   9.8000000000000007        4.1513165971451826E-007   2.9999982488513055        2.9999978337196458     
   9.9000000000000004        4.1039755993566018E-007   2.9999978337196445        2.9999974233220845     
   10.000000000000000        4.2044395254237088E-007   2.9999974233220841        2.9999970028781315     
   10.100000000000000        4.2545545930749995E-007   2.9999970028781324        2.9999965774226731     
   10.200000000000001        3.6329602881579603E-007   2.9999965774226736        2.9999962141266447     
   10.300000000000001        2.0791393540164904E-007   2.9999962141266447        2.9999960062127093     
   10.400000000000000        1.2525128934015584E-008   2.9999960062127085        2.9999960187378374     
   10.500000000000000        2.4981198176732278E-007   2.9999960187378405        2.9999962685498223     
   10.600000000000000        4.6742113823938780E-007   2.9999962685498254        2.9999967359709636     
   10.700000000000001        6.4427606405459414E-007   2.9999967359709632        2.9999973802470272     
   10.800000000000001        7.6536941140403769E-007   2.9999973802470263        2.9999981456164377     
   10.900000000000000        8.1951617891817818E-007   2.9999981456164377        2.9999989651326167     
   11.000000000000000        8.0508367483744792E-007   2.9999989651326193        2.9999997702162942     
   11.100000000000000        7.3342431372580563E-007   2.9999997702162950        3.0000005036406088     
   11.200000000000001        6.2650589605084406E-007   3.0000005036406132        3.0000011301465093     
   11.300000000000001        5.1118383836978865E-007   3.0000011301465106        3.0000016413303490     
   11.400000000000000        4.0954354529887382E-007   3.0000016413303507        3.0000020508738960     
   11.500000000000000        3.2852229470137218E-007   3.0000020508738983        3.0000023793961930     
   11.600000000000000        2.6045475332026058E-007   3.0000023793961930        3.0000026398509463     
   11.700000000000001        1.9563589237492351E-007   3.0000026398509467        3.0000028354868391     
   11.800000000000001        1.3374521845577192E-007   3.0000028354868413        3.0000029692320598     
   11.900000000000000        8.9055161023310347E-008   3.0000029692320562        3.0000030582872173     
   12.000000000000000        8.2983855786977756E-008   3.0000030582872128        3.0000031412710686     
   12.100000000000000        1.1264865618088038E-007   3.0000031412710664        3.0000032539197226     
   12.200000000000001        1.3067192528026794E-007   3.0000032539197226        3.0000033845916478     
   12.300000000000001        9.1057875906130903E-008   3.0000033845916469        3.0000034756495229     
   12.400000000000000        2.2650610720376108E-008   3.0000034756495215        3.0000034983001322     
   12.500000000000000        2.7427354165610041E-008   3.0000034983001358        3.0000035257274900     
   12.600000000000000        1.8820861580337578E-007   3.0000035257274891        3.0000037139361049     
   12.700000000000001        4.7963643501347519E-007   3.0000037139361080        3.0000041935725430     
   12.800000000000001        7.6497522538687690E-007   3.0000041935725448        3.0000049585477702     
   12.900000000000000        8.7396881331969212E-007   3.0000049585477724        3.0000058325165857     
   13.000000000000000        6.9948970926603238E-007   3.0000058325165830        3.0000065320062923     
   13.100000000000000        2.5209193754704984E-007   3.0000065320062936        3.0000067840982312     
   13.200000000000001        3.5262189923557230E-007   3.0000067840982378        3.0000064314763386     
   13.300000000000001        9.5314289749737213E-007   3.0000064314763373        3.0000054783334398     
   13.400000000000000        1.4006218984619068E-006   3.0000054783334420        3.0000040777115435     
   13.500000000000000        1.5885040185459331E-006   3.0000040777115418        3.0000024892075232     
   13.600000000000000        1.4655406634922485E-006   3.0000024892075223        3.0000010236668588     
   13.700000000000001        1.0520103268518710E-006   3.0000010236668593        2.9999999716565324     
   13.800000000000001        4.4786537589658337E-007   2.9999999716565378        2.9999995237911619     
   13.900000000000000        1.9427076924927178E-007   2.9999995237911583        2.9999997180619276     
   14.000000000000000        7.2903363745879801E-007   2.9999997180619240        3.0000004470955615     
   14.100000000000000        1.0719039384987639E-006   3.0000004470955632        3.0000015189995017     
   14.200000000000001        1.2105668121265012E-006   3.0000015189995017        3.0000027295663139     
   14.300000000000001        1.1775943629110941E-006   3.0000027295663121        3.0000039071606750     
   14.400000000000000        1.0180540996884702E-006   3.0000039071606750        3.0000049252147747     
   14.500000000000000        7.7754511362826406E-007   3.0000049252147751        3.0000057027598888     
   14.600000000000000        5.0668795292807545E-007   3.0000057027598883        3.0000062094478412     
   14.700000000000001        2.6238233363784502E-007   3.0000062094478372        3.0000064718301709     
   14.800000000000001        9.4768364267139305E-008   3.0000064718301700        3.0000065665985343     
   14.900000000000000        2.3792814829448616E-008   3.0000065665985356        3.0000065903913504     
   15.000000000000000        1.8826073144850852E-008   3.0000065903913473        3.0000066092174205     
   15.100000000000000        6.3415384055076629E-009   3.0000066092174222        3.0000066155589606     
   15.200000000000001        7.0719010647479763E-008   3.0000066155589611        3.0000065448399504     
   15.300000000000001        1.7879633995576683E-007   3.0000065448399500        3.0000063660436100     
   15.400000000000000        2.1619510714998569E-007   3.0000063660436118        3.0000061498485047     
   15.500000000000000        1.5590087487638016E-007   3.0000061498485060        3.0000059939476311     
   15.600000000000000        1.1771922281411662E-007   3.0000059939476298        3.0000058762284070     
   15.700000000000001        2.2712940328517561E-007   3.0000058762284065        3.0000056490990032     
   15.800000000000001        4.5555813388276079E-007   3.0000056490990010        3.0000051935408671     
   15.900000000000000        6.7707492368285216E-007   3.0000051935408645        3.0000045164659408     
   16.000000000000000        8.2534674517020790E-007   3.0000045164659408        3.0000036911191956     
   16.100000000000001        9.1730809215206932E-007   3.0000036911191952        3.0000027738111030     
   16.200000000000003        9.6467951093970328E-007   3.0000027738110981        3.0000018091315872     
   16.300000000000001        9.3600537942606366E-007   3.0000018091315885        3.0000008731262091     
   16.400000000000002        8.0294350057741326E-007   3.0000008731262060        3.0000000701827054     
   16.500000000000004        5.8211097186955385E-007   3.0000000701827081        2.9999994880717362     
   16.600000000000001        3.1807316824838949E-007   2.9999994880717331        2.9999991699985649     
   16.700000000000003        3.9342006985521039E-008   2.9999991699985649        2.9999991306565579     
   16.800000000000001        2.5756649879582483E-007   2.9999991306565539        2.9999993882230527     
   16.900000000000002        5.8165402050391890E-007   2.9999993882230536        2.9999999698770741     
   17.000000000000004        9.0996445401003712E-007   2.9999999698770714        3.0000008798415254     
   17.100000000000001        1.1789814964302536E-006   3.0000008798415254        3.0000020588230218     
   17.200000000000003        1.3158856773110017E-006   3.0000020588230232        3.0000033747087005     
   17.300000000000001        1.2849432264872007E-006   3.0000033747087027        3.0000046596519292     
   17.400000000000002        1.1132927082435629E-006   3.0000046596519288        3.0000057729446370     
   17.500000000000004        8.7856347175119254E-007   3.0000057729446366        3.0000066515081083     
   17.600000000000001        6.6542610976938477E-007   3.0000066515081039        3.0000073169342136     
   17.700000000000003        5.1412528279115577E-007   3.0000073169342145        3.0000078310594973     
   17.800000000000001        3.9908217353001874E-007   3.0000078310594978        3.0000082301416713     
   17.900000000000002        2.7141544256537031E-007   3.0000082301416700        3.0000085015571125     
   18.000000000000004        1.3046051794418645E-007   3.0000085015571125        3.0000086320176305     
   18.100000000000001        2.6332172886611716E-008   3.0000086320176336        3.0000086583498065     
   18.200000000000003        1.3593223879837524E-008   3.0000086583498073        3.0000086447565835     
   18.300000000000001        1.6193925755914051E-008   3.0000086447565812        3.0000086285626555     
   18.400000000000002        2.1452299936441932E-008   3.0000086285626582        3.0000086071103582     
   18.500000000000004        5.8272706215944936E-008   3.0000086071103635        3.0000085488376573     
   18.600000000000001        1.3660736142284691E-007   3.0000085488376600        3.0000084122302986     
   18.700000000000003        1.9914676796517483E-007   3.0000084122302995        3.0000082130835315     
   18.800000000000001        9.9628425509479257E-008   3.0000082130835324        3.0000081134551069     
   18.900000000000002        2.9937647161304426E-007   3.0000081134551069        3.0000084128315785     
   19.000000000000004        9.7463390957841511E-007   3.0000084128315803        3.0000093874654898     
   19.100000000000001        1.6943460043883363E-006   3.0000093874654881        3.0000110818114925     
   19.200000000000003        2.1326297496848667E-006   3.0000110818114916        3.0000132144412412     
   19.300000000000004        2.0514873648735943E-006   3.0000132144412412        3.0000152659286061     
   19.400000000000002        1.4144603159849112E-006   3.0000152659286079        3.0000166803889239     
   19.500000000000004        3.8092275689294297E-007   3.0000166803889252        3.0000170613116821     
   19.600000000000001        7.7246880936243656E-007   3.0000170613116808        3.0000162888428714     
   19.700000000000003        1.7408545955888144E-006   3.0000162888428710        3.0000145479882754     
   19.800000000000004        2.2718304411029067E-006   3.0000145479882727        3.0000122761578316     
   19.900000000000002        2.2381134048288231E-006   3.0000122761578281        3.0000100380444232     
   20.000000000000004        1.6790713170955485E-006   3.0000100380444250        3.0000083589731079     
   20.100000000000001        7.7867125813924076E-007   3.0000083589731088        3.0000075803018507     
   20.200000000000003        2.1528712412788309E-007   3.0000075803018529        3.0000077955889770     
   20.300000000000004        1.0823037932539137E-006   3.0000077955889775        3.0000088778927707     
   20.400000000000002        1.6821321300319880E-006   3.0000088778927694        3.0000105600248994     
   20.500000000000004        1.9590398445679114E-006   3.0000105600248994        3.0000125190647440     
   20.600000000000001        1.9211832031906795E-006   3.0000125190647444        3.0000144402479476     
   20.700000000000003        1.6227445462924095E-006   3.0000144402479458        3.0000160629924921     
   20.800000000000004        1.1571905642604463E-006   3.0000160629924930        3.0000172201830573     
   20.900000000000002        6.5049201758426989E-007   3.0000172201830568        3.0000178706750744     
   21.000000000000004        2.3734293952415442E-007   3.0000178706750731        3.0000181080180126     
   21.100000000000001        1.2124237169786056E-008   3.0000181080180131        3.0000181201422502     
   21.200000000000003        2.8850817734848988E-008   3.0000181201422471        3.0000180912914294     
   21.300000000000004        2.8895952297602889E-010   3.0000180912914289        3.0000180910024694     
   21.400000000000002        4.1553446461506383E-008   3.0000180910024707        3.0000180494490243     
   21.500000000000004        1.7845317445974729E-007   3.0000180494490225        3.0000178709958480     
   21.600000000000001        3.0429611008742086E-007   3.0000178709958467        3.0000175666997366     
   21.700000000000003        3.4643184410043659E-007   3.0000175666997384        3.0000172202678943     
   21.800000000000004        3.9267992857361378E-007   3.0000172202678939        3.0000168275879653     
   21.900000000000002        5.7618069693177176E-007   3.0000168275879675        3.0000162514072706     
   22.000000000000004        9.0604695923701684E-007   3.0000162514072684        3.0000153453603091     
   22.100000000000001        1.2923929402219869E-006   3.0000153453603091        3.0000140529673689     
   22.200000000000003        1.6551014385690621E-006   3.0000140529673680        3.0000123978659294     
   22.300000000000004        1.9289630075469688E-006   3.0000123978659325        3.0000104689029250     
   22.400000000000002        2.0320675830909352E-006   3.0000104689029250        3.0000084368353419     
   22.500000000000004        1.9083035827094363E-006   3.0000084368353415        3.0000065285317588     
   22.600000000000001        1.5915780391395629E-006   3.0000065285317570        3.0000049369537178     
   22.700000000000003        1.1990823685081864E-006   3.0000049369537165        3.0000037378713480     
   22.800000000000004        8.5752505185610062E-007   3.0000037378713431        3.0000028803462913     
   22.900000000000002        6.3043519116234847E-007   3.0000028803462904        3.0000022499110992     
   23.000000000000004        4.9543004854157857E-007   3.0000022499110979        3.0000017544810493     
   23.100000000000001        3.7385924533950288E-007   3.0000017544810524        3.0000013806218071     
   23.200000000000003        1.8706063364959391E-007   3.0000013806218044        3.0000011935611708     
   23.300000000000004        9.2336713386487190E-008   3.0000011935611699        3.0000012858978833     
   23.400000000000002        4.1912178039282821E-007   3.0000012858978868        3.0000017050196672     
   23.500000000000004        6.9573500871555893E-007   3.0000017050196721        3.0000024007546808     
   23.600000000000001        8.2654993383002306E-007   3.0000024007546813        3.0000032273046151     
   23.700000000000003        7.7843553913936603E-007   3.0000032273046129        3.0000040057401520     
   23.800000000000004        6.0753493791310120E-007   3.0000040057401534        3.0000046132750913     
   23.900000000000002        4.2220403884130064E-007   3.0000046132750913        3.0000050354791301     
   24.000000000000004        2.9672905332844834E-007   3.0000050354791279        3.0000053322081812     
   24.100000000000001        2.1205778644173279E-007   3.0000053322081812        3.0000055442659677     
   24.200000000000003        1.0084142987309974E-007   3.0000055442659659        3.0000056451073958     
   24.300000000000004        4.6785884499911390E-008   3.0000056451073922        3.0000055983215077     
   24.400000000000002        1.6620619325280472E-007   3.0000055983215059        3.0000054321153127     
   24.500000000000004        2.1288071083702675E-007   3.0000054321153176        3.0000052192346067     
   24.600000000000001        2.1429317786925139E-007   3.0000052192346067        3.0000050049414289     
   24.700000000000003        2.3878843569136166E-007   3.0000050049414271        3.0000047661529914     
   24.800000000000004        3.6853196672126387E-007   3.0000047661529896        3.0000043976210229     
   24.900000000000002        6.3507571823606668E-007   3.0000043976210242        3.0000037625453060     
   25.000000000000004        9.0025639654101042E-007   3.0000037625453144        3.0000028622889179     
   25.100000000000001        8.6745097416240924E-007   3.0000028622889165        3.0000019948379424     
   25.200000000000003        3.0348785218237140E-007   3.0000019948379442        3.0000016913500920     
   25.300000000000004        7.4115990500445150E-007   3.0000016913500920        3.0000024325099970     
   25.400000000000002        1.9333279404065706E-006   3.0000024325100005        3.0000043658379409     
   25.500000000000004        2.8446641411328244E-006   3.0000043658379427        3.0000072105020839     
   25.600000000000001        3.1394669397499797E-006   3.0000072105020803        3.0000103499690201     
   25.700000000000003        2.6622166857670493E-006   3.0000103499690214        3.0000130121857072     
   25.800000000000004        1.4629823437140033E-006   3.0000130121857045        3.0000144751680482     
   25.900000000000002        1.9403719386801299E-007   3.0000144751680478        3.0000142811308539     
   26.000000000000004        1.8729716453336209E-006   3.0000142811308566        3.0000124081592112     
   26.100000000000001        3.1016781130155380E-006   3.0000124081592134        3.0000093064811004     
   26.200000000000003        3.5524727000080247E-006   3.0000093064810995        3.0000057540083995     
   26.300000000000004        3.1584860118449853E-006   3.0000057540083986        3.0000025955223868     
   26.400000000000002        2.1033176067497550E-006   3.0000025955223859        3.0000004922047792     
   26.500000000000004        7.1625961073351618E-007   3.0000004922047809        2.9999997759451702     
   26.600000000000001        6.5225330470042309E-007   2.9999997759451706        3.0000004281984753     
   26.700000000000003        1.7230554787417418E-006   3.0000004281984727        3.0000021512539514     
   26.800000000000004        2.3337436916293086E-006   3.0000021512539510        3.0000044849976426     
   26.900000000000002        2.4441155059840014E-006   3.0000044849976475        3.0000069291131535     
   27.000000000000004        2.1180615967786309E-006   3.0000069291131544        3.0000090471747511     
   27.100000000000001        1.4988534364768213E-006   3.0000090471747547        3.0000105460281912     
   27.200000000000003        7.8349695264989805E-007   3.0000105460281903        3.0000113295251429     
   27.300000000000004        1.8332312379243376E-007   3.0000113295251434        3.0000115128482672     
   27.400000000000002        1.5250765761365415E-007   3.0000115128482676        3.0000113603406100     
   27.500000000000004        2.4109719332088275E-007   3.0000113603406104        3.0000111192434171     
   27.600000000000001        2.9599030026972173E-007   3.0000111192434153        3.0000108232531151     
   27.700000000000003        5.6181475871497355E-007   3.0000108232531111        3.0000102614383524     
   27.800000000000004        1.0739903464340728E-006   3.0000102614383550        3.0000091874480086     
   27.900000000000002        1.6995080858173139E-006   3.0000091874480042        3.0000074879399183     
   28.000000000000004        2.4380082290775817E-006   3.0000074879399179        3.0000050499316888     
   28.100000000000001        3.4367344743380102E-006   3.0000050499316866        3.0000016131972123     
   28.200000000000003        4.6449024750927492E-006   3.0000016131972114        2.9999969682947363     
   28.300000000000004        5.7199379113193061E-006   2.9999969682947327        2.9999912483568214     
   28.400000000000002        6.3505976264366382E-006   2.9999912483568218        2.9999848977591954     
   28.500000000000004        6.5261648711789633E-006   2.9999848977591967        2.9999783715943256     
   28.600000000000001        6.4239432697732468E-006   2.9999783715943278        2.9999719476510580     
   28.700000000000003        6.1304458793820515E-006   2.9999719476510580        2.9999658172051786     
   28.800000000000004        5.6106508621311946E-006   2.9999658172051791        2.9999602065543169     
   28.900000000000002        4.9033718965141304E-006   2.9999602065543152        2.9999553031824187     
   29.000000000000004        4.2186665853982674E-006   2.9999553031824155        2.9999510845158301     
   29.100000000000001        3.8293005686362847E-006   2.9999510845158275        2.9999472552152588     
   29.200000000000003        3.9032399778982096E-006   2.9999472552152580        2.9999433519752801     
   29.300000000000004        4.4204019102878078E-006   2.9999433519752832        2.9999389315733729     
   29.400000000000002        5.1948906740761913E-006   2.9999389315733738        2.9999337366826997     
   29.500000000000004        5.9553692697278393E-006   2.9999337366827015        2.9999277813134317     
   29.600000000000001        6.4397384860193085E-006   2.9999277813134304        2.9999213415749444     
   29.700000000000003        6.4817603231404064E-006   2.9999213415749448        2.9999148598146217     
   29.800000000000004        6.0703162945152656E-006   2.9999148598146212        2.9999087894983267     
   29.900000000000002        5.3515531095449376E-006   2.9999087894983276        2.9999034379452181     
   30.000000000000004        4.5519129021620586E-006   2.9999034379452154        2.9998988860323132     
   30.100000000000001        3.8492967995296112E-006   2.9998988860323137        2.9998950367355142     
   30.200000000000003        3.2833878980120801E-006   2.9998950367355146        2.9998917533476166     
   30.300000000000004        2.7931738491027147E-006   2.9998917533476215        2.9998889601737724     
   30.400000000000002        2.3494149643532580E-006   2.9998889601737719        2.9998866107588076     
   30.500000000000004        2.0206651787368912E-006   2.9998866107588062        2.9998845900936275     
   30.600000000000001        1.8839644355672647E-006   2.9998845900936280        2.9998827061291924     
   30.700000000000003        1.9212344137820025E-006   2.9998827061291946        2.9998807848947808     
   30.800000000000004        2.0602593839846861E-006   2.9998807848947822        2.9998787246353982     
   30.900000000000002        2.2980892291357691E-006   2.9998787246354000        2.9998764265461708     
   31.000000000000004        2.7799390425187198E-006   2.9998764265461721        2.9998736466071296     
   31.100000000000001        3.7370574665906986E-006   2.9998736466071292        2.9998699095496626     
   31.200000000000003        5.2097949136964417E-006   2.9998699095496644        2.9998646997547507     
   31.300000000000004        6.7866085506906870E-006   2.9998646997547476        2.9998579131461969     
   31.400000000000002        7.7453042814923379E-006   2.9998579131461973        2.9998501678419158     
   31.500000000000004        7.5187142525301454E-006   2.9998501678419154        2.9998426491276629     
   31.600000000000001        6.0181142282900169E-006   2.9998426491276597        2.9998366310134315     
   31.700000000000003        3.5957540909237196E-006   2.9998366310134297        2.9998330352593388     
   31.800000000000004        8.3841564268993807E-007   2.9998330352593352        2.9998321968436925     
   31.900000000000002        1.5805038473537536E-006   2.9998321968436970        2.9998337773475443     
   32.000000000000000        3.0025343633610646E-006   2.9998337773475487        2.9998367798819121     
   32.100000000000001        2.9651221753468349E-006   2.9998367798819094        2.9998397450040848     
   32.200000000000003        1.4331741535755782E-006   2.9998397450040852        2.9998411781782388     
   32.300000000000004        1.1156333066253410E-006   2.9998411781782361        2.9998400625449295     
   32.400000000000006        3.8717230057550012E-006   2.9998400625449273        2.9998361908219215     
   32.500000000000000        6.0366842635772855E-006   2.9998361908219215        2.9998301541376580     
   32.600000000000001        7.1212275680743176E-006   2.9998301541376637        2.9998230329100957     
   32.700000000000003        7.0703111214598380E-006   2.9998230329100992        2.9998159625989778     
   32.800000000000004        6.2046763331657928E-006   2.9998159625989773        2.9998097579226441     
   32.900000000000006        5.0307611747513192E-006   2.9998097579226437        2.9998047271614690     
   33.000000000000000        4.0101182876561836E-006   2.9998047271614694        2.9998007170431817     
   33.100000000000001        3.4011724205917915E-006   2.9998007170431813        2.9997973158707607     
   33.200000000000003        3.2403014951221110E-006   2.9997973158707651        2.9997940755692700     
   33.300000000000004        3.4276622939977130E-006   2.9997940755692643        2.9997906479069703     
   33.400000000000006        3.8177617609491676E-006   2.9997906479069747        2.9997868301452137     
   33.500000000000000        4.2448784212112400E-006   2.9997868301452151        2.9997825852667939     
   33.600000000000001        4.5092609379793203E-006   2.9997825852667965        2.9997780760058586     
   33.700000000000003        4.4313310483268253E-006   2.9997780760058608        2.9997736446748124     
   33.800000000000004        4.0420905524918282E-006   2.9997736446748107        2.9997696025842582     
   33.900000000000006        3.7457381987238136E-006   2.9997696025842617        2.9997658568460630     
   34.000000000000000        4.1075861605399666E-006   2.9997658568460648        2.9997617492599042     
   34.100000000000001        5.3495008804915756E-006   2.9997617492599069        2.9997563997590264     
   34.200000000000003        7.3338743722395350E-006   2.9997563997590233        2.9997490658846511     
   34.300000000000004        1.0243861357839279E-005   2.9997490658846471        2.9997388220232892     
   34.400000000000006        1.4788771199647499E-005   2.9997388220232852        2.9997240332520856     
   34.500000000000000        2.1143232987963501E-005   2.9997240332520856        2.9997028900190976     
   34.600000000000001        2.7714906588816035E-005   2.9997028900190972        2.9996751751125084     
   34.700000000000003        3.1625680613434071E-005   2.9996751751125101        2.9996435494318967     
   34.800000000000004        3.1043799898711200E-005   2.9996435494318958        2.9996125056319971     
   34.900000000000006        2.6940983018697295E-005   2.9996125056319962        2.9995855646489775     
   35.000000000000000        2.2006104836602702E-005   2.9995855646489753        2.9995635585441387     
   35.100000000000001        1.8143669390902062E-005   2.9995635585441427        2.9995454148747518     
   35.200000000000003        1.5682629650015656E-005   2.9995454148747531        2.9995297322451031     
   35.300000000000004        1.4332731788080366E-005   2.9995297322451040        2.9995153995133159     
   35.400000000000006        1.4016074289191494E-005   2.9995153995133146        2.9995013834390254     
   35.500000000000000        1.4871453759557340E-005   2.9995013834390249        2.9994865119852654     
   35.600000000000001        1.6906334991517724E-005   2.9994865119852689        2.9994696056502774     
   35.700000000000003        1.9792004701812971E-005   2.9994696056502761        2.9994498136455743     
   35.800000000000004        2.2906567913594245E-005   2.9994498136455769        2.9994269070776634     
   35.900000000000006        2.5517485172876775E-005   2.9994269070776616        2.9994013895924887     
   36.000000000000000        2.6993129234931246E-005   2.9994013895924887        2.9993743964632538     
   36.100000000000001        2.6986508901760686E-005   2.9993743964632604        2.9993474099543587     
   36.200000000000003        2.5545786204173027E-005   2.9993474099543573        2.9993218641681532     
   36.300000000000004        2.3086754227463757E-005   2.9993218641681563        2.9992987774139288     
   36.400000000000006        2.0192996665446827E-005   2.9992987774139310        2.9992785844172656     
   36.500000000000000        1.7333404818131726E-005   2.9992785844172598        2.9992612510124417     
   36.600000000000001        1.4706412509557509E-005   2.9992612510124457        2.9992465445999361     
   36.700000000000003        1.2348956102581354E-005   2.9992465445999397        2.9992341956438371     
   36.800000000000004        1.0365933767353397E-005   2.9992341956438393        2.9992238297100720     
   36.900000000000006        8.9717771358799325E-006   2.9992238297100733        2.9992148579329374     
   37.000000000000000        8.3066158884648189E-006   2.9992148579329316        2.9992065513170432     
   37.100000000000001        8.3640142598540024E-006   2.9992065513170427        2.9991981873027829     
   37.200000000000003        9.2326576761614376E-006   2.9991981873027802        2.9991889546451040     
   37.300000000000004        1.1375540380331728E-005   2.9991889546451054        2.9991775791047250     
   37.400000000000006        1.5484582235547606E-005   2.9991775791047255        2.9991620945224899     
   37.500000000000000        2.1844756033395640E-005   2.9991620945224939        2.9991402497664605     
   37.600000000000001        2.9784905687613161E-005   2.9991402497664623        2.9991104648607747     
   37.700000000000003        3.7697170792494461E-005   2.9991104648607743        2.9990727676899818     
   37.800000000000004        4.3345350769552482E-005   2.9990727676899827        2.9990294223392131     
   37.900000000000006        4.4242267892347087E-005   2.9990294223392127        2.9989851800713203     
   38.000000000000000        3.8642372725217200E-005   2.9989851800713159        2.9989465376985907     
   38.100000000000001        2.7011734428317169E-005   2.9989465376985907        2.9989195259641623     
   38.200000000000003        1.2298183746484170E-005   2.9989195259641668        2.9989072277804203     
   38.300000000000004        1.6271187894822958E-006   2.9989072277804216        2.9989088548992111     
   38.400000000000006        1.1784516007029566E-005   2.9989088548992133        2.9989206394152204     
   38.500000000000007        1.6893193707456788E-005   2.9989206394152221        2.9989375326089296     
   38.600000000000001        1.7262616308855172E-005   2.9989375326089291        2.9989547952252380     
   38.700000000000003        1.4212117633860544E-005   2.9989547952252376        2.9989690073428714     
   38.800000000000004        9.3559790026453982E-006   2.9989690073428732        2.9989783633218758     
   38.900000000000006        4.0390680302593296E-006   2.9989783633218741        2.9989824023899043     
   39.000000000000007        9.2179667454672654E-007   2.9989824023899012        2.9989814805932267     
   39.100000000000001        5.2200961242476751E-006   2.9989814805932253        2.9989762604971011     
   39.200000000000003        8.8853049717840804E-006   2.9989762604971029        2.9989673751921311     
   39.300000000000004        1.2068270920373436E-005   2.9989673751921324        2.9989553069212120     
   39.400000000000006        1.4876132441887790E-005   2.9989553069212116        2.9989404307887697     
   39.500000000000007        1.7308594971954250E-005   2.9989404307887693        2.9989231221937973     
   39.600000000000001        1.9290781967384873E-005   2.9989231221937911        2.9989038314118237     
   39.700000000000003        2.0742643044080467E-005   2.9989038314118228        2.9988830887687787     
   39.800000000000004        2.1599675502415039E-005   2.9988830887687850        2.9988614890932825     
   39.900000000000006        2.1752642129335698E-005   2.9988614890932834        2.9988397364511541     
   40.000000000000007        2.1032075080196222E-005   2.9988397364511497        2.9988187043760695     
   40.100000000000001        1.9460107836266616E-005   2.9988187043760712        2.9987992442682350     
   40.200000000000003        1.7670795844804132E-005   2.9987992442682332        2.9987815734723884     
   40.300000000000004        1.6815629268140952E-005   2.9987815734723848        2.9987647578431167     
   40.400000000000006        1.7701528125080301E-005   2.9987647578431131        2.9987470563149881     
   40.500000000000007        2.0457055101008592E-005   2.9987470563149858        2.9987265992598848     
   40.600000000000001        2.5545346188593498E-005   2.9987265992598844        2.9987010539136958     
   40.700000000000003        3.4618751628467948E-005   2.9987010539136989        2.9986664351620704     
   40.800000000000004        4.9996552904385538E-005   2.9986664351620687        2.9986164386091643     
   40.900000000000006        7.2077931672076545E-005   2.9986164386091612        2.9985443606774891     
   41.000000000000007        9.4925789343669464E-005   2.9985443606774909        2.9984494348881472     
   41.100000000000001        1.0662082899548508E-004   2.9984494348881525        2.9983428140591570     
   41.200000000000003        9.9029474774248172E-005   2.9983428140591548        2.9982437845843806     
   41.300000000000004        7.6690550386171452E-005   2.9982437845843797        2.9981670940339935     
   41.400000000000006        5.2135975094902420E-005   2.9981670940339953        2.9981149580589004     
   41.500000000000007        3.4178255813976932E-005   2.9981149580588977        2.9980807798030837     
   41.600000000000001        2.4263677069757961E-005   2.9980807798030882        2.9980565161260184     
   41.700000000000003        2.0449758399987417E-005   2.9980565161260175        2.9980360663676175     
   41.800000000000004        2.0937088232475531E-005   2.9980360663676153        2.9980151292793829     
   41.900000000000006        2.4724340525583699E-005   2.9980151292793824        2.9979904049388568     
   42.000000000000007        3.0993601277451432E-005   2.9979904049388550        2.9979594113375776     
   42.100000000000001        3.8644206987292762E-005   2.9979594113375794        2.9979207671305921     
   42.200000000000003        4.6291429787626015E-005   2.9979207671305921        2.9978744757008045     
   42.300000000000004        5.2537568040467164E-005   2.9978744757008076        2.9978219381327671     
   42.400000000000006        5.6304435274601161E-005   2.9978219381327635        2.9977656336974889     
   42.500000000000007        5.7106885408497732E-005   2.9977656336974969        2.9977085268120884     
   42.600000000000001        5.5166767393810545E-005   2.9977085268120867        2.9976533600446928     
   42.700000000000003        5.1262033512688987E-005   2.9976533600446911        2.9976020980111784     
   42.800000000000004        4.6319431982855264E-005   2.9976020980111757        2.9975557785791929     
   42.900000000000006        4.0998613567211351E-005   2.9975557785791946        2.9975147799656274     
   43.000000000000007        3.5617306205271149E-005   2.9975147799656270        2.9974791626594217     
   43.100000000000001        3.0454170794058655E-005   2.9974791626594208        2.9974487084886268     
   43.200000000000003        2.5980109251477757E-005   2.9974487084886268        2.9974227283793753     
   43.300000000000004        2.2657725914143612E-005   2.9974227283793726        2.9974000706534585     
   43.400000000000006        2.0712499014585717E-005   2.9974000706534611        2.9973793581544466     
   43.500000000000007        2.0495972732792467E-005   2.9973793581544470        2.9973588621817142     
   43.600000000000001        2.3099584769870063E-005   2.9973588621817120        2.9973357625969421     
   43.700000000000003        3.0242298810545520E-005   2.9973357625969399        2.9973055202981294     
   43.800000000000004        4.3354917102167434E-005   2.9973055202981325        2.9972621653810303     
   43.900000000000006        6.2848687417460525E-005   2.9972621653810374        2.9971993166936199     
   44.000000000000007        8.7944864531674938E-005   2.9971993166936253        2.9971113718290936     
   44.100000000000001        1.1593949987931396E-004   2.9971113718290963        2.9969954323292169     
   44.200000000000003        1.3991333744423073E-004   2.9969954323292205        2.9968555189917763     
   44.300000000000004        1.4757965857103983E-004   2.9968555189917749        2.9967079393332039     
   44.400000000000006        1.2759646356697019E-004   2.9967079393331968        2.9965803428696298     
   44.500000000000007        8.1540178386685369E-005   2.9965803428696294        2.9964988026912427     
   44.600000000000001        2.5354497439344925E-005   2.9964988026912462        2.9964734481938069     
   44.700000000000003        2.4095557086489805E-005   2.9964734481938140        2.9964975437509005     
   44.800000000000004        5.9154801457683703E-005   2.9964975437509018        2.9965566985523595     
   44.900000000000006        7.9833937474127481E-005   2.9965566985523568        2.9966365324898310     
   45.000000000000007        8.8754660565903976E-005   2.9966365324898256        2.9967252871503915     
   45.100000000000001        8.8530549531284919E-005   2.9967252871503876        2.9968138176999188     
   45.200000000000003        8.1330477079699648E-005   2.9968138176999140        2.9968951481769937     
   45.300000000000004        6.9127093369480974E-005   2.9968951481769914        2.9969642752703609     
   45.400000000000006        5.3879512498689053E-005   2.9969642752703622        2.9970181547828609     
   45.500000000000007        3.7441579486152676E-005   2.9970181547828600        2.9970555963623462     
   45.600000000000001        2.1291814900514794E-005   2.9970555963623466        2.9970768881772472     
   45.700000000000003        6.3420485028053974E-006   2.9970768881772489        2.9970832302257517     
   45.800000000000004        6.9991359246124318E-006   2.9970832302257553        2.9970762310898307     
   45.900000000000006        1.8573206388428076E-005   2.9970762310898320        2.9970576578834436     
   46.000000000000007        2.8244449254533066E-005   2.9970576578834427        2.9970294134341882     
   46.100000000000001        3.5827716274194898E-005   2.9970294134341895        2.9969935857179153     
   46.200000000000003        4.1099086301787935E-005   2.9969935857179126        2.9969524866316108     
   46.300000000000004        4.3816360789428188E-005   2.9969524866316082        2.9969086702708188     
   46.400000000000006        4.3960163018663678E-005   2.9969086702708205        2.9968647101078019     
   46.500000000000007        4.2342910268722278E-005   2.9968647101077979        2.9968223671975291     
   46.600000000000001        4.0770005952595056E-005   2.9968223671975265        2.9967815971915739     
   46.700000000000003        4.0864641561721982E-005   2.9967815971915774        2.9967407325500157     
   46.800000000000004        4.3250194458277491E-005   2.9967407325500108        2.9966974823555526     
   46.900000000000006        4.8949875883330662E-005   2.9966974823555508        2.9966485324796674     
   47.000000000000007        6.0697746865567836E-005   2.9966485324796688        2.9965878347328032     
   47.100000000000001        8.3167778779369428E-005   2.9965878347328072        2.9965046669540278     
   47.200000000000003        1.2322404680675803E-004   2.9965046669540305        2.9963814429072237     
   47.300000000000004        1.8345819096099447E-004   2.9963814429072255        2.9961979847162645     
   47.400000000000006        2.4639990665642486E-004   2.9961979847162659        2.9959515848096094     
   47.500000000000007        2.7473201726246899E-004   2.9959515848096139        2.9956768527923514     
   47.600000000000001        2.4341785682135963E-004   2.9956768527923501        2.9954334349355287     
   47.700000000000003        1.6842879020106949E-004   2.9954334349355314        2.9952650061453303     
   47.800000000000004        9.0524694925431248E-005   2.9952650061453365        2.9951744814504111     
   47.900000000000006        3.5814485414675801E-005   2.9951744814504138        2.9951386669649991     
   48.000000000000007        6.0623263808956551E-006   2.9951386669649960        2.9951326046386151     
   48.100000000000001        6.2863321939055083E-006   2.9951326046386089        2.9951388909708028     
   48.200000000000003        7.3118910806080351E-006   2.9951388909707930        2.9951462028618736     
   48.300000000000004        3.1540288825127050E-007   2.9951462028618701        2.9951465182647583     
   48.400000000000006        1.2372853622544255E-005   2.9951465182647552        2.9951341454111327     
   48.500000000000007        2.8236754595400981E-005   2.9951341454111322        2.9951059086565368     
   48.600000000000001        4.4514946182960813E-005   2.9951059086565390        2.9950613937103561     
   48.700000000000003        5.8675394799312386E-005   2.9950613937103578        2.9950027183155585     
   48.800000000000004        6.8950286742364142E-005   2.9950027183155590        2.9949337680288166     
   48.900000000000006        7.4671778158119650E-005   2.9949337680288184        2.9948590962506603     
   49.000000000000007        7.6243137301812425E-005   2.9948590962506643        2.9947828531133625     
   49.100000000000001        7.4685737011304099E-005   2.9947828531133633        2.9947081673763520     
   49.200000000000003        7.0973671031815400E-005   2.9947081673763529        2.9946371937053211     
   49.300000000000004        6.5658540319368797E-005   2.9946371937053189        2.9945715351649995     
   49.400000000000006        5.9131917459431804E-005   2.9945715351649995        2.9945124032475401     
   49.500000000000007        5.2119697756314309E-005   2.9945124032475374        2.9944602835497811     
   49.600000000000001        4.5575848838463884E-005   2.9944602835497816        2.9944147077009431     
   49.700000000000003        4.0146039017141533E-005   2.9944147077009440        2.9943745616619268     
   49.800000000000004        3.6479067877515092E-005   2.9943745616619220        2.9943380825940444     
   49.900000000000006        3.6333832939661193E-005   2.9943380825940364        2.9943017487610968     
   50.000000000000007        4.2714638881058420E-005   2.9943017487610906        2.9942590341222095     
   50.100000000000001        5.8874414618159676E-005   2.9942590341222033        2.9942001597075851     
   50.200000000000003        8.7837592262385300E-005   2.9942001597075825        2.9941123221153201     
   50.300000000000004        1.3258803904125926E-004   2.9941123221153219        2.9939797340762806     
   50.400000000000006        1.9507860726042381E-004   2.9939797340762881        2.9937846554690277     
   50.500000000000007        2.7110187972256838E-004   2.9937846554690344        2.9935135535893118     
   50.600000000000001        3.3999625973146763E-004   2.9935135535893167        2.9931735573295852     
   50.700000000000003        3.6107199205925866E-004   2.9931735573295835        2.9928124853375242     
   50.800000000000004        2.9709536523014890E-004   2.9928124853375149        2.9925153899722847     
   50.900000000000006        1.5822067549464691E-004   2.9925153899722825        2.9923571692967879     
   51.000000000000007        4.1716448935247286E-006   2.9923571692967936        2.9923529976519001     
   51.100000000000001        1.1479898851307624E-004   2.9923529976519059        2.9924677966404190     
   51.200000000000003        1.9064684791736397E-004   2.9924677966404181        2.9926584434883354     
   51.300000000000004        2.3616147753191541E-004   2.9926584434883279        2.9928946049658598     
   51.400000000000006        2.6133029702313237E-004   2.9928946049658522        2.9931559352628754     
   51.500000000000007        2.6938132128861980E-004   2.9931559352628714        2.9934253165841600     
   51.600000000000001        2.6133929996907668E-004   2.9934253165841622        2.9936866558841313     
   51.700000000000003        2.3941524746406984E-004   2.9936866558841335        2.9939260711315976     
   51.800000000000004        2.0752707431093143E-004   2.9939260711315976        2.9941335982059085     
   51.900000000000006        1.7021591262400548E-004   2.9941335982059134        2.9943038141185374     
   52.000000000000007        1.3134083636057170E-004   2.9943038141185339        2.9944351549548944     
   52.100000000000001        9.3411012239030811E-005   2.9944351549548931        2.9945285659671321     
   52.200000000000003        5.7765224851014096E-005   2.9945285659671308        2.9945863311919818     
   52.300000000000004        2.5229986885033640E-005   2.9945863311919836        2.9946115611788686     
   52.400000000000006        3.3333973603610900E-006   2.9946115611788668        2.9946082277815065     
   52.500000000000007        2.6922647282656698E-005   2.9946082277815069        2.9945813051342243     
   52.600000000000001        4.4624982355578879E-005   2.9945813051342260        2.9945366801518705     
   52.700000000000003        5.6050710680377591E-005   2.9945366801518660        2.9944806294411856     
   52.800000000000004        6.2074196762296197E-005   2.9944806294411834        2.9944185552444211     
   52.900000000000006        6.5234789457857545E-005   2.9944185552444198        2.9943533204549619     
   53.000000000000007        6.8340167343361458E-005   2.9943533204549566        2.9942849802876133     
   53.100000000000001        7.2878880019278114E-005   2.9942849802876110        2.9942121014075918     
   53.200000000000003        8.0758740363950920E-005   2.9942121014075873        2.9941313426672234     
   53.300000000000004        9.6500375598385091E-005   2.9941313426672189        2.9940348422916205     
   53.400000000000006        1.2726400079188238E-004   2.9940348422916201        2.9939075782908282     
   53.500000000000007        1.8540216884144201E-004   2.9939075782908282        2.9937221761219868     
   53.600000000000001        2.8908201038646553E-004   2.9937221761219894        2.9934330941116030     
   53.700000000000003        4.3939923063307518E-004   2.9934330941116056        2.9929936948809726     
   53.800000000000004        5.8170536164769970E-004   2.9929936948809761        2.9924119895193284     
   53.900000000000006        6.2362669401672122E-004   2.9924119895193320        2.9917883628253152     
   54.000000000000007        5.1807536807491061E-004   2.9917883628253144        2.9912702874572394     
   54.100000000000001        3.1918679261755400E-004   2.9912702874572346        2.9909511006646170     
   54.200000000000003        1.3153261850140652E-004   2.9909511006646223        2.9908195680461209     
   54.300000000000004        8.5793327588845614E-006   2.9908195680461245        2.9908109887133656     
   54.400000000000006        5.8462938740344583E-005   2.9908109887133603        2.9908694516521006     
   54.500000000000007        9.2056652543970330E-005   2.9908694516520939        2.9909615083046379     
   54.600000000000001        1.0455642228102136E-004   2.9909615083046313        2.9910660647269123     
   54.700000000000003        1.0073785305708682E-004   2.9910660647269078        2.9911668025799649     
   54.800000000000004        8.4057732888442871E-005   2.9911668025799640        2.9912508603128525     
   54.900000000000006        5.9004506739679385E-005   2.9912508603128467        2.9913098648195864     
   55.000000000000007        3.0638654771042440E-005   2.9913098648195890        2.9913405034743601     
   55.100000000000001        3.3345965824160828E-006   2.9913405034743632        2.9913438380709456     
   55.200000000000003        2.0168871159409463E-005   2.9913438380709465        2.9913236691997871     
   55.300000000000004        3.8957406539363859E-005   2.9913236691997902        2.9912847117932508     
   55.400000000000006        5.3328556868681432E-005   2.9912847117932500        2.9912313832363813     
   55.500000000000007        6.3751359652641781E-005   2.9912313832363813        2.9911676318767286     
   55.600000000000001        7.0138372932682103E-005   2.9911676318767237        2.9910974935037911     
   55.700000000000003        7.2099215934873229E-005   2.9910974935037871        2.9910253942878522     
   55.800000000000004        6.9944488268358640E-005   2.9910253942878513        2.9909554497995829     
   55.900000000000006        6.5099694776193928E-005   2.9909554497995816        2.9908903501048054     
   56.000000000000007        5.9238478572254394E-005   2.9908903501048045        2.9908311116262323     
   56.100000000000001        5.3832984140633755E-005   2.9908311116262327        2.9907772786420921     
   56.200000000000003        5.1361220743562086E-005   2.9907772786420908        2.9907259174213472     
   56.300000000000004        5.5950350041467090E-005   2.9907259174213436        2.9906699670713022     
   56.400000000000006        7.2547884859552880E-005   2.9906699670712973        2.9905974191864377     
   56.500000000000007        1.0710212781184225E-004   2.9905974191864346        2.9904903170586228     
   56.600000000000001        1.6775252757561532E-004   2.9904903170586210        2.9903225645310454     
   56.700000000000003        2.6475413734594611E-004   2.9903225645310512        2.9900578103937052     
   56.800000000000004        4.0621375345706312E-004   2.9900578103937128        2.9896515966402557     
   56.900000000000006        5.8018735524578702E-004   2.9896515966402624        2.9890714092850166     
   57.000000000000007        7.2671663970735878E-004   2.9890714092850286        2.9883446926453212     
   57.100000000000001        7.4586934407649963E-004   2.9883446926453217        2.9875988233012452     
   57.200000000000003        5.6398882405073181E-004   2.9875988233012332        2.9870348344771824     
   57.300000000000004        2.3043908942410596E-004   2.9870348344771842        2.9868043953877601     
   57.400000000000006        9.4564340028746585E-005   2.9868043953877690        2.9868989597277977     
   57.500000000000007        3.0944035314162122E-004   2.9868989597277995        2.9872084000809411     
   57.600000000000001        4.3132717057892123E-004   2.9872084000809331        2.9876397272515121     
   57.700000000000003        5.0803828318501942E-004   2.9876397272515018        2.9881477655346869     
   57.800000000000004        5.5991693146539845E-004   2.9881477655346753        2.9887076824661407     
   57.900000000000006        5.8553277003658977E-004   2.9887076824661380        2.9892932152361746     
   58.000000000000007        5.8062433398298197E-004   2.9892932152361738        2.9898738395701567     
   58.100000000000001        5.4668762482812383E-004   2.9898738395701554        2.9904205271949835     
   58.200000000000003        4.9064474036120131E-004   2.9904205271949840        2.9909111719353452     
   58.300000000000004        4.2129617545150211E-004   2.9909111719353461        2.9913324681107976     
   58.400000000000006        3.4617320865271139E-004   2.9913324681108020        2.9916786413194547     
   58.500000000000007        2.7031156073009655E-004   2.9916786413194525        2.9919489528801826     
   58.600000000000001        1.9687676663560083E-004   2.9919489528801813        2.9921458296468169     
   58.700000000000003        1.2849802142600453E-004   2.9921458296468146        2.9922743276682406     
   58.800000000000004        6.8016077877430803E-005   2.9922743276682402        2.9923423437461176     
   58.900000000000006        1.8155537083064388E-005   2.9923423437461163        2.9923604992831994     
   59.000000000000007        1.9463542779707410E-005   2.9923604992831985        2.9923410357404188     
   59.100000000000001        4.5467798901022149E-005   2.9923410357404183        2.9922955679415173     
   59.200000000000003        6.3328178553589964E-005   2.9922955679415191        2.9922322397629655     
   59.300000000000004        7.7755409924940011E-005   2.9922322397629744        2.9921544843530494     
   59.400000000000006        9.2022079274389768E-005   2.9921544843530468        2.9920624622737724     
   59.500000000000007        1.0940553265115227E-004   2.9920624622737702        2.9919530567411190     
   59.600000000000001        1.3660304639273591E-004   2.9919530567411146        2.9918164536947218     
   59.700000000000003        1.8396424744926421E-004   2.9918164536947192        2.9916324894472699     
   59.800000000000004        2.6807132129214040E-004   2.9916324894472677        2.9913644181259755     
   59.900000000000006        4.1800671272795853E-004   2.9913644181259822        2.9909464114132542     
   60.000000000000007        6.6380205038152340E-004   2.9909464114132613        2.9902826093628798     
   60.100000000000001        9.7469599676269780E-004   2.9902826093628825        2.9893079133661198     
