   0.0000000000000000        2.9999999999785323     
  0.10000000000000001        2.9999999241148885     
  0.20000000000000001        2.9999996728634764     
  0.30000000000000004        2.9999992520083532     
  0.40000000000000002        2.9999987411314590     
  0.50000000000000000        2.9999982265494092     
  0.60000000000000009        2.9999977241508713     
  0.70000000000000007        2.9999971977026498     
  0.80000000000000004        2.9999966392604702     
  0.90000000000000002        2.9999960953220421     
   1.0000000000000000        2.9999956173348590     
   1.1000000000000001        2.9999952231767035     
   1.2000000000000002        2.9999949159051398     
   1.3000000000000000        2.9999947119515915     
   1.4000000000000001        2.9999946324923998     
   1.5000000000000000        2.9999946758733054     
   1.6000000000000001        2.9999948082775276     
   1.7000000000000002        2.9999949794906779     
   1.8000000000000000        2.9999951479784697     
   1.9000000000000001        2.9999952992147008     
   2.0000000000000000        2.9999954451705237     
   2.1000000000000001        2.9999956011711504     
   2.2000000000000002        2.9999957571802129     
   2.3000000000000003        2.9999958761825072     
   2.4000000000000004        2.9999959312568825     
   2.5000000000000000        2.9999959416956066     
   2.6000000000000001        2.9999959513148400     
   2.7000000000000002        2.9999959609909448     
   2.8000000000000003        2.9999959148269260     
   2.9000000000000004        2.9999957926147243     
   3.0000000000000000        2.9999956875037213     
   3.1000000000000001        2.9999957166112643     
   3.2000000000000002        2.9999958550912869     
   3.3000000000000003        2.9999959430740346     
   3.4000000000000004        2.9999958754155407     
   3.5000000000000000        2.9999957077718555     
   3.6000000000000001        2.9999955526470345     
   3.7000000000000002        2.9999954416367429     
   3.8000000000000003        2.9999953285302108     
   3.9000000000000004        2.9999951847212354     
   4.0000000000000000        2.9999950478927531     
   4.1000000000000005        2.9999949853713006     
   4.2000000000000002        2.9999950356416165     
   4.2999999999999998        2.9999951881251046     
   4.4000000000000004        2.9999954041512265     
   4.5000000000000000        2.9999956487690849     
   4.6000000000000005        2.9999959086642209     
   4.7000000000000002        2.9999961898847358     
   4.8000000000000007        2.9999965015357488     
   4.9000000000000004        2.9999968379134483     
   5.0000000000000000        2.9999971741751921     
   5.1000000000000005        2.9999974841646244     
   5.2000000000000002        2.9999977675376175     
   5.3000000000000007        2.9999980519637179     
   5.4000000000000004        2.9999983553836858     
   5.5000000000000000        2.9999986551821620     
   5.6000000000000005        2.9999989222878654     
   5.7000000000000002        2.9999991807211965     
   5.8000000000000007        2.9999994892523687     
   5.9000000000000004        2.9999998520890698     
   6.0000000000000000        3.0000001899623974     
   6.1000000000000005        3.0000004226031498     
   6.2000000000000002        3.0000005507243430     
   6.3000000000000007        3.0000006348155877     
   6.4000000000000004        3.0000007138237144     
   6.5000000000000000        3.0000007661692423     
   6.6000000000000005        3.0000007352179074     
   6.7000000000000002        3.0000005637730127     
   6.8000000000000007        3.0000002039277249     
   6.9000000000000004        2.9999996249367769     
   7.0000000000000000        2.9999988375855633     
   7.1000000000000005        2.9999979111070623     
   7.2000000000000002        2.9999969587959114     
   7.3000000000000007        2.9999961068793288     
   7.4000000000000004        2.9999954704522263     
   7.5000000000000000        2.9999951345855798     
   7.6000000000000005        2.9999951316522822     
   7.7000000000000002        2.9999954275245213     
   7.8000000000000007        2.9999959354177688     
   7.9000000000000004        2.9999965511953275     
   8.0000000000000000        2.9999971843542887     
   8.0999999999999996        2.9999977701239220     
   8.2000000000000011        2.9999982687847213     
   8.3000000000000007        2.9999986611735747     
   8.4000000000000004        2.9999989419567710     
   8.5000000000000000        2.9999991146803411     
   8.5999999999999996        2.9999991965021580     
   8.7000000000000011        2.9999992238648532     
   8.8000000000000007        2.9999992316047845     
   8.9000000000000004        2.9999992094941708     
   9.0000000000000000        2.9999991050234622     
   9.0999999999999996        2.9999989134991942     
   9.2000000000000011        2.9999987450736239     
   9.3000000000000007        2.9999987233118142     
   9.4000000000000004        2.9999988102624928     
   9.5000000000000000        2.9999988182373687     
   9.6000000000000014        2.9999986163406493     
   9.7000000000000011        2.9999982488513046     
   9.8000000000000007        2.9999978337196458     
   9.9000000000000004        2.9999974233220845     
   10.000000000000000        2.9999970028781315     
   10.100000000000001        2.9999965774226731     
   10.200000000000001        2.9999962141266447     
   10.300000000000001        2.9999960062127093     
   10.400000000000000        2.9999960187378374     
   10.500000000000000        2.9999962685498223     
   10.600000000000001        2.9999967359709636     
   10.700000000000001        2.9999973802470272     
   10.800000000000001        2.9999981456164377     
   10.900000000000000        2.9999989651326167     
   11.000000000000000        2.9999997702162942     
   11.100000000000001        3.0000005036406088     
   11.200000000000001        3.0000011301465093     
   11.300000000000001        3.0000016413303490     
   11.400000000000000        3.0000020508738960     
   11.500000000000000        3.0000023793961930     
   11.600000000000001        3.0000026398509463     
   11.700000000000001        3.0000028354868391     
   11.800000000000001        3.0000029692320598     
   11.900000000000000        3.0000030582872173     
   12.000000000000000        3.0000031412710686     
   12.100000000000001        3.0000032539197226     
   12.200000000000001        3.0000033845916478     
   12.300000000000001        3.0000034756495229     
   12.400000000000000        3.0000034983001322     
   12.500000000000000        3.0000035257274900     
   12.600000000000001        3.0000037139361049     
   12.700000000000001        3.0000041935725430     
   12.800000000000001        3.0000049585477702     
   12.900000000000000        3.0000058325165857     
   13.000000000000000        3.0000065320062923     
   13.100000000000001        3.0000067840982312     
   13.200000000000001        3.0000064314763386     
   13.300000000000001        3.0000054783334398     
   13.400000000000000        3.0000040777115435     
   13.500000000000000        3.0000024892075232     
   13.600000000000001        3.0000010236668588     
   13.700000000000001        2.9999999716565324     
   13.800000000000001        2.9999995237911619     
   13.900000000000000        2.9999997180619276     
   14.000000000000000        3.0000004470955615     
   14.100000000000001        3.0000015189995017     
   14.200000000000001        3.0000027295663139     
   14.300000000000001        3.0000039071606750     
   14.400000000000000        3.0000049252147747     
   14.500000000000000        3.0000057027598888     
   14.600000000000001        3.0000062094478412     
   14.700000000000001        3.0000064718301709     
   14.800000000000001        3.0000065665985343     
   14.900000000000000        3.0000065903913504     
   15.000000000000000        3.0000066092174205     
   15.100000000000001        3.0000066155589606     
   15.200000000000001        3.0000065448399504     
   15.300000000000001        3.0000063660436100     
   15.400000000000000        3.0000061498485047     
   15.500000000000000        3.0000059939476311     
   15.600000000000001        3.0000058762284070     
   15.700000000000001        3.0000056490990032     
   15.800000000000001        3.0000051935408671     
   15.900000000000000        3.0000045164659408     
   16.000000000000000        3.0000036911191956     
   16.100000000000001        3.0000027738111030     
   16.199999999999999        3.0000018091315872     
   16.300000000000001        3.0000008731262091     
   16.400000000000002        3.0000000701827054     
   16.500000000000000        2.9999994880717362     
   16.600000000000001        2.9999991699985649     
   16.699999999999999        2.9999991306565579     
   16.800000000000001        2.9999993882230527     
   16.900000000000002        2.9999999698770741     
   17.000000000000000        3.0000008798415254     
   17.100000000000001        3.0000020588230218     
   17.199999999999999        3.0000033747087005     
   17.300000000000001        3.0000046596519292     
   17.400000000000002        3.0000057729446370     
   17.500000000000000        3.0000066515081083     
   17.600000000000001        3.0000073169342136     
   17.699999999999999        3.0000078310594973     
   17.800000000000001        3.0000082301416713     
   17.900000000000002        3.0000085015571125     
   18.000000000000000        3.0000086320176305     
   18.100000000000001        3.0000086583498065     
   18.199999999999999        3.0000086447565835     
   18.300000000000001        3.0000086285626555     
   18.400000000000002        3.0000086071103582     
   18.500000000000000        3.0000085488376573     
   18.600000000000001        3.0000084122302986     
   18.699999999999999        3.0000082130835315     
   18.800000000000001        3.0000081134551069     
   18.900000000000002        3.0000084128315785     
   19.000000000000000        3.0000093874654898     
   19.100000000000001        3.0000110818114925     
   19.200000000000003        3.0000132144412412     
   19.300000000000001        3.0000152659286061     
   19.400000000000002        3.0000166803889239     
   19.500000000000000        3.0000170613116821     
   19.600000000000001        3.0000162888428714     
   19.700000000000003        3.0000145479882754     
   19.800000000000001        3.0000122761578316     
   19.900000000000002        3.0000100380444232     
   20.000000000000000        3.0000083589731079     
   20.100000000000001        3.0000075803018507     
   20.200000000000003        3.0000077955889770     
   20.300000000000001        3.0000088778927707     
   20.400000000000002        3.0000105600248994     
   20.500000000000000        3.0000125190647440     
   20.600000000000001        3.0000144402479476     
   20.700000000000003        3.0000160629924921     
   20.800000000000001        3.0000172201830573     
   20.900000000000002        3.0000178706750744     
   21.000000000000000        3.0000181080180126     
   21.100000000000001        3.0000181201422502     
   21.200000000000003        3.0000180912914294     
   21.300000000000001        3.0000180910024694     
   21.400000000000002        3.0000180494490243     
   21.500000000000000        3.0000178709958480     
   21.600000000000001        3.0000175666997366     
   21.700000000000003        3.0000172202678943     
   21.800000000000001        3.0000168275879653     
   21.900000000000002        3.0000162514072706     
   22.000000000000000        3.0000153453603091     
   22.100000000000001        3.0000140529673689     
   22.200000000000003        3.0000123978659294     
   22.300000000000001        3.0000104689029250     
   22.400000000000002        3.0000084368353419     
   22.500000000000000        3.0000065285317588     
   22.600000000000001        3.0000049369537178     
   22.700000000000003        3.0000037378713480     
   22.800000000000001        3.0000028803462913     
   22.900000000000002        3.0000022499110992     
   23.000000000000000        3.0000017544810493     
   23.100000000000001        3.0000013806218071     
   23.200000000000003        3.0000011935611708     
   23.300000000000001        3.0000012858978833     
   23.400000000000002        3.0000017050196672     
   23.500000000000000        3.0000024007546808     
   23.600000000000001        3.0000032273046151     
   23.700000000000003        3.0000040057401520     
   23.800000000000001        3.0000046132750913     
   23.900000000000002        3.0000050354791301     
   24.000000000000000        3.0000053322081812     
   24.100000000000001        3.0000055442659677     
   24.200000000000003        3.0000056451073958     
   24.300000000000001        3.0000055983215077     
   24.400000000000002        3.0000054321153127     
   24.500000000000000        3.0000052192346067     
   24.600000000000001        3.0000050049414289     
   24.700000000000003        3.0000047661529914     
   24.800000000000001        3.0000043976210229     
   24.900000000000002        3.0000037625453060     
   25.000000000000000        3.0000028622889179     
   25.100000000000001        3.0000019948379424     
   25.200000000000003        3.0000016913500920     
   25.300000000000001        3.0000024325099970     
   25.400000000000002        3.0000043658379409     
   25.500000000000000        3.0000072105020839     
   25.600000000000001        3.0000103499690201     
   25.700000000000003        3.0000130121857072     
   25.800000000000001        3.0000144751680482     
   25.900000000000002        3.0000142811308539     
   26.000000000000000        3.0000124081592112     
   26.100000000000001        3.0000093064811004     
   26.200000000000003        3.0000057540083995     
   26.300000000000001        3.0000025955223868     
   26.400000000000002        3.0000004922047792     
   26.500000000000000        2.9999997759451702     
   26.600000000000001        3.0000004281984753     
   26.700000000000003        3.0000021512539514     
   26.800000000000001        3.0000044849976426     
   26.900000000000002        3.0000069291131535     
   27.000000000000000        3.0000090471747511     
   27.100000000000001        3.0000105460281912     
   27.200000000000003        3.0000113295251429     
   27.300000000000001        3.0000115128482672     
   27.400000000000002        3.0000113603406100     
   27.500000000000000        3.0000111192434171     
   27.600000000000001        3.0000108232531151     
   27.700000000000003        3.0000102614383524     
   27.800000000000001        3.0000091874480086     
   27.900000000000002        3.0000074879399183     
   28.000000000000000        3.0000050499316888     
   28.100000000000001        3.0000016131972123     
   28.200000000000003        2.9999969682947363     
   28.300000000000001        2.9999912483568214     
   28.400000000000002        2.9999848977591954     
   28.500000000000000        2.9999783715943256     
   28.600000000000001        2.9999719476510580     
   28.700000000000003        2.9999658172051786     
   28.800000000000001        2.9999602065543169     
   28.900000000000002        2.9999553031824187     
   29.000000000000000        2.9999510845158301     
   29.100000000000001        2.9999472552152588     
   29.200000000000003        2.9999433519752801     
   29.300000000000001        2.9999389315733729     
   29.400000000000002        2.9999337366826997     
   29.500000000000000        2.9999277813134317     
   29.600000000000001        2.9999213415749444     
   29.700000000000003        2.9999148598146217     
   29.800000000000001        2.9999087894983267     
   29.900000000000002        2.9999034379452181     
   30.000000000000000        2.9998988860323132     
   30.100000000000001        2.9998950367355142     
   30.200000000000003        2.9998917533476166     
   30.300000000000001        2.9998889601737724     
   30.400000000000002        2.9998866107588076     
   30.500000000000000        2.9998845900936275     
   30.600000000000001        2.9998827061291924     
   30.700000000000003        2.9998807848947808     
   30.800000000000001        2.9998787246353982     
   30.900000000000002        2.9998764265461708     
   31.000000000000000        2.9998736466071296     
   31.100000000000001        2.9998699095496626     
   31.200000000000003        2.9998646997547507     
   31.300000000000001        2.9998579131461969     
   31.400000000000002        2.9998501678419158     
   31.500000000000000        2.9998426491276629     
   31.600000000000001        2.9998366310134315     
   31.700000000000003        2.9998330352593388     
   31.800000000000001        2.9998321968436925     
   31.900000000000002        2.9998337773475443     
   32.000000000000000        2.9998367798819121     
   32.100000000000001        2.9998397450040848     
   32.200000000000003        2.9998411781782388     
   32.300000000000004        2.9998400625449295     
   32.399999999999999        2.9998361908219215     
   32.500000000000000        2.9998301541376580     
   32.600000000000001        2.9998230329100957     
   32.700000000000003        2.9998159625989778     
   32.800000000000004        2.9998097579226441     
   32.899999999999999        2.9998047271614690     
   33.000000000000000        2.9998007170431817     
   33.100000000000001        2.9997973158707607     
   33.200000000000003        2.9997940755692700     
   33.300000000000004        2.9997906479069703     
   33.399999999999999        2.9997868301452137     
   33.500000000000000        2.9997825852667939     
   33.600000000000001        2.9997780760058586     
   33.700000000000003        2.9997736446748124     
   33.800000000000004        2.9997696025842582     
   33.899999999999999        2.9997658568460630     
   34.000000000000000        2.9997617492599042     
   34.100000000000001        2.9997563997590264     
   34.200000000000003        2.9997490658846511     
   34.300000000000004        2.9997388220232892     
   34.399999999999999        2.9997240332520856     
   34.500000000000000        2.9997028900190976     
   34.600000000000001        2.9996751751125084     
   34.700000000000003        2.9996435494318967     
   34.800000000000004        2.9996125056319971     
   34.899999999999999        2.9995855646489775     
   35.000000000000000        2.9995635585441387     
   35.100000000000001        2.9995454148747518     
   35.200000000000003        2.9995297322451031     
   35.300000000000004        2.9995153995133159     
   35.399999999999999        2.9995013834390254     
   35.500000000000000        2.9994865119852654     
   35.600000000000001        2.9994696056502774     
   35.700000000000003        2.9994498136455743     
   35.800000000000004        2.9994269070776634     
   35.899999999999999        2.9994013895924887     
   36.000000000000000        2.9993743964632538     
   36.100000000000001        2.9993474099543587     
   36.200000000000003        2.9993218641681532     
   36.300000000000004        2.9992987774139288     
   36.399999999999999        2.9992785844172656     
   36.500000000000000        2.9992612510124417     
   36.600000000000001        2.9992465445999361     
   36.700000000000003        2.9992341956438371     
   36.800000000000004        2.9992238297100720     
   36.899999999999999        2.9992148579329374     
   37.000000000000000        2.9992065513170432     
   37.100000000000001        2.9991981873027829     
   37.200000000000003        2.9991889546451040     
   37.300000000000004        2.9991775791047250     
   37.399999999999999        2.9991620945224899     
   37.500000000000000        2.9991402497664605     
   37.600000000000001        2.9991104648607747     
   37.700000000000003        2.9990727676899818     
   37.800000000000004        2.9990294223392131     
   37.899999999999999        2.9989851800713203     
   38.000000000000000        2.9989465376985907     
   38.100000000000001        2.9989195259641623     
   38.200000000000003        2.9989072277804203     
   38.300000000000004        2.9989088548992111     
   38.400000000000006        2.9989206394152204     
   38.500000000000000        2.9989375326089296     
   38.600000000000001        2.9989547952252380     
   38.700000000000003        2.9989690073428714     
   38.800000000000004        2.9989783633218758     
   38.900000000000006        2.9989824023899043     
   39.000000000000000        2.9989814805932267     
   39.100000000000001        2.9989762604971011     
   39.200000000000003        2.9989673751921311     
   39.300000000000004        2.9989553069212120     
   39.400000000000006        2.9989404307887697     
   39.500000000000000        2.9989231221937973     
   39.600000000000001        2.9989038314118237     
   39.700000000000003        2.9988830887687787     
   39.800000000000004        2.9988614890932825     
   39.900000000000006        2.9988397364511541     
   40.000000000000000        2.9988187043760695     
   40.100000000000001        2.9987992442682350     
   40.200000000000003        2.9987815734723884     
   40.300000000000004        2.9987647578431167     
   40.400000000000006        2.9987470563149881     
   40.500000000000000        2.9987265992598848     
   40.600000000000001        2.9987010539136958     
   40.700000000000003        2.9986664351620704     
   40.800000000000004        2.9986164386091643     
   40.900000000000006        2.9985443606774891     
   41.000000000000000        2.9984494348881472     
   41.100000000000001        2.9983428140591570     
   41.200000000000003        2.9982437845843806     
   41.300000000000004        2.9981670940339935     
   41.400000000000006        2.9981149580589004     
   41.500000000000000        2.9980807798030837     
   41.600000000000001        2.9980565161260184     
   41.700000000000003        2.9980360663676175     
   41.800000000000004        2.9980151292793829     
   41.900000000000006        2.9979904049388568     
   42.000000000000000        2.9979594113375776     
   42.100000000000001        2.9979207671305921     
   42.200000000000003        2.9978744757008045     
   42.300000000000004        2.9978219381327671     
   42.400000000000006        2.9977656336974889     
   42.500000000000000        2.9977085268120884     
   42.600000000000001        2.9976533600446928     
   42.700000000000003        2.9976020980111784     
   42.800000000000004        2.9975557785791929     
   42.900000000000006        2.9975147799656274     
   43.000000000000000        2.9974791626594217     
   43.100000000000001        2.9974487084886268     
   43.200000000000003        2.9974227283793753     
   43.300000000000004        2.9974000706534585     
   43.400000000000006        2.9973793581544466     
   43.500000000000000        2.9973588621817142     
   43.600000000000001        2.9973357625969421     
   43.700000000000003        2.9973055202981294     
   43.800000000000004        2.9972621653810303     
   43.900000000000006        2.9971993166936199     
   44.000000000000000        2.9971113718290936     
   44.100000000000001        2.9969954323292169     
   44.200000000000003        2.9968555189917763     
   44.300000000000004        2.9967079393332039     
   44.400000000000006        2.9965803428696298     
   44.500000000000000        2.9964988026912427     
   44.600000000000001        2.9964734481938069     
   44.700000000000003        2.9964975437509005     
   44.800000000000004        2.9965566985523595     
   44.900000000000006        2.9966365324898310     
   45.000000000000000        2.9967252871503915     
   45.100000000000001        2.9968138176999188     
   45.200000000000003        2.9968951481769937     
   45.300000000000004        2.9969642752703609     
   45.400000000000006        2.9970181547828609     
   45.500000000000000        2.9970555963623462     
   45.600000000000001        2.9970768881772472     
   45.700000000000003        2.9970832302257517     
   45.800000000000004        2.9970762310898307     
   45.900000000000006        2.9970576578834436     
   46.000000000000000        2.9970294134341882     
   46.100000000000001        2.9969935857179153     
   46.200000000000003        2.9969524866316108     
   46.300000000000004        2.9969086702708188     
   46.400000000000006        2.9968647101078019     
   46.500000000000000        2.9968223671975291     
   46.600000000000001        2.9967815971915739     
   46.700000000000003        2.9967407325500157     
   46.800000000000004        2.9966974823555526     
   46.900000000000006        2.9966485324796674     
   47.000000000000000        2.9965878347328032     
   47.100000000000001        2.9965046669540278     
   47.200000000000003        2.9963814429072237     
   47.300000000000004        2.9961979847162645     
   47.400000000000006        2.9959515848096094     
   47.500000000000000        2.9956768527923514     
   47.600000000000001        2.9954334349355287     
   47.700000000000003        2.9952650061453303     
   47.800000000000004        2.9951744814504111     
   47.900000000000006        2.9951386669649991     
   48.000000000000000        2.9951326046386151     
   48.100000000000001        2.9951388909708028     
   48.200000000000003        2.9951462028618736     
   48.300000000000004        2.9951465182647583     
   48.400000000000006        2.9951341454111327     
   48.500000000000000        2.9951059086565368     
   48.600000000000001        2.9950613937103561     
   48.700000000000003        2.9950027183155585     
   48.800000000000004        2.9949337680288166     
   48.900000000000006        2.9948590962506603     
   49.000000000000000        2.9947828531133625     
   49.100000000000001        2.9947081673763520     
   49.200000000000003        2.9946371937053211     
   49.300000000000004        2.9945715351649995     
   49.400000000000006        2.9945124032475401     
   49.500000000000000        2.9944602835497811     
   49.600000000000001        2.9944147077009431     
   49.700000000000003        2.9943745616619268     
   49.800000000000004        2.9943380825940444     
   49.900000000000006        2.9943017487610968     
   50.000000000000000        2.9942590341222095     
   50.100000000000001        2.9942001597075851     
   50.200000000000003        2.9941123221153201     
   50.300000000000004        2.9939797340762806     
   50.400000000000006        2.9937846554690277     
   50.500000000000000        2.9935135535893118     
   50.600000000000001        2.9931735573295852     
   50.700000000000003        2.9928124853375242     
   50.800000000000004        2.9925153899722847     
   50.900000000000006        2.9923571692967879     
   51.000000000000000        2.9923529976519001     
   51.100000000000001        2.9924677966404190     
   51.200000000000003        2.9926584434883354     
   51.300000000000004        2.9928946049658598     
   51.400000000000006        2.9931559352628754     
   51.500000000000000        2.9934253165841600     
   51.600000000000001        2.9936866558841313     
   51.700000000000003        2.9939260711315976     
   51.800000000000004        2.9941335982059085     
   51.900000000000006        2.9943038141185374     
   52.000000000000000        2.9944351549548944     
   52.100000000000001        2.9945285659671321     
   52.200000000000003        2.9945863311919818     
   52.300000000000004        2.9946115611788686     
   52.400000000000006        2.9946082277815065     
   52.500000000000000        2.9945813051342243     
   52.600000000000001        2.9945366801518705     
   52.700000000000003        2.9944806294411856     
   52.800000000000004        2.9944185552444211     
   52.900000000000006        2.9943533204549619     
   53.000000000000000        2.9942849802876133     
   53.100000000000001        2.9942121014075918     
   53.200000000000003        2.9941313426672234     
   53.300000000000004        2.9940348422916205     
   53.400000000000006        2.9939075782908282     
   53.500000000000000        2.9937221761219868     
   53.600000000000001        2.9934330941116030     
   53.700000000000003        2.9929936948809726     
   53.800000000000004        2.9924119895193284     
   53.900000000000006        2.9917883628253152     
   54.000000000000000        2.9912702874572394     
   54.100000000000001        2.9909511006646170     
   54.200000000000003        2.9908195680461209     
   54.300000000000004        2.9908109887133656     
   54.400000000000006        2.9908694516521006     
   54.500000000000000        2.9909615083046379     
   54.600000000000001        2.9910660647269123     
   54.700000000000003        2.9911668025799649     
   54.800000000000004        2.9912508603128525     
   54.900000000000006        2.9913098648195864     
   55.000000000000000        2.9913405034743601     
   55.100000000000001        2.9913438380709456     
   55.200000000000003        2.9913236691997871     
   55.300000000000004        2.9912847117932508     
   55.400000000000006        2.9912313832363813     
   55.500000000000000        2.9911676318767286     
   55.600000000000001        2.9910974935037911     
   55.700000000000003        2.9910253942878522     
   55.800000000000004        2.9909554497995829     
   55.900000000000006        2.9908903501048054     
   56.000000000000000        2.9908311116262323     
   56.100000000000001        2.9907772786420921     
   56.200000000000003        2.9907259174213472     
   56.300000000000004        2.9906699670713022     
   56.400000000000006        2.9905974191864377     
   56.500000000000000        2.9904903170586228     
   56.600000000000001        2.9903225645310454     
   56.700000000000003        2.9900578103937052     
   56.800000000000004        2.9896515966402557     
   56.900000000000006        2.9890714092850166     
   57.000000000000000        2.9883446926453212     
   57.100000000000001        2.9875988233012452     
   57.200000000000003        2.9870348344771824     
   57.300000000000004        2.9868043953877601     
   57.400000000000006        2.9868989597277977     
   57.500000000000000        2.9872084000809411     
   57.600000000000001        2.9876397272515121     
   57.700000000000003        2.9881477655346869     
   57.800000000000004        2.9887076824661407     
   57.900000000000006        2.9892932152361746     
   58.000000000000000        2.9898738395701567     
   58.100000000000001        2.9904205271949835     
   58.200000000000003        2.9909111719353452     
   58.300000000000004        2.9913324681107976     
   58.400000000000006        2.9916786413194547     
   58.500000000000000        2.9919489528801826     
   58.600000000000001        2.9921458296468169     
   58.700000000000003        2.9922743276682406     
   58.800000000000004        2.9923423437461176     
   58.900000000000006        2.9923604992831994     
   59.000000000000000        2.9923410357404188     
   59.100000000000001        2.9922955679415173     
   59.200000000000003        2.9922322397629655     
   59.300000000000004        2.9921544843530494     
   59.400000000000006        2.9920624622737724     
   59.500000000000000        2.9919530567411190     
   59.600000000000001        2.9918164536947218     
   59.700000000000003        2.9916324894472699     
   59.800000000000004        2.9913644181259755     
   59.900000000000006        2.9909464114132542     
   60.000000000000000        2.9902826093628798     
