   0.0000000000000000        4.4354199517202980E-023   0.0000000000000000     
   6.0000000000000000        1.0035681917775169E-003   1.0035681917776311E-003
   12.000000000000000        2.7851215977833521E-003   2.7851215977843886E-003
   18.000000000000000        5.8389317642693729E-003   5.8389317642691743E-003
   24.000000000000000        1.1642444095090894E-002   1.1642444095090587E-002
   30.000000000000000        1.7829624629490736E-002   1.7829624629490753E-002
   36.000000000000000        2.3097133808731102E-002   2.3097133808731247E-002
   42.000000000000000        3.1814734182529912E-002   3.1814734182529766E-002
   48.000000000000000        4.7798214105713194E-002   4.7798214105713409E-002
   54.000000000000000        7.5316617742870934E-002   7.5316617742871253E-002
   60.000000000000000       0.10754002123342601       0.10754002123342607     
