   0.0000000000000000        0.0000000000000000        0.0000000000000000     
  0.10000000000000001      -0.19963597277491379       -3.4877992183447601E-002
  0.20000000000000001      -0.39709547940033879       -6.8763132555811249E-002
  0.30000000000000004      -0.59024007768192832      -0.10069286410173323     
  0.40000000000000002      -0.77700527901196803      -0.12976701788951850     
  0.50000000000000000      -0.95543259325338947      -0.15518172735664354     
  0.60000000000000009       -1.1236964437004551      -0.17626300466692829     
  0.70000000000000007       -1.2801253450540397      -0.19249636734563169     
  0.80000000000000004       -1.4232173192242528      -0.20354891876553827     
  0.90000000000000002       -1.5516499473166150      -0.20928146052942595     
   1.0000000000000000       -1.6642857260579720      -0.20974978042051226     
   1.1000000000000001       -1.7601735757025769      -0.20519561374836770     
   1.2000000000000002       -1.8385474597278868      -0.19602871392695248     
   1.3000000000000000       -1.8988230893643654      -0.18280202085358102     
   1.4000000000000001       -1.9405935702526329      -0.16618213990499547     
   1.5000000000000000       -1.9636246388108938      -0.14691727055391082     
   1.6000000000000001       -1.9678499021543012      -0.12580440702028534     
   1.7000000000000002       -1.9533662843550879      -0.10365718865359590     
   1.8000000000000000       -1.9204297019304855       -8.1275351287789899E-002
   1.9000000000000001       -1.8694508395463711       -5.9416438000164953E-002
   2.0000000000000000       -1.8009907792869320       -3.8770303217659487E-002
   2.1000000000000001       -1.7157561660081162       -1.9936938552567372E-002
   2.2000000000000002       -1.6145935753239657       -3.4081751196234087E-003
   2.3000000000000003       -1.4984827891594501        1.0446181610892549E-002
   2.4000000000000004       -1.3685287687497290        2.1387244380203192E-002
   2.5000000000000000       -1.2259522341917932        2.9310430677675359E-002
   2.6000000000000001       -1.0720789015470953        3.4242870512761966E-002
   2.7000000000000002      -0.90832758804112879        3.6334688979323300E-002
   2.8000000000000003      -0.73619757056199697        3.5844830357296673E-002
   2.9000000000000004      -0.55725574677680634        3.3123294953324812E-002
   3.0000000000000000      -0.37312422003499557        2.8592623636070926E-002
   3.1000000000000001      -0.18546878298190919        2.2731309660862474E-002
   3.2000000000000002        4.0116602128521311E-003   1.6060189773095493E-002
   3.3000000000000003       0.19359530058751570        9.1304894029181540E-003
   3.4000000000000004       0.38154829294337439        2.5105089929679950E-003
   3.5000000000000000       0.56613732974239184       -3.2319496864996631E-003
   3.6000000000000001       0.74564447430569758       -7.5524434319433533E-003
   3.7000000000000002       0.91838408466833421       -9.9565557823819827E-003
   3.8000000000000003        1.0827210573934756       -1.0027158742809439E-002
   3.9000000000000004        1.2370893358538169       -7.4487996426229799E-003
   4.0000000000000000        1.3800096490442275       -2.0267076826588392E-003
   4.1000000000000005        1.5101056559064543        6.3007058839779700E-003
   4.2000000000000002        1.6261179490461539        1.7455873312061717E-002
   4.2999999999999998        1.7269156519029703        3.1222066777487640E-002
   4.4000000000000004        1.8115055971253093        4.7248671871136183E-002
   4.5000000000000000        1.8790392900270436        6.5061122685004122E-002
   4.6000000000000005        1.9288180312005165        8.4075021559925051E-002
   4.7000000000000002        1.9602966900216865       0.10361411683215570     
   4.8000000000000007        1.9730866835758234       0.12293197397383049     
   4.9000000000000004        1.9669587240648341       0.14123731513557841     
   5.0000000000000000        1.9418458501802105       0.15772302130062707     
   5.1000000000000005        1.8978471454602683       0.17159857196642503     
   5.2000000000000002        1.8352323557067756       0.18212518011131607     
   5.3000000000000007        1.7544473399290508       0.18865212854112015     
   5.4000000000000004        1.6561199372052406       0.19065202397745090     
   5.5000000000000000        1.5410654520417595       0.18775211226003682     
   5.6000000000000005        1.4102906364686880       0.17975862704917872     
   5.7000000000000002        1.2649948690623429       0.16667145248635801     
   5.8000000000000007        1.1065672429312121       0.14868724764389019     
   5.9000000000000004       0.93657844995182615       0.12619070716597569     
   6.0000000000000000       0.75676664778242486        9.9735639570959031E-002
   6.1000000000000005       0.56901693510766538        7.0019297514527359E-002
   6.2000000000000002       0.37533467083974970        3.7853900960081892E-002
   6.3000000000000007       0.17781359097250957        4.1380995485905143E-003
   6.4000000000000004       -2.1399676606819077E-002  -3.0171149504960974E-002
   6.5000000000000000      -0.22014270725082716       -6.4087747896377278E-002
   6.6000000000000005      -0.41627393490759212       -9.6628512150097642E-002
   6.7000000000000002      -0.60770706112559469      -0.12684863659230608     
   6.8000000000000007      -0.79244185923095400      -0.15387898231083552     
   6.9000000000000004      -0.96859054926975152      -0.17696202799492325     
   7.0000000000000000       -1.1343994200962442      -0.19548299624187673     
   7.1000000000000005       -1.2882657553546928      -0.20899347461011300     
   7.2000000000000002       -1.4287503585314301      -0.21722611902303551     
   7.3000000000000007       -1.5545861088016231      -0.22010015616372253     
   7.4000000000000004       -1.6646830668801231      -0.21771817337185140     
   7.5000000000000000       -1.7581307073856300      -0.21035516657312567     
   7.6000000000000005       -1.8341978668849515      -0.19844111166735401     
   7.7000000000000002       -1.8923309531761070      -0.18253846095180029     
   7.8000000000000007       -1.9321508758058985      -0.16331594741081365     
   7.9000000000000004       -1.9534490576805514      -0.14151994851758345     
   8.0000000000000000       -1.9561827890189656      -0.11794449791912845     
   8.0999999999999996       -1.9404700888660031       -9.3400920363777978E-002
   8.2000000000000011       -1.9065841475889123       -6.8688050199967807E-002
   8.3000000000000007       -1.8549473490918076       -4.4564061212751541E-002
   8.4000000000000004       -1.7861248314408820       -2.1721005125788940E-002
   8.5000000000000000       -1.7008175482278349       -7.6312957094101157E-004
   8.5999999999999996       -1.5998548348039665        1.7810118118049150E-002
   8.7000000000000011       -1.4841865468075557        3.3615750377581299E-002
   8.8000000000000007       -1.3548749034359313        4.6393191717757895E-002
   8.9000000000000004       -1.2130862221474887        5.6004510455026996E-002
   9.0000000000000000       -1.0600827772221677        6.2429548350761643E-002
   9.0999999999999996      -0.89721505736845453        6.5757561272895587E-002
   9.2000000000000011      -0.72591470435686756        6.6177918478911121E-002
   9.3000000000000007      -0.54768828351251009        6.3972368325994622E-002
   9.4000000000000004      -0.36411165971586551        5.9509743556028664E-002
   9.5000000000000000      -0.17682417080463828        5.3241322024132412E-002
   9.6000000000000014        1.2478720392561600E-002   4.5693027770917466E-002
   9.7000000000000011       0.20205569761215580        3.7450721866903229E-002
   9.8000000000000007       0.39013370567071565        2.9137059831605881E-002
   9.9000000000000004       0.57492598250479421        2.1381420506771928E-002
   10.000000000000000       0.75465324830699920        1.4786574835485913E-002
   10.100000000000001       0.92756674546075857        9.8962568057729995E-003
   10.200000000000001        1.0919716458838986        7.1669136886976879E-003
   10.300000000000001        1.2462494636447170        6.9454630784532706E-003
   10.400000000000000        1.3888784055293264        9.4535715610228523E-003
   10.500000000000000        1.5184509500511492        1.4778123758136252E-002
   10.600000000000001        1.6336882951882523        2.2867187811438257E-002
   10.700000000000001        1.7334516216897153        3.3530765758858994E-002
   10.800000000000001        1.8167503701676868        4.6445779756356269E-002
   10.900000000000000        1.8827479277812311        6.1164969163862763E-002
   11.000000000000000        1.9307652721193218        7.7129609314246422E-002
   11.100000000000001        1.9602832337695930        9.3686202082590792E-002
   11.200000000000001        1.9709441147898381       0.11010750179830224     
   11.300000000000001        1.9625534222812115       0.12561832474637250     
   11.400000000000000        1.9350824109257891       0.13942638422592335     
   11.500000000000000        1.8886719323050878       0.15075776947448982     
   11.600000000000001        1.8236377334661165       0.15889567877223976     
   11.700000000000001        1.7404768544189366       0.16321986970102456     
   11.800000000000001        1.6398742364804035       0.16324336440549020     
   11.900000000000000        1.5227082074799385       0.15864254920871321     
   12.000000000000000        1.3900532721847143       0.14927715046049259     
   12.100000000000001        1.2431786530149616       0.13519787393629135     
   12.200000000000001        1.0835412819209957       0.11664178221910433     
   12.300000000000001       0.91277241079838656        9.4018032089104642E-002
   12.400000000000000       0.73265766326138726        6.7888018922830487E-002
   12.500000000000000       0.54511112911792758        3.8943346167988807E-002
   12.600000000000001       0.35214484089633863        7.9828431562822769E-003
   12.700000000000001       0.15583546056290448       -2.4112339421700275E-002
   12.800000000000001       -4.1709879301815210E-002  -5.6407314534550550E-002
   12.900000000000000      -0.23838686313746507       -8.7946558369291924E-002
   13.000000000000000      -0.43212512908596418      -0.11779051466755086     
   13.100000000000001      -0.62091646741020690      -0.14505310274620076     
   13.200000000000001      -0.80283972076541288      -0.16893696184185378     
   13.300000000000001      -0.97608232081370094      -0.18876375794912187     
   13.400000000000000       -1.1389585464980367      -0.20399792217517726     
   13.500000000000000       -1.2899246351518743      -0.21426319188605528     
   13.600000000000001       -1.4275908788032639      -0.21935198148759003     
   13.700000000000001       -1.5507308421997716      -0.21922793719362321     
   13.800000000000001       -1.6582878625081952      -0.21402218047670502     
   13.900000000000000       -1.7493790246349392      -0.20402382513021733     
   14.000000000000000       -1.8232968362879873      -0.18966539460797460     
   14.100000000000001       -1.8795088453789919      -0.17150377745729642     
   14.200000000000001       -1.9176554463804929      -0.15019736244830112     
   14.300000000000001       -1.9375461099356777      -0.12648003472482547     
   14.400000000000000       -1.9391542436947058      -0.10113284048505683     
   14.500000000000000       -1.9226108649568261       -7.4954368035259081E-002
   14.600000000000001       -1.8881972588882614       -4.8731208419517072E-002
   14.700000000000001       -1.8363368279351451       -2.3210124169080169E-002
   14.800000000000001       -1.7675864096266756        9.2639113974955138E-004
   14.900000000000000       -1.6826274306544928        2.3079731441056833E-002
   15.000000000000000       -1.5822573396062636        4.2749064698669043E-002
   15.100000000000001       -1.4673817851181348        5.9539265212958201E-002
   15.200000000000001       -1.3390079673370363        7.3163504770531462E-002
   15.300000000000001       -1.1982395031583444        8.3442151919617319E-002
   15.400000000000000       -1.0462730228232104        9.0300655404513860E-002
   15.500000000000000      -0.88439651015202225        9.3769326746570986E-002
   15.600000000000001      -0.71398900194838388        9.3986490185570037E-002
   15.700000000000001      -0.53652063855086818        9.1203450919944445E-002
   15.800000000000001      -0.35355141155627068        8.5786795822568207E-002
   15.900000000000000      -0.16672667440568828        7.8212784537613406E-002
   16.000000000000000        2.2232170101080750E-002   6.9050719584346373E-002
   16.100000000000001       0.21154250927235674        5.8935858541672041E-002
   16.199999999999999       0.39938053869988049        4.8535485393511199E-002
   16.300000000000001       0.58390525617387179        3.8512905626352713E-002
   16.400000000000002       0.76328476566762027        2.9493497733229471E-002
   16.500000000000000       0.93572315774959725        2.2035442411405318E-002
   16.600000000000001        1.0994864443440191        1.6606221136256566E-002
   16.699999999999999        1.2529263742438832        1.3564884746498069E-002
   16.800000000000001        1.3945013311467971        1.3149527721301523E-002
   16.900000000000002        1.5227938583021849        1.5469257539406657E-002
   17.000000000000000        1.6365246436089271        2.0500062844115905E-002
   17.100000000000001        1.7345630401733705        2.8084223439174941E-002
   17.199999999999999        1.8159344039002985        3.7933180236235382E-002
   17.300000000000001        1.8798247167386750        4.9634053968112830E-002
   17.400000000000002        1.9255831407023860        6.2660261944945506E-002
   17.500000000000000        1.9527233082328446        7.6386919666322828E-002
   17.600000000000001        1.9609242703673606        9.0111850971014623E-002
   17.699999999999999        1.9500320403405653       0.10308289766570000     
   17.800000000000001        1.9200625142574694       0.11453162087154109     
   17.900000000000002        1.8712061648142286       0.12371234976189510     
   18.000000000000000        1.8038343001506434       0.12994404982333613     
   18.100000000000001        1.7185059798127567       0.13265109427929242     
   18.199999999999999        1.6159740851656992       0.13139826046815600     
   18.300000000000001        1.4971887284388397       0.12591563041308235     
   18.400000000000002        1.3632962271855880       0.11611089641226915     
   18.500000000000000        1.2156322628148624       0.10206958383333849     
   18.600000000000001        1.0557085324412645        8.4046481699748724E-002
   18.699999999999999       0.88519308173624967        6.2452293045764287E-002
   18.800000000000001       0.70588538408746093        3.7837815594785523E-002
   18.900000000000002       0.51968787741960698        1.0875468718743857E-002
   19.000000000000000       0.32857590329955577       -1.7663330393559967E-002
   19.100000000000001       0.13456778152924834       -4.6935938012829505E-002
   19.200000000000003       -6.0303764111729836E-002  -7.6060835651217032E-002
   19.300000000000001      -0.25401821109403638      -0.10415250881125550     
   19.400000000000002      -0.44459173733845780      -0.13035612275852196     
   19.500000000000000      -0.63009974283275061      -0.15387951553036330     
   19.600000000000001      -0.80869757609754334      -0.17402086354289686     
   19.700000000000003      -0.97863955989893525      -0.19019129268898927     
   19.800000000000001       -1.1382962698672470      -0.20193234063165710     
   19.900000000000002       -1.2861699003900957      -0.20892843830176802     
   20.000000000000000       -1.4209074940209918      -0.21101459185359397     
   20.100000000000001       -1.5413118170794948      -0.20817936686884436     
   20.200000000000003       -1.6463497162922103      -0.20056319608522277     
   20.300000000000001       -1.7351578669359513      -0.18845198406976127     
   20.400000000000002       -1.8070459048221335      -0.17226598117309383     
   20.500000000000000       -1.8614970080621298      -0.15254395973152346     
   20.600000000000001       -1.8981660478982729      -0.12992287315611140     
   20.700000000000003       -1.9168754608988405      -0.10511345311143161     
   20.800000000000001       -1.9176090271654800       -7.8872634242123943E-002
   20.900000000000002       -1.9005038035364561       -5.1974260191678841E-002
   21.000000000000000       -1.8658405829663063       -2.5180075233211727E-002
   21.100000000000001       -1.8140334298514023        7.8669947905638860E-004
   21.200000000000003       -1.7456190369438689        2.5263097369037951E-002
   21.300000000000001       -1.6612467934642334        4.7662092596497840E-002
   21.400000000000002       -1.5616704763483631        6.7482093859985298E-002
   21.500000000000000       -1.4477423485254932        8.4311561255431336E-002
   21.600000000000001       -1.3204101973644102        9.7831524717994750E-002
   21.700000000000003       -1.1807175051025920       0.10781965577158936     
   21.800000000000001       -1.0298064711640531       0.11415880043268348     
   21.900000000000002      -0.86892292563440476       0.11684992180809339     
   22.000000000000000      -0.69942134953956758       0.11602535583506426     
   22.100000000000001      -0.52276759310578280       0.11195581240188364     
   22.200000000000003      -0.34053690041411988       0.10504561202465780     
   22.300000000000001      -0.15440563081228451        9.5814571997271947E-002
   22.400000000000002        3.3863723048717445E-002   8.4869166724522160E-002
   22.500000000000000       0.22244346103244675        7.2867918802863266E-002
   22.600000000000001       0.40946599769193026        6.0486002983006264E-002
   22.700000000000003       0.59305172171508103        4.8382629907799270E-002
   22.800000000000001       0.77133761692556735        3.7173020361580496E-002
   22.900000000000002       0.94250516925656269        2.7405384417504324E-002
   23.000000000000000        1.1048064398992059        1.9542506085966988E-002
   23.100000000000001        1.2565875088239744        1.3947230615094256E-002
   23.200000000000003        1.3963087612678204        1.0871186550263987E-002
   23.300000000000001        1.5225617119753510        1.0446289417335188E-002
   23.400000000000002        1.6340822591310988        1.2678860300813426E-002
   23.500000000000000        1.7297604540333460        1.7446491692463366E-002
   23.600000000000001        1.8086470802653647        2.4498083656593398E-002
   23.700000000000003        1.8699575634281846        3.3457757031215091E-002
   23.800000000000001        1.9130739685812985        4.3833621811785226E-002
   23.900000000000002        1.9375460516934409        5.5032577281546237E-002
   24.000000000000000        1.9430924463576917        6.6382286472225091E-002
   24.100000000000001        1.9296029933306398        7.7160964653060909E-002
   24.200000000000003        1.8971428662192864        8.6634467089205511E-002
   24.300000000000001        1.8459584854730644        9.4098426021542295E-002
   24.400000000000002        1.7764843576000269        9.8921326622615532E-002
   24.500000000000000        1.6893491907586935       0.10058320617391116     
   24.600000000000001        1.5853792192456797        9.8704953000632881E-002
   24.700000000000003        1.4655967801120151        9.3065418497167304E-002
   24.800000000000001        1.3312127950142403        8.3607074365801448E-002
   24.900000000000002        1.1836127594100412        7.0433677848377507E-002
   25.000000000000000        1.0243369027479581        5.3803361147620882E-002
   25.100000000000001       0.85505609535811689        3.4118173229927565E-002
   25.200000000000003       0.67754558133640164        1.1908968234507969E-002
   25.300000000000001       0.49365855198755865       -1.2185523873118534E-002
   25.400000000000002       0.30530099685053241       -3.7445094566538106E-002
   25.500000000000000       0.11440844938244300       -6.3098030233257774E-002
   25.600000000000001       -7.7075482930827333E-002  -8.8352128026616836E-002
   25.700000000000003      -0.26721932517617164      -0.11242448809738803     
   25.800000000000001      -0.45412325625647731      -0.13456859352245429     
   25.900000000000002      -0.63593832842063591      -0.15409805108155961     
   26.000000000000000      -0.81088547131226252      -0.17040699365215214     
   26.100000000000001      -0.97727408700489193      -0.18298739912756001     
   26.200000000000003       -1.1335198479059474      -0.19144352392115804     
   26.300000000000001       -1.2781612168815326      -0.19550345002854536     
   26.400000000000002       -1.4098742003675748      -0.19502754173328887     
   26.500000000000000       -1.5274848907971610      -0.19001345491607707     
   26.600000000000001       -1.6299794322052796      -0.18059724123025361     
   26.700000000000003       -1.7165111394943195      -0.16705004055823020     
   26.800000000000001       -1.7864046038639736      -0.14976987526086302     
   26.900000000000002       -1.8391567087652743      -0.12926818991593142     
   27.000000000000000       -1.8744345588185345      -0.10615108453080363     
   27.100000000000001       -1.8920704082130544       -8.1095728595889732E-002
   27.200000000000003       -1.8920538030002545       -5.4823216541088238E-002
   27.300000000000001       -1.8745213602714728       -2.8069996616193478E-002
   27.400000000000002       -1.8397449070437741       -1.5606665832186110E-003
   27.500000000000000       -1.7881190499068755        2.4015034453097123E-002
   27.600000000000001       -1.7201495341219211        4.8019102655176692E-002
   27.700000000000003       -1.6364438365096825        6.9875837388481188E-002
   27.800000000000001       -1.5377052359021570        8.9078075996519929E-002
   27.900000000000002       -1.4247311621848167       0.10519293152827527     
   28.000000000000000       -1.2984160381678214       0.11787150854141031     
   28.100000000000001       -1.1597580761758755       0.12686530064765866     
   28.200000000000003       -1.0098684980700030       0.13204754455821055     
   28.300000000000001      -0.84998064124439721       0.13343302232720508     
   28.400000000000002      -0.68145588820845493       0.13118828987049902     
   28.500000000000000      -0.50578366018287091       0.12562733989577543     
   28.600000000000001      -0.32457394063213885       0.11719295129140919     
   28.700000000000003      -0.13954243248387643       0.10642807477085890     
   28.800000000000001        4.7510392752737454E-002   9.3942911107910088E-002
   28.900000000000002       0.23472461895160288        8.0382336013076511E-002
   29.000000000000000       0.42020875860938572        6.6396410567110487E-002
   29.100000000000001       0.60206852735551719        5.2614987035777938E-002
   29.200000000000003       0.77843521384025294        3.9626306174032337E-002
   29.300000000000001       0.94749268063481318        2.7958961260844586E-002
   29.400000000000002        1.1075022812543394        1.8066496703272240E-002
   29.500000000000000        1.2568251478745478        1.0314040458891411E-002
   29.600000000000001        1.3939414384057041        4.9666170005925932E-003
   29.700000000000003        1.5174662653977020        2.1790775616734614E-003
   29.800000000000001        1.6261621865591522        1.9878807935697121E-003
   29.900000000000002        1.7189483348622907        4.3052541458515952E-003
   30.000000000000000        1.7949065127590462        8.9165801985699872E-003
   30.100000000000001        1.8532848591955182        1.5482191553320505E-002
   30.200000000000003        1.8934999829003860        2.3545069989651175E-002
   30.300000000000001        1.9151386699489277        3.2546061171996814E-002
   30.400000000000002        1.9179603090493378        4.1847852123106218E-002
   30.500000000000000        1.9019009055011642        5.0767842379118445E-002
   30.600000000000001        1.8670788904168103        5.8618147059505590E-002
   30.700000000000003        1.8138019461272221        6.4748745846208614E-002
   30.800000000000001        1.7425730679214551        6.8588175104041027E-002
   30.900000000000002        1.6540935227723530        6.9676274138168640E-002
   31.000000000000000        1.5492605635417853        6.7685903429751573E-002
   31.100000000000001        1.4291586506518499        6.2434286893976218E-002
   31.200000000000003        1.2950441779361859        5.3887130226562052E-002
   31.300000000000001        1.1483249332930952        4.2157943518512798E-002
   31.400000000000002       0.99053644926105544        2.7502297101031123E-002
   31.500000000000000       0.82331772291481797        1.0305388798729434E-002
   31.600000000000001       0.64838835060515165       -8.9373892394263681E-003
   31.700000000000003       0.46752811823861151       -2.9644968948895588E-002
   31.800000000000001       0.28255898489398812       -5.1177199323395400E-002
   31.900000000000002        9.5328641302387787E-002  -7.2860899548501404E-002
   32.000000000000000       -9.2305419343421777E-002  -9.4013859778273021E-002
   32.100000000000001      -0.27849221244174027      -0.11396633780137540     
   32.200000000000003      -0.46140446629525367      -0.13208029801317453     
   32.300000000000004      -0.63925680745772295      -0.14776691623748192     
   32.399999999999999      -0.81032466170299244      -0.16050279642348594     
   32.500000000000000      -0.97296337178577441      -0.16984506461988497     
   32.600000000000001       -1.1256269176020601      -0.17544519182774032     
   32.700000000000003       -1.2668855944293012      -0.17706115416972235     
   32.800000000000004       -1.3954420274631416      -0.17456737893160729     
   32.899999999999999       -1.5101449577239909      -0.16796181220634265     
   33.000000000000000       -1.6100003132956486      -0.15736935072360642     
   33.100000000000001       -1.6941791645694604      -0.14304081908295332     
   33.200000000000003       -1.7620222437624620      -0.12534669898467093     
   33.300000000000004       -1.8130407986270376      -0.10476502332574103     
   33.399999999999999       -1.8469136728838749       -8.1863351668954421E-002
   33.500000000000000       -1.8634806907845147       -5.7275620151617669E-002
   33.600000000000001       -1.8627327054404987       -3.1675827252051071E-002
   33.700000000000003       -1.8447990799622576       -5.7516227066430033E-003
   33.800000000000004       -1.8099338852131821        1.9818719476917213E-002
   33.899999999999999       -1.7585025877672327        4.4383368660828516E-002
   34.000000000000000       -1.6909712344554506        6.7327760091827851E-002
   34.100000000000001       -1.6078999160657448        8.8081738576662946E-002
   34.200000000000003       -1.5099416303536135       0.10612776831882129     
   34.300000000000004       -1.3978467943523116       0.12101532332095415     
   34.399999999999999       -1.2724727247188448       0.13238391369527167     
   34.500000000000000       -1.1347962604889161       0.13999145823946421     
   34.600000000000001      -0.98592635395092909       0.14373937050735594     
   34.700000000000003      -0.82711279381071079       0.14368540651480205     
   34.800000000000004      -0.65974795139346898       0.14004021329524044     
   34.899999999999999      -0.48535982153562929       0.13314950897376138     
   35.000000000000000      -0.30559671451464498       0.12346734905856649     
   35.100000000000001      -0.12220614246680093       0.11152631516404714     
   35.200000000000003        6.2989585352577607E-002   9.7908798411144554E-002
   35.300000000000004       0.24811976610461972        8.3221360455816434E-002
   35.399999999999999       0.43129278263392395        6.8072542513197790E-002
   35.500000000000000       0.61062364823025295        5.3053684960034722E-002
   35.600000000000001       0.78426073981390698        3.8722050758199643E-002
   35.700000000000003       0.95041107620428300        2.5585554637900340E-002
   35.800000000000004        1.1073636381628271        1.4088550827789459E-002
   35.899999999999999        1.2535102847142148        4.5983589188899020E-003
   36.000000000000000        1.3873638718325321       -2.6075277768278318E-003
   36.100000000000001        1.5075732751591651       -7.3533248586894291E-003
   36.200000000000003        1.6129351816456046       -9.5754073703911285E-003
   36.300000000000004        1.7024027545440084       -9.3304755744097502E-003
   36.399999999999999        1.7750915831318639       -6.8001927360324893E-003
   36.500000000000000        1.8302836667347941       -2.2906201388867434E-003
   36.600000000000001        1.8674304792398055        3.7755406442705045E-003
   36.700000000000003        1.8861562987237179        1.0875753187246623E-002
   36.800000000000004        1.8862628116242650        1.8414376783603900E-002
   36.899999999999999        1.8677353719411827        2.5758236308946632E-002
   37.000000000000000        1.8307502225154171        3.2277437530209625E-002
   37.100000000000001        1.7756807809344426        3.7385873643799652E-002
   37.200000000000003        1.7031003572762506        4.0575797647100544E-002
   37.300000000000004        1.6137789259720663        4.1443269789820825E-002
   37.399999999999999        1.5086727854513220        3.9704942803836456E-002
   37.500000000000000        1.3889075529921533        3.5208609532199453E-002
   37.600000000000001        1.2557564104871632        2.7938544795825481E-002
   37.700000000000003        1.1106164833141448        1.8014048252201063E-002
   37.800000000000004       0.95498634785173986        5.6793930717063479E-003
   37.899999999999999       0.79044677188456081       -8.7139524538637995E-003
   38.000000000000000       0.61864516029667593       -2.4729358275351380E-002
   38.100000000000001       0.44128246868764504       -4.1867529823852466E-002
   38.200000000000003       0.26010072800330286       -5.9587172427623694E-002
   38.300000000000004        7.6870071868914369E-002  -7.7323203978222774E-002
   38.400000000000006      -0.10662511258017794       -9.4502908422314097E-002
   38.500000000000000      -0.28860122411106803      -0.11056082133927914     
   38.600000000000001      -0.46729195957732550      -0.12495313138879298     
   38.700000000000003      -0.64096629025646534      -0.13717210962325313     
   38.800000000000004      -0.80794754729640694      -0.14676070201522154     
   38.900000000000006      -0.96663302327961309      -0.15332708155372538     
   39.000000000000000       -1.1155133827806096      -0.15655871677473740     
   39.100000000000001       -1.2531911468774679      -0.15623535703321170     
   39.200000000000003       -1.3783975420634540      -0.15224021058283013     
   39.300000000000004       -1.4900070576805957      -0.14456846363093789     
   39.400000000000006       -1.5870491127105077      -0.13333216507135054     
   39.500000000000000       -1.6687162828534949      -0.11876043203790165     
   39.600000000000001       -1.7343686042656694      -0.10119399970831998     
   39.700000000000003       -1.7835335897648381       -8.1073483801258020E-002
   39.800000000000004       -1.8159018012821706       -5.8921525232876353E-002
   39.900000000000006       -1.8313181565330710       -3.5320311890617219E-002
   40.000000000000000       -1.8297696545594861       -1.0887522426931445E-002
   40.100000000000001       -1.8113708878426620        1.3745314948671074E-002
   40.200000000000003       -1.7763494315115267        3.7948787480792071E-002
   40.300000000000004       -1.7250336455995545        6.1105431670545080E-002
   40.400000000000006       -1.6578452513377906        8.2616651499114291E-002
   40.500000000000000       -1.5752981808123365       0.10191234588647102     
   40.600000000000001       -1.4780039601054056       0.11846872268925972     
   40.700000000000003       -1.3666826538670460       0.13183638367506983     
   40.800000000000004       -1.2421773364683901       0.14167417558083684     
   40.900000000000006       -1.1054690565346432       0.14777854534289250     
   41.000000000000000      -0.95768832100682322       0.15009882450210754     
   41.100000000000001      -0.80011955745803143       0.14873547113337512     
   41.200000000000003      -0.63419690336754853       0.14392478508816831     
   41.300000000000004      -0.46148960794694427       0.13601590980973316     
   41.400000000000006      -0.28367780523740421       0.12544508482554689     
   41.500000000000000      -0.10252558938987773       0.11271074090549606     
   41.600000000000001        8.0143746873687735E-002   9.8351431614121382E-002
   41.700000000000003       0.26247149409179310        8.2926813344089606E-002
   41.800000000000004       0.44258806389326072        6.7000946243910328E-002
   41.900000000000006       0.61863805803862537        5.1127099583566239E-002
   42.000000000000000       0.78880491833731126        3.5833403737672472E-002
   42.100000000000001       0.95133440296494465        2.1608851805694419E-002
   42.200000000000003        1.1045563593395953        8.8893273561617484E-003
   42.300000000000004        1.2469043394139998       -1.9564537344580182E-003
   42.400000000000006        1.3769326456164637       -1.0640948877901237E-002
   42.500000000000000        1.4933305022802623       -1.6971313159312149E-002
   42.600000000000001        1.5949332545600929       -2.0861673075468344E-002
   42.700000000000003        1.6807308016506395       -2.2342965283197212E-002
   42.800000000000004        1.7498738402762217       -2.1568657346505177E-002
   42.900000000000006        1.8016788554059016       -1.8814187186434222E-002
   43.000000000000000        1.8356330225052153       -1.4467820995227370E-002
   43.100000000000001        1.8514001004459926       -9.0113299319843267E-003
   43.200000000000003        1.8488278117627415       -2.9907433942942632E-003
   43.300000000000004        1.8279560789827394        3.0198937024988421E-003
   43.400000000000006        1.7890241052271414        8.4565544380234194E-003
   43.500000000000000        1.7324733471416323        1.2799562239082570E-002
   43.600000000000001        1.6589436643660722        1.5601183530879217E-002
   43.700000000000003        1.5692614417452952        1.6506941439626863E-002
   43.800000000000004        1.4644205387772291        1.5272187778569280E-002
   43.900000000000006        1.3455587202275641        1.1773146304850952E-002
   44.000000000000000        1.2139333258132643        6.0093957968815042E-003
   44.100000000000001        1.0708998073408853       -1.9039208964646945E-003
   44.200000000000003       0.91789534942896778       -1.1752024479705908E-002
   44.300000000000004       0.75642852810449845       -2.3239708696150142E-002
   44.400000000000006       0.58807410767918000       -3.6009249833603957E-002
   44.500000000000000       0.41446705605751771       -4.9655061176775823E-002
   44.600000000000001       0.23728960265097748       -6.3735990817992597E-002
   44.700000000000003        5.8254007374585789E-002  -7.7786832875465936E-002
   44.800000000000004      -0.12091332472773836       -9.1329747868696978E-002
   44.900000000000006      -0.29848605370681647      -0.10388596406309134     
   45.000000000000000      -0.47275279408857146      -0.11498818110255846     
   45.100000000000001      -0.64203390561500118      -0.12419386317480832     
   45.200000000000003      -0.80470004922801375      -0.13109927890292619     
   45.300000000000004      -0.95919178578440367      -0.13535392261831947     
   45.400000000000006       -1.1040393234038206      -0.13667479881108702     
   45.500000000000000       -1.2378814977035890      -0.13485989642472895     
   45.600000000000001       -1.3594831146024817      -0.12980000607614556     
   45.700000000000003       -1.4677498599618235      -0.12148786470924079     
   45.800000000000004       -1.5617400467879272      -0.11002348548573411     
   45.900000000000006       -1.6406725162093996       -9.5614495624323004E-002
   46.000000000000000       -1.7039300722159949       -7.8570472457744026E-002
   46.100000000000001       -1.7510579901053960       -5.9290866436518895E-002
   46.200000000000003       -1.7817574787979447       -3.8247373262181132E-002
   46.300000000000004       -1.7958745674810488       -1.5963463781532312E-002
   46.400000000000006       -1.7933857425834536        7.0046651920970034E-003
   46.500000000000000       -1.7743826386716008        3.0081750549437826E-002
   46.600000000000001       -1.7390587919411100        5.2680952547328762E-002
   46.700000000000003       -1.6877013920633142        7.4209106333232730E-002
   46.800000000000004       -1.6206899355474833        9.4076439992536176E-002
   46.900000000000006       -1.5385020714924422       0.11171641646836145     
   47.000000000000000       -1.4417252872030364       0.12661708648938638     
   47.100000000000001       -1.3310717991967203       0.13835858966967871     
   47.200000000000003       -1.2073935459157845       0.14664581551287587     
   47.300000000000004       -1.0716943393893958       0.15132630584839754     
   47.400000000000006      -0.92513639074443121       0.15239072873569723     
   47.500000000000000      -0.76904065598634685       0.14996068010567154     
   47.600000000000001      -0.60488182649444477       0.14427093154053469     
   47.700000000000003      -0.43426919646208467       0.13565008913113930     
   47.800000000000004      -0.25890884652305129       0.12450025093857693     
   47.900000000000006       -8.0567114247076854E-002  0.11127718043242477     
   48.000000000000000        9.8951705677973914E-002   9.6473200700166115E-002
   48.100000000000001       0.27782183049216053        8.0602718588831362E-002
   48.200000000000003       0.45421484732837664        6.4189044334902925E-002
   48.300000000000004       0.62632143685872110        4.7751561171053995E-002
   48.400000000000006       0.79237392486307212        3.1792743525986211E-002
   48.500000000000000       0.95066819917925094        1.6784705050211738E-002
   48.600000000000001        1.0995842041707078        3.1550971313532082E-003
   48.700000000000003        1.2376044782998974       -8.7276257610600372E-003
   48.800000000000004        1.3633303037148785       -1.8569294139233555E-002
   48.900000000000006        1.4754951969993542       -2.6164845037172823E-002
   49.000000000000000        1.5729757499334105       -3.1411826202773552E-002
   49.100000000000001        1.6548002107229391       -3.4321007097702569E-002
   49.200000000000003        1.7201556111052743       -3.5021960437238708E-002
   49.300000000000004        1.7683945627547952       -3.3761131167105982E-002
   49.400000000000006        1.7990428620496157       -3.0890280625758815E-002
   49.500000000000000        1.8118085172436915       -2.6844762599701984E-002
   49.600000000000001        1.8065916353946705       -2.2113686453990512E-002
   49.700000000000003        1.7834930483855147       -1.7206454124570194E-002
   49.800000000000004        1.7428183783711158       -1.2620705630406074E-002
   49.900000000000006        1.6850743571870008       -8.8144459885034325E-003
   50.000000000000000        1.6109559404594762       -6.1817645659711937E-003
   50.100000000000001        1.5213253008502703       -5.0312603724962691E-003
   50.200000000000003        1.4171859773065096       -5.5698407649343281E-003
   50.300000000000004        1.2996568453367841       -7.8965635873005906E-003
   50.400000000000006        1.1699506562322803       -1.2008091859006404E-002
   50.500000000000000        1.0293594158778534       -1.7812420288233249E-002
   50.600000000000001       0.87924565868522686       -2.5145325594144976E-002
   50.700000000000003       0.72104166566552719       -3.3784746438264179E-002
   50.800000000000004       0.55626024062212354       -4.3460028212594169E-002
   50.900000000000006       0.38649865382652931       -5.3856493965060287E-002
   51.000000000000000       0.21341230040695328       -6.4620621244296225E-002
   51.100000000000001        3.8677996439601472E-002  -7.5369178016200411E-002
   51.200000000000003      -0.13602603524371443       -8.5700111418913663E-002
   51.300000000000004      -0.30902842229297628       -9.5203542460238266E-002
   51.400000000000006      -0.47867386640663395      -0.10347342560549515     
   51.500000000000000      -0.64333701549625288      -0.11012028816445711     
   51.600000000000001      -0.80143988924138954      -0.11478485328320202     
   51.700000000000003      -0.95147123798344335      -0.11715215801925871     
   51.800000000000004       -1.0920064592836001      -0.11696566659001488     
   51.900000000000006       -1.2217268654906421      -0.11404067057116272     
   52.000000000000000       -1.3394372313133172      -0.10827601847037410     
   52.100000000000001       -1.4440806746646362       -9.9663017007542112E-002
   52.200000000000003       -1.5347500013545647       -8.8290250922636856E-002
   52.300000000000004       -1.6106946815615339       -7.4343129033853206E-002
   52.400000000000006       -1.6713227154706649       -5.8097344081570801E-002
   52.500000000000000       -1.7161969298163768       -3.9906466865405686E-002
   52.600000000000001       -1.7450258596634873       -2.0185785273178505E-002
   52.700000000000003       -1.7576503653018909        6.0339054076046753E-004
   52.800000000000004       -1.7540283705531994        2.1964312125911364E-002
   52.900000000000006       -1.7342211186509984        4.3368894774097749E-002
   53.000000000000000       -1.6983844346741055        6.4259904097808185E-002
   53.100000000000001       -1.6467672928393715        8.4059282114661585E-002
   53.200000000000003       -1.5797179730382196       0.10218844902069152     
   53.300000000000004       -1.4976960760719609       0.11810098730647427     
   53.400000000000006       -1.4012871104832416       0.13132177955038860     
   53.500000000000000       -1.2912160134501813       0.14148180174017227     
   53.600000000000001       -1.1683573519526973       0.14833893853600152     
   53.700000000000003       -1.0337412932254386       0.15178167832608369     
   53.800000000000004      -0.88855554520374536       0.15181975918233689     
   53.900000000000006      -0.73414825180606957       0.14857034626479812     
   54.000000000000000      -0.57203367600642330       0.14224614967088792     
   54.100000000000001      -0.40386920591801395       0.13314426419570549     
   54.200000000000003      -0.23138808739387526       0.12163034794963069     
   54.300000000000004       -5.6345830212628720E-002  0.10812020290284066     
   54.400000000000006       0.11949210891208120        9.3064984099091391E-002
   54.500000000000000       0.29435199673493473        7.6939856302058018E-002
   54.600000000000001       0.46646266308039336        6.0233274173726689E-002
   54.700000000000003       0.63407389453439955        4.3435669844539650E-002
   54.800000000000004       0.79547730481169943        2.7027267844281361E-002
   54.900000000000006       0.94902708488733456        1.1464871370684535E-002
   55.000000000000000        1.0931595685083955       -2.8324623407677469E-003
   55.100000000000001        1.2264109993656014       -1.5498746708851929E-002
   55.200000000000003        1.3474330580021319       -2.6236970436276978E-002
   55.300000000000004        1.4550059541246776       -3.4834725559094545E-002
   55.400000000000006        1.5480492713718663       -4.1178152602336031E-002
   55.500000000000000        1.6256312133585131       -4.5262206420787134E-002
   55.600000000000001        1.6869773196942452       -4.7194800686087106E-002
   55.700000000000003        1.7314798767019259       -4.7192502156690887E-002
   55.800000000000004        1.7587088278680105       -4.5566652891133874E-002
   55.900000000000006        1.7684237716036497       -4.2701105999149502E-002
   56.000000000000000        1.7605848454965687       -3.9025044278375769E-002
   56.100000000000001        1.7353588148446275       -3.4984982708312809E-002
   56.200000000000003        1.6931166067724741       -3.1018311007909530E-002
   56.300000000000004        1.6344203520254252       -2.7527887535675994E-002
   56.400000000000006        1.5600010139693397       -2.4857183391542453E-002
   56.500000000000000        1.4707303254732436       -2.3269908409068989E-002
   56.600000000000001        1.3675922307402197       -2.2940411715712494E-002
   56.700000000000003        1.2516596236746893       -2.3956639195504517E-002
   56.800000000000004        1.1240807813077531       -2.6331328098254399E-002
   56.900000000000006       0.98607401985033094       -3.0015370635475033E-002
   57.000000000000000       0.83892489868998588       -3.4909103900901829E-002
   57.100000000000001       0.68399481559353914       -4.0869008862625046E-002
   57.200000000000003       0.52275861911950861       -4.7707478885125498E-002
   57.300000000000004       0.35682016890288276       -5.5187141439384579E-002
   57.400000000000006       0.18784410437823185       -6.3022299586134756E-002
   57.500000000000000        1.7481737754537097E-002  -7.0891882240914875E-002
   57.600000000000001      -0.15264176895816256       -7.8452824566014948E-002
   57.700000000000003      -0.32091675207429970       -8.5350371177498940E-002
   57.800000000000004      -0.48574932568299950       -9.1228704699661864E-002
   57.900000000000006      -0.64557317245146062       -9.5743033872761785E-002
   58.000000000000000      -0.79886675137369501       -9.8572633449410169E-002
   58.100000000000001      -0.94417268281257005       -9.9434382943742280E-002
   58.200000000000003       -1.0801176918640178       -9.8096337700996655E-002
   58.300000000000004       -1.2054318711326029       -9.4390547645883074E-002
   58.400000000000006       -1.3189661044294989       -8.8224018405375637E-002
   58.500000000000000       -1.4197065414816954       -7.9586552179119127E-002
   58.600000000000001       -1.5067850437714931       -6.8554230825683987E-002
   58.700000000000003       -1.5794845748439093       -5.5287553440834823E-002
   58.800000000000004       -1.6372387341067685       -4.0023983685991908E-002
   58.900000000000006       -1.6796252334592878       -2.3066323494480095E-002
   59.000000000000000       -1.7063542156166485       -4.7707340401242186E-003
   59.100000000000001       -1.7172537808315071        1.4460479308368050E-002
   59.200000000000003       -1.7122563877423442        3.4179057378447439E-002
   59.300000000000004       -1.6913900795869226        5.3888817256017067E-002
   59.400000000000006       -1.6547771889554739        7.3051157448732806E-002
   59.500000000000000       -1.6026407528658870        9.1104198182366147E-002
   59.600000000000001       -1.5353165470352155       0.10749476683574254     
   59.700000000000003       -1.4532670158987244       0.12171714227476778     
   59.800000000000004       -1.3570929418004936       0.13334874940585703     
   59.900000000000006       -1.2475406616912117       0.14207380539469577     
   60.000000000000000       -1.1255054434787488       0.14769125460221824     
