  0.10000000000000001        4.3591596998737714E-010  0.99999999999333999       0.99999999955742402     
  0.20000000000000001        1.3309136015493550E-009  0.99999999955742425       0.99999999822651064     
  0.30000000000000004        1.8876744611873164E-009  0.99999999822651098       0.99999999633883652     
  0.40000000000000002        1.6827250703954633E-009  0.99999999633883652       0.99999999465611145     
  0.50000000000000000        9.8141017534913999E-010  0.99999999465611189       0.99999999367470171     
  0.59999999999999998        3.3594538262349261E-010  0.99999999367470183       0.99999999333875644     
  0.70000000000000007        6.2340355100332090E-011  0.99999999333875667       0.99999999327641631     
  0.80000000000000004        1.1128342691790749E-010  0.99999999327641653       0.99999999316513311     
  0.90000000000000002        2.6681434839304075E-010  0.99999999316513333       0.99999999289831898     
   1.0000000000000000        3.5177560864241286E-010  0.99999999289831931       0.99999999254654370     
   1.1000000000000001        3.0514224480526764E-010  0.99999999254654348       0.99999999224140124     
   1.2000000000000002        1.7655277240180567E-010  0.99999999224140135       0.99999999206484858     
   1.3000000000000003        7.2828743036268406E-011  0.99999999206484846       0.99999999199201972     
   1.4000000000000001        7.2908901138646343E-011  0.99999999199201950       0.99999999191911060     
   1.5000000000000002        1.7088419568267454E-010  0.99999999191911093       0.99999999174822674     
   1.6000000000000001        2.9252988920092093E-010  0.99999999174822696       0.99999999145569707     
   1.7000000000000002        3.5520564267699228E-010  0.99999999145569718       0.99999999110049154     
   1.8000000000000003        3.1821356660799438E-010  0.99999999110049187       0.99999999078227830     
   1.9000000000000001        2.0610324558134607E-010  0.99999999078227808       0.99999999057617484     
   2.0000000000000000        9.8927865899156586E-011  0.99999999057617495       0.99999999047724708     
   2.1000000000000001        7.6528117176621890E-011  0.99999999047724719       0.99999999040071907     
   2.2000000000000002        1.4349621491049902E-010  0.99999999040071919       0.99999999025722297     
   2.3000000000000003        2.1781354497818484E-010  0.99999999025722275       0.99999999003940920     
   2.4000000000000004        2.2302137914209652E-010  0.99999999003940909       0.99999998981638771     
   2.5000000000000004        1.7900181337182630E-010  0.99999998981638749       0.99999998963738568     
   2.6000000000000001        1.5726397961657312E-010  0.99999998963738579       0.99999998948012181     
   2.7000000000000002        1.8633283804803114E-010  0.99999998948012181       0.99999998929378897     
   2.8000000000000003        3.1138436273892012E-010  0.99999998929378897       0.99999998898240461     
   2.9000000000000004        6.7127070568773206E-010  0.99999998898240472       0.99999998831113401     
   3.0000000000000004        1.2667769055951794E-009  0.99999998831113390       0.99999998704435700     
   3.1000000000000001        1.7268346752530306E-009  0.99999998704435678       0.99999998531752210     
   3.2000000000000002        1.6678418646165483E-009  0.99999998531752177       0.99999998364967990     
   3.3000000000000003        1.2003293914375490E-009  0.99999998364967957       0.99999998244935018     
   3.4000000000000004        7.4166672803244182E-010  0.99999998244935051       0.99999998170768378     
   3.5000000000000004        5.2413939855000535E-010  0.99999998170768412       0.99999998118354472     
   3.6000000000000001        5.4758098055884830E-010  0.99999998118354461       0.99999998063596363     
   3.7000000000000002        7.4602035660120691E-010  0.99999998063596374       0.99999997988994338     
   3.8000000000000003        9.9017605226237038E-010  0.99999997988994316       0.99999997889976711     
   3.9000000000000004        1.1042702308117214E-009  0.99999997889976722       0.99999997779549699     
   4.0000000000000000        1.0078676782043772E-009  0.99999997779549687       0.99999997678762920     
   4.0999999999999996        7.8007300619020725E-010  0.99999997678762942       0.99999997600755641     
   4.2000000000000002        5.6330828890338580E-010  0.99999997600755675       0.99999997544424846     
   4.2999999999999998        4.4771353291395144E-010  0.99999997544424857       0.99999997499653503     
   4.3999999999999995        4.3723336062839735E-010  0.99999997499653503       0.99999997455930167     
   4.5000000000000000        4.7243420286946503E-010  0.99999997455930212       0.99999997408686792     
   4.5999999999999996        4.7315773521461324E-010  0.99999997408686825       0.99999997361371051     
   4.7000000000000002        3.9341974122919510E-010  0.99999997361371029       0.99999997322029055     
   4.7999999999999998        2.6170299260996899E-010  0.99999997322029077       0.99999997295858778     
   4.9000000000000004        1.6470502739451831E-010  0.99999997295858811       0.99999997279388309     
   5.0000000000000000        1.7679557817729119E-010  0.99999997279388309       0.99999997261708751     
   5.0999999999999996        2.9150082347939588E-010  0.99999997261708706       0.99999997232558624     
   5.2000000000000002        4.1176539955500857E-010  0.99999997232558635       0.99999997191382095     
   5.2999999999999998        4.1830461317005074E-010  0.99999997191382051       0.99999997149551589     
   5.4000000000000004        2.8989399769585589E-010  0.99999997149551567       0.99999997120562167     
   5.5000000000000000        1.7788559514286817E-010  0.99999997120562167       0.99999997102773608     
   5.5999999999999996        3.0696245545414058E-010  0.99999997102773586       0.99999997072077340     
   5.7000000000000002        7.3470718398027657E-010  0.99999997072077362       0.99999996998606644     
   5.7999999999999998        1.2213723366016893E-009  0.99999996998606600       0.99999996876469366     
   5.9000000000000004        1.3888676875239980E-009  0.99999996876469355       0.99999996737582586     
   6.0000000000000000        1.0510635695126780E-009  0.99999996737582586       0.99999996632476229     
   6.0999999999999996        4.3968839680275096E-010  0.99999996632476218       0.99999996588507378     
   6.2000000000000002        9.1686991332551315E-011  0.99999996588507367       0.99999996579338668     
   6.2999999999999998        3.8532355084441861E-010  0.99999996579338657       0.99999996540806302     
   6.4000000000000004        1.1203150629413017E-009  0.99999996540806280       0.99999996428774773     
   6.5000000000000000        1.6588836970754528E-009  0.99999996428774773       0.99999996262886404     
   6.5999999999999996        1.5604638692323647E-009  0.99999996262886381       0.99999996106839995     
   6.7000000000000002        1.0028745611734280E-009  0.99999996106840028       0.99999996006552572     
   6.7999999999999998        5.2377613357634800E-010  0.99999996006552527       0.99999995954174914     
   6.9000000000000004        4.4699333123787710E-010  0.99999995954174925       0.99999995909475592     
   7.0000000000000000        6.5951721861523538E-010  0.99999995909475536       0.99999995843523815     
   7.0999999999999996        8.6734608384375633E-010  0.99999995843523815       0.99999995756789206     
   7.2000000000000002        9.0533291974281838E-010  0.99999995756789217       0.99999995666255925     
   7.2999999999999998        7.8376838352767209E-010  0.99999995666255992       0.99999995587879154     
   7.4000000000000004        5.8039295591783002E-010  0.99999995587879131       0.99999995529839836     
   7.5000000000000000        3.8079561726078737E-010  0.99999995529839880       0.99999995491760318     
   7.5999999999999996        2.6352120485739761E-010  0.99999995491760285       0.99999995465408165     
   7.7000000000000002        2.5776325518478416E-010  0.99999995465408176       0.99999995439631850     
   7.7999999999999998        3.1552827017833351E-010  0.99999995439631872       0.99999995408079045     
   7.9000000000000004        3.5780356455461515E-010  0.99999995408079023       0.99999995372298667     
   8.0000000000000000        3.4462155351633328E-010  0.99999995372298678       0.99999995337836523     
   8.0999999999999996        2.8892277459391380E-010  0.99999995337836556       0.99999995308944278     
   8.1999999999999993        2.2365809204671905E-010  0.99999995308944267       0.99999995286578458     
   8.3000000000000007        1.8229640019740145E-010  0.99999995286578514       0.99999995268348874     
   8.4000000000000004        1.9964752073775571E-010  0.99999995268348885       0.99999995248384133     
   8.5000000000000000        2.9462010608938272E-010  0.99999995248384133       0.99999995218922122     
   8.5999999999999996        4.3753101142129935E-010  0.99999995218922133       0.99999995175169032     
   8.6999999999999993        5.4995719089845352E-010  0.99999995175169032       0.99999995120173313     
   8.8000000000000007        5.6232374312514821E-010  0.99999995120173324       0.99999995063940950     
   8.9000000000000004        5.2711035536390227E-010  0.99999995063940972       0.99999995011229936     
   9.0000000000000000        7.2383676830156674E-010  0.99999995011229936       0.99999994938846259     
   9.0999999999999996        1.5112242568449119E-009  0.99999994938846237       0.99999994787723812     
   9.1999999999999993        2.8225278780880103E-009  0.99999994787723789       0.99999994505471002     
   9.3000000000000007        3.9350366298762651E-009  0.99999994505470979       0.99999994111967316     
   9.4000000000000004        4.1346085444260439E-009  0.99999994111967316       0.99999993698506462     
   9.5000000000000000        3.4973772766733191E-009  0.99999993698506429       0.99999993348768701     
   9.5999999999999996        2.6985792489497840E-009  0.99999993348768734       0.99999993078910809     
   9.7000000000000011        2.3191554232582234E-009  0.99999993078910854       0.99999992846995311     
   9.8000000000000007        2.5615318755001226E-009  0.99999992846995300       0.99999992590842113     
   9.9000000000000004        3.2692920592936048E-009  0.99999992590842102       0.99999992263912896     
   10.000000000000000        4.0047940519372105E-009  0.99999992263912962       0.99999991863433557     
   10.100000000000000        4.3310428576859294E-009  0.99999991863433535       0.99999991430329249     
   10.200000000000001        4.1481250656616453E-009  0.99999991430329227       0.99999991015516720     
   10.300000000000001        3.6869280961582263E-009  0.99999991015516709       0.99999990646823900     
   10.400000000000000        3.1910297737525184E-009  0.99999990646823922       0.99999990327720945     
   10.500000000000000        2.7040679695389258E-009  0.99999990327720922       0.99999990057314125     
   10.600000000000000        2.1647165171501115E-009  0.99999990057314136       0.99999989840842485     
   10.700000000000001        1.5974603861934611E-009  0.99999989840842529       0.99999989681096491     
   10.800000000000001        1.1343445072142799E-009  0.99999989681096502       0.99999989567662051     
   10.900000000000000        8.8069251891198519E-010  0.99999989567662007       0.99999989479592755     
   11.000000000000000        8.2399020939760703E-010  0.99999989479592721       0.99999989397193700     
   11.100000000000000        8.7569740347959169E-010  0.99999989397193723       0.99999989309623982     
   11.200000000000001        9.4861785093769413E-010  0.99999989309623960       0.99999989214762175     
   11.300000000000001        9.7830732403991760E-010  0.99999989214762153       0.99999989116931420     
   11.400000000000000        9.2847274313356820E-010  0.99999989116931376       0.99999989024084102     
   11.500000000000000        8.2251572219860236E-010  0.99999989024084079       0.99999988941832507     
   11.600000000000000        7.3634254249554942E-010  0.99999988941832507       0.99999988868198253     
   11.700000000000001        7.2979133847184130E-010  0.99999988868198231       0.99999988795219097     
   11.800000000000001        8.1963136278062620E-010  0.99999988795219097       0.99999988713255961     
   11.900000000000000        9.9952202070596741E-010  0.99999988713255961       0.99999988613303759     
   12.000000000000000        1.1960581414172111E-009  0.99999988613303803       0.99999988493697989     
   12.100000000000000        1.2433810647749510E-009  0.99999988493698044       0.99999988369359938     
   12.200000000000001        1.0298230046501544E-009  0.99999988369359949       0.99999988266377648     
   12.300000000000001        6.6802108289465423E-010  0.99999988266377671       0.99999988199575562     
   12.400000000000000        4.5750259136667637E-010  0.99999988199575573       0.99999988153825314     
   12.500000000000000        6.7669359005151364E-010  0.99999988153825281       0.99999988086155922     
   12.600000000000000        1.3883783012147433E-009  0.99999988086155922       0.99999987947318092     
   12.700000000000001        2.4093307349204451E-009  0.99999987947318059       0.99999987706384985     
   12.800000000000001        3.4823620653767762E-009  0.99999987706384985       0.99999987358148779     
   12.900000000000000        4.4725688708169287E-009  0.99999987358148756       0.99999986910891869     
   13.000000000000000        5.3489441764753565E-009  0.99999986910891903       0.99999986375997485     
   13.100000000000000        6.0088888309550725E-009  0.99999986375997474       0.99999985775108591     
   13.200000000000001        6.2459870608932988E-009  0.99999985775108535       0.99999985150509829     
   13.300000000000001        5.9388302053875464E-009  0.99999985150509851       0.99999984556626831     
   13.400000000000000        5.1951832835683831E-009  0.99999984556626809       0.99999984037108480     
   13.500000000000000        4.2655792231727219E-009  0.99999984037108425       0.99999983610550502     
   13.600000000000000        3.3746050398519856E-009  0.99999983610550502       0.99999983273089998     
   13.700000000000001        2.6652756668354982E-009  0.99999983273089943       0.99999983006562376     
   13.800000000000001        2.2162200963293799E-009  0.99999983006562354       0.99999982784940344     
   13.900000000000000        2.0127376432199640E-009  0.99999982784940378       0.99999982583666613     
   14.000000000000000        1.9147489149773378E-009  0.99999982583666658       0.99999982392191766     
   14.100000000000000        1.7361522219871972E-009  0.99999982392191755       0.99999982218576533     
   14.200000000000001        1.3995602454741629E-009  0.99999982218576555       0.99999982078620531     
   14.300000000000001        1.0043494924616425E-009  0.99999982078620497       0.99999981978185548     
   14.400000000000000        7.3520778354208005E-010  0.99999981978185548       0.99999981904664770     
   14.500000000000000        7.1227468367851543E-010  0.99999981904664770       0.99999981833437301     
   14.600000000000000        9.2217877778466573E-010  0.99999981833437324       0.99999981741219446     
   14.700000000000001        1.2549673522599392E-009  0.99999981741219479       0.99999981615722744     
   14.800000000000001        1.5663413899247303E-009  0.99999981615722777       0.99999981459088638     
   14.900000000000000        1.7079077041515234E-009  0.99999981459088627       0.99999981288297857     
   15.000000000000000        1.5771771666450718E-009  0.99999981288297912       0.99999981130580196     
   15.100000000000000        1.2724676867748030E-009  0.99999981130580207       0.99999981003333438     
   15.200000000000001        1.2405646510060819E-009  0.99999981003333416       0.99999980879276951     
   15.300000000000001        2.0313475346256382E-009  0.99999980879276951       0.99999980676142197     
   15.400000000000000        3.5980478596542298E-009  0.99999980676142197       0.99999980316337411     
   15.500000000000000        5.0443668131450181E-009  0.99999980316337400       0.99999979811900719     
   15.600000000000000        5.5264912646180164E-009  0.99999979811900741       0.99999979259251615     
   15.700000000000001        5.2012458784389537E-009  0.99999979259251637       0.99999978739127049     
   15.800000000000001        4.8930469676022881E-009  0.99999978739127093       0.99999978249822397     
   15.900000000000000        5.1917867782691474E-009  0.99999978249822441       0.99999977730643763     
   16.000000000000000        6.1835369047358313E-009  0.99999977730643730       0.99999977112290039     
   16.100000000000001        7.6462488562967224E-009  0.99999977112290050       0.99999976347665165     
   16.200000000000003        9.2049000643967815E-009  0.99999976347665220       0.99999975427175214     
   16.300000000000001        1.0493859115001669E-008  0.99999975427175203       0.99999974377789291     
   16.400000000000002        1.1346188766303555E-008  0.99999974377789325       0.99999973243170448     
   16.500000000000004        1.1788133580381555E-008  0.99999973243170426       0.99999972064357068     
   16.600000000000001        1.1823204859595648E-008  0.99999972064357079       0.99999970882036593     
   16.700000000000003        1.1288885826132855E-008  0.99999970882036560       0.99999969753147977     
   16.800000000000001        9.9952583987317212E-009  0.99999969753147977       0.99999968753622137     
   16.900000000000002        8.0231817856102339E-009  0.99999968753622104       0.99999967951303925     
   17.000000000000004        5.8592667384615993E-009  0.99999967951303936       0.99999967365377262     
   17.100000000000001        4.1800684025261603E-009  0.99999967365377262       0.99999966947370422     
   17.200000000000003        3.4341517407554534E-009  0.99999966947370411       0.99999966603955237     
   17.300000000000001        3.5724333491415905E-009  0.99999966603955237       0.99999966246711902     
   17.400000000000002        4.1333817479838331E-009  0.99999966246711902       0.99999965833373727     
   17.500000000000004        4.5625626610146242E-009  0.99999965833373672       0.99999965377117406     
   17.600000000000001        4.5071044674216409E-009  0.99999965377117450       0.99999964926407003     
   17.700000000000003        3.9675353002976976E-009  0.99999964926407015       0.99999964529653484     
   17.800000000000001        3.2949643014035246E-009  0.99999964529653496       0.99999964200157065     
   17.900000000000002        2.9500109022251308E-009  0.99999964200157088       0.99999963905155997     
   18.000000000000004        3.0801574624206296E-009  0.99999963905156020       0.99999963597140273     
   18.100000000000001        3.3635894070016548E-009  0.99999963597140262       0.99999963260781322     
   18.200000000000003        3.3801120791210337E-009  0.99999963260781333       0.99999962922770125     
   18.300000000000001        3.0111171334112896E-009  0.99999962922770125       0.99999962621658411     
   18.400000000000002        2.4107881246848706E-009  0.99999962621658378       0.99999962380579566     
   18.500000000000004        1.8211908647813857E-009  0.99999962380579532       0.99999962198460446     
   18.600000000000001        1.5095116268071251E-009  0.99999962198460435       0.99999962047509272     
   18.700000000000003        1.7466842416880013E-009  0.99999962047509250       0.99999961872840826     
   18.800000000000001        2.8080232583604925E-009  0.99999961872840804       0.99999961592038478     
   18.900000000000002        4.9857272754749715E-009  0.99999961592038478       0.99999961093465750     
   19.000000000000004        8.4865241500864386E-009  0.99999961093465783       0.99999960244813368     
   19.100000000000001        1.3200096460330712E-008  0.99999960244813380       0.99999958924803733     
   19.200000000000003        1.8494994424855804E-008  0.99999958924803733       0.99999957075304291     
   19.300000000000004        2.3253705183634565E-008  0.99999957075304313       0.99999954749933795     
   19.400000000000002        2.6282764298279915E-008  0.99999954749933773       0.99999952121657343     
   19.500000000000004        2.6923650864318915E-008  0.99999952121657310       0.99999949429292223     
   19.600000000000001        2.5390061608732140E-008  0.99999949429292245       0.99999946890286084     
   19.700000000000003        2.2561484347427552E-008  0.99999946890286073       0.99999944634137639     
   19.800000000000004        1.9490226321750015E-008  0.99999944634137639       0.99999942685115006     
   19.900000000000002        1.7017575681954611E-008  0.99999942685115029       0.99999940983357460     
   20.000000000000004        1.5572866218782622E-008  0.99999940983357416       0.99999939426070794     
   20.100000000000001        1.5057290747577667E-008  0.99999939426070805       0.99999937920341730     
   20.200000000000003        1.4889261379380514E-008  0.99999937920341686       0.99999936431415548     
   20.300000000000004        1.4351024590908423E-008  0.99999936431415559       0.99999934996313100     
   20.400000000000002        1.3090257988679355E-008  0.99999934996313111       0.99999933687287312     
   20.500000000000004        1.1378766373582039E-008  0.99999933687287301       0.99999932549410664     
   20.600000000000001        9.8961535632824393E-009  0.99999932549410686       0.99999931559795330     
   20.700000000000003        9.2239156312956538E-009  0.99999931559795330       0.99999930637403767     
   20.800000000000004        9.4551686480315311E-009  0.99999930637403722       0.99999929691886857     
   20.900000000000002        1.0168461406223628E-008  0.99999929691886835       0.99999928675040695     
   21.000000000000004        1.0698948837983835E-008  0.99999928675040661       0.99999927605145777     
   21.100000000000001        1.0471908007403385E-008  0.99999927605145766       0.99999926557954966     
   21.200000000000003        9.2421309494383763E-009  0.99999926557954999       0.99999925633741904     
   21.300000000000004        7.2659251948437031E-009  0.99999925633741871       0.99999924907149351     
   21.400000000000002        5.4201759747130041E-009  0.99999924907149373       0.99999924365131776     
   21.500000000000004        4.9458656059542250E-009  0.99999924365131776       0.99999923870545215     
   21.600000000000001        6.5437468776963215E-009  0.99999923870545193       0.99999923216170505     
   21.700000000000003        9.6985289799178531E-009  0.99999923216170483       0.99999922246317585     
   21.800000000000004        1.3473933302421415E-008  0.99999922246317607       0.99999920898924277     
   21.900000000000002        1.7741583646646575E-008  0.99999920898924288       0.99999919124765924     
   22.000000000000004        2.2742568828171272E-008  0.99999919124765957       0.99999916850509074     
   22.100000000000001        2.7923014234154664E-008  0.99999916850509085       0.99999914058207662     
   22.200000000000003        3.2294433793822463E-008  0.99999914058207651       0.99999910828764271     
   22.300000000000004        3.5571549372725997E-008  0.99999910828764238       0.99999907271609301     
   22.400000000000002        3.8285535630677714E-008  0.99999907271609301       0.99999903443055738     
   22.500000000000004        4.1074077028468992E-008  0.99999903443055749       0.99999899335648046     
   22.600000000000001        4.4173090740784460E-008  0.99999899335648035       0.99999894918338961     
   22.700000000000003        4.7386495283241459E-008  0.99999894918338961       0.99999890179689432     
   22.800000000000004        5.0274930107896409E-008  0.99999890179689477       0.99999885152196466     
   22.900000000000002        5.2352730151028481E-008  0.99999885152196466       0.99999879916923451     
   23.000000000000004        5.3254551879433620E-008  0.99999879916923473       0.99999874591468285     
   23.100000000000001        5.2889532420330454E-008  0.99999874591468274       0.99999869302515032     
   23.200000000000003        5.1559614022700373E-008  0.99999869302515065       0.99999864146553663     
   23.300000000000004        4.9950630964801235E-008  0.99999864146553674       0.99999859151490578     
   23.400000000000002        4.8897679794102089E-008  0.99999859151490589       0.99999854261722609     
   23.500000000000004        4.8953418985142605E-008  0.99999854261722543       0.99999849366380644     
   23.600000000000001        4.9993370998535624E-008  0.99999849366380622       0.99999844367043522     
   23.700000000000003        5.1168655645916772E-008  0.99999844367043500       0.99999839250177935     
   23.800000000000004        5.1316227267506065E-008  0.99999839250177891       0.99999834118555164     
   23.900000000000002        4.9602415619354190E-008  0.99999834118555131       0.99999829158313569     
   24.000000000000004        4.6012338383860651E-008  0.99999829158313591       0.99999824557079753     
   24.100000000000001        4.1381023052622368E-008  0.99999824557079742       0.99999820418977436     
   24.200000000000003        3.6855097751420374E-008  0.99999820418977470       0.99999816733467695     
   24.300000000000004        3.3066809179693735E-008  0.99999816733467717       0.99999813426786799     
   24.400000000000002        2.9809725687890420E-008  0.99999813426786788       0.99999810445814219     
   24.500000000000004        2.6626336246948767E-008  0.99999810445814152       0.99999807783180528     
   24.600000000000001        2.3453408326545855E-008  0.99999807783180494       0.99999805437839662     
   24.700000000000003        2.0578242776458922E-008  0.99999805437839651       0.99999803380015373     
   24.800000000000004        1.8524215494863938E-008  0.99999803380015406       0.99999801527593857     
   24.900000000000002        1.8275951751967057E-008  0.99999801527593812       0.99999799699998637     
   25.000000000000004        2.1214595191665353E-008  0.99999799699998559       0.99999797578539040     
   25.100000000000001        2.8461175749505685E-008  0.99999797578539040       0.99999794732421465     
   25.200000000000003        4.0200272666268688E-008  0.99999794732421443       0.99999790712394176     
   25.300000000000004        5.5619414407459544E-008  0.99999790712394165       0.99999785150452725     
   25.400000000000002        7.3344853190882020E-008  0.99999785150452691       0.99999777815967372     
   25.500000000000004        9.1699261850486380E-008  0.99999777815967361       0.99999768646041176     
   25.600000000000001        1.0860985155680680E-007  0.99999768646041209       0.99999757785056054     
   25.700000000000003        1.2175770669475838E-007  0.99999757785056065       0.99999745609285395     
   25.800000000000004        1.2931338444488460E-007  0.99999745609285395       0.99999732677946951     
   25.900000000000002        1.3077875016254126E-007  0.99999732677946984       0.99999719600071968     
   26.000000000000004        1.2728039455733864E-007  0.99999719600071990       0.99999706872032534     
   26.100000000000001        1.2113658987011888E-007  0.99999706872032479       0.99999694758373492     
   26.200000000000003        1.1490554208126724E-007  0.99999694758373503       0.99999683267819295     
   26.300000000000004        1.1031871527400483E-007  0.99999683267819328       0.99999672235947801     
   26.400000000000002        1.0767875835426821E-007  0.99999672235947812       0.99999661468071976     
   26.500000000000004        1.0614988077417564E-007  0.99999661468071976       0.99999650853083899     
   26.600000000000001        1.0472387257376425E-007  0.99999650853083899       0.99999640380696642     
   26.700000000000003        1.0308710474138394E-007  0.99999640380696675       0.99999630071986201     
   26.800000000000004        1.0174815101571255E-007  0.99999630071986167       0.99999619897171066     
   26.900000000000002        1.0143353512681585E-007  0.99999619897171033       0.99999609753817520     
   27.000000000000004        1.0228409952350859E-007  0.99999609753817520       0.99999599525407568     
   27.100000000000001        1.0343091871867216E-007  0.99999599525407568       0.99999589182315696     
   27.200000000000003        1.0320016685660960E-007  0.99999589182315718       0.99999578862299032     
   27.300000000000004        9.9794152941257153E-008  0.99999578862299010       0.99999568882883716     
   27.400000000000002        9.2081264169152632E-008  0.99999568882883738       0.99999559674757321     
   27.500000000000004        8.0203851893223543E-008  0.99999559674757321       0.99999551654372132     
   27.600000000000001        6.5957133976723981E-008  0.99999551654372110       0.99999545058658712     
   27.700000000000003        5.2866912070292926E-008  0.99999545058658756       0.99999539771967549     
   27.800000000000004        4.5462966946629990E-008  0.99999539771967560       0.99999535225670866     
   27.900000000000002        4.7821481219401107E-008  0.99999535225670899       0.99999530443522777     
   28.000000000000004        6.3219718016149784E-008  0.99999530443522755       0.99999524121550953     
   28.100000000000001        9.5086685636402990E-008  0.99999524121550953       0.99999514612882390     
   28.200000000000003        1.4534073966565586E-007  0.99999514612882390       0.99999500078808423     
   28.300000000000004        2.0925039789787547E-007  0.99999500078808479       0.99999479153768689     
   28.400000000000002        2.7321810691649517E-007  0.99999479153768678       0.99999451831957986     
   28.500000000000004        3.2174738417989346E-007  0.99999451831957964       0.99999419657219546     
   28.600000000000001        3.4854343378132313E-007  0.99999419657219513       0.99999384802876135     
   28.700000000000003        3.5857118896309714E-007  0.99999384802876168       0.99999348945757272     
   28.800000000000004        3.6037110850983822E-007  0.99999348945757283       0.99999312908646432     
   28.900000000000002        3.5978028434247022E-007  0.99999312908646465       0.99999276930618031     
   29.000000000000004        3.5964437183899634E-007  0.99999276930618075       0.99999240966180891     
   29.100000000000001        3.6166133876580631E-007  0.99999240966180913       0.99999204800047037     
   29.200000000000003        3.6697836114374383E-007  0.99999204800047026       0.99999168102210911     
   29.300000000000004        3.7564208665852306E-007  0.99999168102210889       0.99999130538002223     
   29.400000000000002        3.8620564568603299E-007  0.99999130538002223       0.99999091917437655     
   29.500000000000004        3.9613216351597202E-007  0.99999091917437655       0.99999052304221303     
   29.600000000000001        4.0279026858325295E-007  0.99999052304221303       0.99999012025194445     
   29.700000000000003        4.0444074500545213E-007  0.99999012025194445       0.99998971581119944     
   29.800000000000004        4.0063616790764200E-007  0.99998971581119944       0.99998931517503153     
   29.900000000000002        3.9181608380012278E-007  0.99998931517503131       0.99998892335894751     
   30.000000000000004        3.7843983968777195E-007  0.99998892335894796       0.99998854491910827     
   30.100000000000001        3.6039048467717549E-007  0.99998854491910816       0.99998818452862348     
   30.200000000000003        3.3720428815886550E-007  0.99998818452862326       0.99998784732433510     
   30.300000000000004        3.0896843528083195E-007  0.99998784732433477       0.99998753835589949     
   30.400000000000002        2.7707919603159326E-007  0.99998753835589993       0.99998726127670390     
   30.500000000000004        2.4408429799560594E-007  0.99998726127670401       0.99998701719240601     
   30.600000000000001        2.1264417870980878E-007  0.99998701719240579       0.99998680454822708     
   30.700000000000003        1.8463741657814836E-007  0.99998680454822697       0.99998661991081039     
   30.800000000000004        1.6131062441360200E-007  0.99998661991081028       0.99998645860018587     
   30.900000000000002        1.4395973346736923E-007  0.99998645860018587       0.99998631464045240     
   31.000000000000004        1.3448828473094920E-007  0.99998631464045229       0.99998618015216756     
   31.100000000000001        1.3633209205998753E-007  0.99998618015216778       0.99998604382007572     
   31.200000000000003        1.5516955276240196E-007  0.99998604382007539       0.99998588865052263     
   31.300000000000004        1.9743365553548387E-007  0.99998588865052251       0.99998569121686698     
   31.400000000000002        2.6651264328769741E-007  0.99998569121686687       0.99998542470422358     
   31.500000000000004        3.5937935982666147E-007  0.99998542470422291       0.99998506532486309     
   31.600000000000001        4.6651245411144515E-007  0.99998506532486287       0.99998459881240875     
   31.700000000000003        5.7509851703052561E-007  0.99998459881240842       0.99998402371389139     
   31.800000000000004        6.7283496052450431E-007  0.99998402371389183       0.99998335087893131     
   31.900000000000002        7.5001049726353131E-007  0.99998335087893109       0.99998260086843382     
   32.000000000000000        7.9995401469634686E-007  0.99998260086843371       0.99998180091441902     
   32.100000000000001        8.1928342354764538E-007  0.99998180091441891       0.99998098163099536     
   32.200000000000003        8.0859391393683921E-007  0.99998098163099525       0.99998017303708131     
   32.300000000000004        7.7291545075297563E-007  0.99998017303708131       0.99997940012163056     
   32.400000000000006        7.2093638170400709E-007  0.99997940012163067       0.99997867918524896     
   32.500000000000000        6.6281312915972279E-007  0.99997867918524896       0.99997801637211980     
   32.600000000000001        6.0758719677700412E-007  0.99997801637211958       0.99997740878492281     
   32.700000000000003        5.6155368077792644E-007  0.99997740878492292       0.99997684723124214     
   32.800000000000004        5.2796510296992949E-007  0.99997684723124247       0.99997631926613950     
   32.900000000000006        5.0744378321532224E-007  0.99997631926613983       0.99997581182235662     
   33.000000000000000        4.9856082540156166E-007  0.99997581182235673       0.99997531326153133     
   33.100000000000001        4.9856967743178160E-007  0.99997531326153133       0.99997481469185390     
   33.200000000000003        5.0417569830152331E-007  0.99997481469185379       0.99997431051615548     
   33.300000000000004        5.1187225136306580E-007  0.99997431051615593       0.99997379864390457     
   33.400000000000006        5.1770239928305983E-007  0.99997379864390468       0.99997328094150539     
   33.500000000000000        5.1703051751061935E-007  0.99997328094150539       0.99997276391098788     
   33.600000000000001        5.0505458570881956E-007  0.99997276391098777       0.99997225885640206     
   33.700000000000003        4.7816843418146959E-007  0.99997225885640195       0.99997178068796777     
   33.800000000000004        4.3562912932504361E-007  0.99997178068796733       0.99997134505883800     
   33.900000000000006        3.8098680121834150E-007  0.99997134505883778       0.99997096407203656     
   34.000000000000000        3.2292452445403796E-007  0.99997096407203656       0.99997064114751211     
   34.100000000000001        2.7453118234266327E-007  0.99997064114751189       0.99997036661632954     
   34.200000000000003        2.5092302158302715E-007  0.99997036661632988       0.99997011569330829     
   34.300000000000004        2.6951469289659968E-007  0.99997011569330863       0.99996984617861573     
   34.400000000000006        3.5546794729945930E-007  0.99996984617861595       0.99996949071066865     
   34.500000000000000        5.4163828733244657E-007  0.99996949071066821       0.99996894907238087     
   34.600000000000001        8.4602854977244846E-007  0.99996894907238099       0.99996810304383121     
   34.700000000000003        1.2327838609937913E-006  0.99996810304383144       0.99996687025997044     
   34.800000000000004        1.6032403639121284E-006  0.99996687025997055       0.99996526701960664     
   34.900000000000006        1.8550747916679100E-006  0.99996526701960686       0.99996341194481519     
   35.000000000000000        1.9576559758816003E-006  0.99996341194481531       0.99996145428883942     
   35.100000000000001        1.9533750145184214E-006  0.99996145428883909       0.99995950091382457     
   35.200000000000003        1.9013553925750770E-006  0.99995950091382446       0.99995759955843189     
   35.300000000000004        1.8402154394747683E-006  0.99995759955843155       0.99995575934299208     
   35.400000000000006        1.7874654937299894E-006  0.99995575934299208       0.99995397187749835     
   35.500000000000000        1.7496733746291682E-006  0.99995397187749813       0.99995222220412350     
   35.600000000000001        1.7274084699314685E-006  0.99995222220412350       0.99995049479565357     
   35.700000000000003        1.7158200321665262E-006  0.99995049479565357       0.99994877897562140     
   35.800000000000004        1.7054472042365987E-006  0.99994877897562162       0.99994707352841739     
   35.900000000000006        1.6849707017430049E-006  0.99994707352841761       0.99994538855771586     
   36.000000000000000        1.6449881204971817E-006  0.99994538855771586       0.99994374356959537     
   36.100000000000001        1.5810361715384857E-006  0.99994374356959548       0.99994216253342394     
   36.200000000000003        1.4944284724149881E-006  0.99994216253342472       0.99994066810495230     
   36.300000000000004        1.3905605109609809E-006  0.99994066810495230       0.99993927754444134     
   36.400000000000006        1.2757775574856467E-006  0.99993927754444067       0.99993800176688319     
   36.500000000000000        1.1548605315381266E-006  0.99993800176688352       0.99993684690635198     
   36.600000000000001        1.0306701545559349E-006  0.99993684690635176       0.99993581623619721     
   36.700000000000003        9.0563102916885185E-007  0.99993581623619732       0.99993491060516815     
   36.800000000000004        7.8323505670052640E-007  0.99993491060516815       0.99993412737011145     
   36.900000000000006        6.6815820121135516E-007  0.99993412737011156       0.99993345921191035     
   37.000000000000000        5.6536000081486293E-007  0.99993345921191057       0.99993289385190975     
   37.100000000000001        4.7962080362839998E-007  0.99993289385190975       0.99993241423110613     
   37.200000000000003        4.1645182069505182E-007  0.99993241423110590       0.99993199777928521     
   37.300000000000004        3.8469700858190237E-007  0.99993199777928499       0.99993161308227640     
   37.400000000000006        4.0056160155454990E-007  0.99993161308227618       0.99993121252067463     
   37.500000000000000        4.9018400927192118E-007  0.99993121252067463       0.99993072233666536     
   37.600000000000001        6.8672678044112700E-007  0.99993072233666502       0.99993003560988458     
   37.700000000000003        1.0211762430101246E-006  0.99993003560988458       0.99992901443364157     
   37.800000000000004        1.5073525481135164E-006  0.99992901443364146       0.99992750708109335     
   37.900000000000006        2.1201441473550631E-006  0.99992750708109379       0.99992538693694644     
   38.000000000000000        2.7783906546563486E-006  0.99992538693694666       0.99992260854629200     
   38.100000000000001        3.3628355464720983E-006  0.99992260854629178       0.99991924571074531     
   38.200000000000003        3.7703965338753420E-006  0.99991924571074475       0.99991547531421088     
   38.300000000000004        3.9551590067521403E-006  0.99991547531421110       0.99991152015520435     
   38.400000000000006        3.9265461382331779E-006  0.99991152015520424       0.99990759360906600     
   38.500000000000007        3.7261698728752179E-006  0.99990759360906589       0.99990386743919302     
   38.600000000000001        3.4087977690555604E-006  0.99990386743919257       0.99990045864142352     
   38.700000000000003        3.0316513532913092E-006  0.99990045864142363       0.99989742699007034     
   38.800000000000004        2.6470221589081078E-006  0.99989742699007012       0.99989477996791121     
   38.900000000000006        2.2957826656400115E-006  0.99989477996791121       0.99989248418524557     
   39.000000000000007        2.0031516113627745E-006  0.99989248418524557       0.99989048103363420     
   39.100000000000001        1.7784524868336149E-006  0.99989048103363443       0.99988870258114759     
   39.200000000000003        1.6186844554733071E-006  0.99988870258114737       0.99988708389669190     
   39.300000000000004        1.5140867738461239E-006  0.99988708389669223       0.99988556980991838     
   39.400000000000006        1.4533439619546229E-006  0.99988556980991850       0.99988411646595654     
   39.500000000000007        1.4263419405580180E-006  0.99988411646595665       0.99988269012401609     
   39.600000000000001        1.4236718811622140E-006  0.99988269012401643       0.99988126645213526     
   39.700000000000003        1.4342078032969496E-006  0.99988126645213538       0.99987983224433208     
   39.800000000000004        1.4434782860117679E-006  0.99987983224433197       0.99987838876604596     
   39.900000000000006        1.4349236391320019E-006  0.99987838876604562       0.99987695384240649     
   40.000000000000007        1.3940193815953350E-006  0.99987695384240649       0.99987555982302490     
   40.100000000000001        1.3132468716925416E-006  0.99987555982302512       0.99987424657615342     
   40.200000000000003        1.1954896508292734E-006  0.99987424657615354       0.99987305108650271     
   40.300000000000004        1.0546914971376609E-006  0.99987305108650293       0.99987199639500579     
   40.400000000000006        9.1336531582442149E-007  0.99987199639500557       0.99987108302968974     
   40.500000000000007        7.9880023817757717E-007  0.99987108302968941       0.99987028422945123     
   40.600000000000001        7.4664064930729523E-007  0.99987028422945146       0.99986953758880215     
   40.700000000000003        8.1656965666976333E-007  0.99986953758880226       0.99986872101914559     
   40.800000000000004        1.1106480199973845E-006  0.99986872101914570       0.99986761037112570     
   40.900000000000006        1.7722794003471876E-006  0.99986761037112570       0.99986583809172536     
   41.000000000000007        2.9030781428796004E-006  0.99986583809172580       0.99986293501358292     
   41.100000000000001        4.3794131110441725E-006  0.99986293501358303       0.99985855560047199     
   41.200000000000003        5.7804958503160364E-006  0.99985855560047177       0.99985277510462145     
   41.300000000000004        6.6555793105660399E-006  0.99985277510462145       0.99984611952531088     
   41.400000000000006        6.8838186454422967E-006  0.99984611952531088       0.99983923570666544     
   41.500000000000007        6.6687398800890918E-006  0.99983923570666577       0.99983256696678569     
   41.600000000000001        6.2718517340742963E-006  0.99983256696678591       0.99982629511505183     
   41.700000000000003        5.8543856895632018E-006  0.99982629511505183       0.99982044072936227     
   41.800000000000004        5.4811963784429096E-006  0.99982044072936227       0.99981495953298383     
   41.900000000000006        5.1676529366773138E-006  0.99981495953298327       0.99980979188004659     
   42.000000000000007        4.9074622928690914E-006  0.99980979188004659       0.99980488441775373     
   42.100000000000001        4.6824897720343372E-006  0.99980488441775373       0.99980020192798169     
   42.200000000000003        4.4679601814978653E-006  0.99980020192798202       0.99979573396780053     
   42.300000000000004        4.2389708213574906E-006  0.99979573396780064       0.99979149499697928     
   42.400000000000006        3.9776873616004238E-006  0.99979149499697917       0.99978751730961757     
   42.500000000000007        3.6782859769157739E-006  0.99978751730961735       0.99978383902364043     
   42.600000000000001        3.3472163227799001E-006  0.99978383902364121       0.99978049180731843     
   42.700000000000003        2.9986103057266789E-006  0.99978049180731854       0.99977749319701281     
   42.800000000000004        2.6475539637305090E-006  0.99977749319701348       0.99977484564304975     
   42.900000000000006        2.3053646514004100E-006  0.99977484564304930       0.99977254027839790     
   43.000000000000007        1.9791694797488546E-006  0.99977254027839813       0.99977056110891838     
   43.100000000000001        1.6742983076634133E-006  0.99977056110891860       0.99976888681061094     
   43.200000000000003        1.3962959282132203E-006  0.99976888681061116       0.99976749051468294     
   43.300000000000004        1.1511717262768784E-006  0.99976749051468317       0.99976633934295689     
   43.400000000000006        9.4494867908245794E-007  0.99976633934295678       0.99976539439427770     
   43.500000000000007        7.8483245458116357E-007  0.99976539439427770       0.99976460956182311     
   43.600000000000001        6.8462460578455619E-007  0.99976460956182323       0.99976392493721744     
   43.700000000000003        6.7456084151817919E-007  0.99976392493721755       0.99976325037637603     
   43.800000000000004        8.1087741043983641E-007  0.99976325037637637       0.99976243949896593     
   43.900000000000006        1.1797298007376611E-006  0.99976243949896582       0.99976125976916508     
   44.000000000000007        1.8958590956019705E-006  0.99976125976916508       0.99975936391006948     
   44.100000000000001        3.0975532373522796E-006  0.99975936391006959       0.99975626635683223     
   44.200000000000003        4.9081105120141189E-006  0.99975626635683279       0.99975135824632078     
   44.300000000000004        7.2894227645114995E-006  0.99975135824632111       0.99974406882355660     
   44.400000000000006        9.8470980169906852E-006  0.99974406882355693       0.99973422172553994     
   44.500000000000007        1.1918604416405465E-005  0.99973422172553961       0.99972230312112320     
   44.600000000000001        1.3011950063201994E-005  0.99972230312112287       0.99970929117105967     
   44.700000000000003        1.3071249156837439E-005  0.99970929117105989       0.99969621992190305     
   44.800000000000004        1.2334037289729594E-005  0.99969621992190327       0.99968388588461354     
   44.900000000000006        1.1104478909618187E-005  0.99968388588461399       0.99967278140570437     
   45.000000000000007        9.6508633236069841E-006  0.99967278140570415       0.99966313054238054     
   45.100000000000001        8.1830111257064075E-006  0.99966313054237987       0.99965494753125417     
   45.200000000000003        6.8460438525930201E-006  0.99965494753125417       0.99964810148740157     
   45.300000000000004        5.7187180096951451E-006  0.99964810148740169       0.99964238276939199     
   45.400000000000006        4.8226067154155672E-006  0.99964238276939188       0.99963756016267646     
   45.500000000000007        4.1422245065092511E-006  0.99963756016267635       0.99963341793816984     
   45.600000000000001        3.6476416754860352E-006  0.99963341793816995       0.99962977029649447     
   45.700000000000003        3.3097843384899406E-006  0.99962977029649414       0.99962646051215565     
   45.800000000000004        3.1041723772551322E-006  0.99962646051215509       0.99962335633977784     
   45.900000000000006        3.0059787016201156E-006  0.99962335633977784       0.99962035036107622     
   46.000000000000007        2.9832554842013081E-006  0.99962035036107644       0.99961736710559224     
   46.100000000000001        2.9946430694094417E-006  0.99961736710559235       0.99961437246252294     
   46.200000000000003        2.9942923843728764E-006  0.99961437246252316       0.99961137817013879     
   46.300000000000004        2.9424600114236199E-006  0.99961137817013868       0.99960843571012725     
   46.400000000000006        2.8169473461625572E-006  0.99960843571012703       0.99960561876278087     
   46.500000000000007        2.6194258418987815E-006  0.99960561876278120       0.99960299933693930     
   46.600000000000001        2.3729062504918019E-006  0.99960299933693919       0.99960062643068870     
   46.700000000000003        2.1103211568229696E-006  0.99960062643068837       0.99959851610953154     
   46.800000000000004        1.8612381984528525E-006  0.99959851610953132       0.99959665487133287     
   46.900000000000006        1.6593829166300367E-006  0.99959665487133287       0.99959499548841624     
   47.000000000000007        1.5832059164777590E-006  0.99959499548841568       0.99959341228249921     
   47.100000000000001        1.8030061466056679E-006  0.99959341228249921       0.99959160927635260     
   47.200000000000003        2.6248270262874129E-006  0.99959160927635227       0.99958898444932598     
   47.300000000000004        4.4998619638247916E-006  0.99958898444932631       0.99958448458736249     
   47.400000000000006        7.7673682049583803E-006  0.99958448458736260       0.99957671721915764     
   47.500000000000007        1.2047230387279839E-005  0.99957671721915731       0.99956466998877003     
   47.600000000000001        1.5990290320289091E-005  0.99956466998877003       0.99954867969844974     
   47.700000000000003        1.8164359180339318E-005  0.99954867969844952       0.99953051533926918     
   47.800000000000004        1.8280015733340704E-005  0.99953051533926907       0.99951223532353572     
   47.900000000000006        1.7093749656416080E-005  0.99951223532353606       0.99949514157387964     
   48.000000000000007        1.5451379720698988E-005  0.99949514157387986       0.99947969019415916     
   48.100000000000001        1.3825219277951994E-005  0.99947969019415961       0.99946586497488166     
   48.200000000000003        1.2388406755658998E-005  0.99946586497488132       0.99945347656812566     
   48.300000000000004        1.1174561505011837E-005  0.99945347656812544       0.99944230200662043     
   48.400000000000006        1.0160705209538712E-005  0.99944230200662010       0.99943214130141056     
   48.500000000000007        9.2977539321026370E-006  0.99943214130141067       0.99942284354747857     
   48.600000000000001        8.5266713134579675E-006  0.99942284354747812       0.99941431687616467     
   48.700000000000003        7.7937754016099703E-006  0.99941431687616455       0.99940652310076294     
   48.800000000000004        7.0639741928113509E-006  0.99940652310076317       0.99939945912657036     
   48.900000000000006        6.3269263531617881E-006  0.99939945912657013       0.99939313220021697     
   49.000000000000007        5.5933352562931304E-006  0.99939313220021697       0.99938753886496068     
   49.100000000000001        4.8836310851951836E-006  0.99938753886496046       0.99938265523387526     
   49.200000000000003        4.2157640992579459E-006  0.99938265523387537       0.99937843946977611     
   49.300000000000004        3.5988823426924554E-006  0.99937843946977589       0.99937484058743320     
   49.400000000000006        3.0345871113723888E-006  0.99937484058743309       0.99937180600032172     
   49.500000000000007        2.5221747166348507E-006  0.99937180600032172       0.99936928382560508     
   49.600000000000001        2.0636034446797069E-006  0.99936928382560553       0.99936722022216085     
   49.700000000000003        1.6655114761787715E-006  0.99936722022216118       0.99936555471068500     
   49.800000000000004        1.3383047473558563E-006  0.99936555471068578       0.99936421640593842     
   49.900000000000006        1.0985478468006349E-006  0.99936421640593842       0.99936311785809162     
   50.000000000000007        9.8049639607467043E-007  0.99936311785809184       0.99936213736169577     
   50.100000000000001        1.0545487779678453E-006  0.99936213736169599       0.99936108281291802     
   50.200000000000003        1.4499842482251779E-006  0.99936108281291791       0.99935963282866969     
   50.300000000000004        2.3801894314390282E-006  0.99935963282866946       0.99935725263923803     
   50.400000000000006        4.1705060032093400E-006  0.99935725263923814       0.99935308213323493     
   50.500000000000007        7.2828880886000036E-006  0.99935308213323493       0.99934579924514633     
   50.600000000000001        1.2198150542985786E-005  0.99934579924514644       0.99933360109460345     
   50.700000000000003        1.8851752113024922E-005  0.99933360109460390       0.99931474934249087     
   50.800000000000004        2.5837705085463014E-005  0.99931474934249065       0.99928891163740519     
   50.900000000000006        3.0799294289174384E-005  0.99928891163740452       0.99925811234311535     
   51.000000000000007        3.2380829578237957E-005  0.99925811234311546       0.99922573151353722     
   51.100000000000001        3.1062838987017116E-005  0.99922573151353788       0.99919466867455087     
   51.200000000000003        2.8055728003684166E-005  0.99919466867455087       0.99916661294654718     
   51.300000000000004        2.4333556428279834E-005  0.99916661294654729       0.99914227939011901     
   51.400000000000006        2.0509783456357233E-005  0.99914227939011935       0.99912176960666299     
   51.500000000000007        1.6963175279105513E-005  0.99912176960666288       0.99910480643138377     
   51.600000000000001        1.3906454041201499E-005  0.99910480643138322       0.99909089997734202     
   51.700000000000003        1.1418073083024893E-005  0.99909089997734202       0.99907948190425899     
   51.800000000000004        9.4818316094258392E-006  0.99907948190425899       0.99907000007264957     
   51.900000000000006        8.0341457917576520E-006  0.99907000007264934       0.99906196592685759     
   52.000000000000007        7.0012257707974257E-006  0.99906196592685781       0.99905496470108701     
   52.100000000000001        6.3149364807335573E-006  0.99905496470108712       0.99904864976460639     
   52.200000000000003        5.9095617018778412E-006  0.99904864976460650       0.99904274020290462     
   52.300000000000004        5.7109092588270016E-006  0.99904274020290440       0.99903702929364557     
   52.400000000000006        5.6305756930274953E-006  0.99903702929364557       0.99903139871795255     
   52.500000000000007        5.5730604802128880E-006  0.99903139871795288       0.99902582565747267     
   52.600000000000001        5.4550518067131293E-006  0.99902582565747255       0.99902037060566584     
   52.700000000000003        5.2282337732467710E-006  0.99902037060566640       0.99901514237189315     
   52.800000000000004        4.8926691563755398E-006  0.99901514237189293       0.99901024970273655     
   52.900000000000006        4.4904388689648300E-006  0.99901024970273666       0.99900575926386770     
   53.000000000000007        4.0777955102599961E-006  0.99900575926386792       0.99900168146835766     
   53.100000000000001        3.6879639891962412E-006  0.99900168146835788       0.99899799350436869     
   53.200000000000003        3.3281022349118672E-006  0.99899799350436835       0.99899466540213344     
   53.300000000000004        3.0523813598914984E-006  0.99899466540213322       0.99899161302077333     
   53.400000000000006        3.0711365270885693E-006  0.99899161302077333       0.99898854188424624     
   53.500000000000007        3.8398372347314691E-006  0.99898854188424646       0.99898470204701173     
   53.600000000000001        6.1474674222239400E-006  0.99898470204701195       0.99897855457958973     
   53.700000000000003        1.1066994849873169E-005  0.99897855457958951       0.99896748758473963     
   53.800000000000004        1.9181452308392188E-005  0.99896748758473952       0.99894830613243113     
   53.900000000000006        2.9198863412460696E-005  0.99894830613243157       0.99891910726901911     
   54.000000000000007        3.7633895066724321E-005  0.99891910726901900       0.99888147337395228     
   54.100000000000001        4.1139793791611368E-005  0.99888147337395217       0.99884033358016056     
   54.200000000000003        3.9617139271697077E-005  0.99884033358016044       0.99880071644088875     
   54.300000000000004        3.5455321339084023E-005  0.99880071644088930       0.99876526111955022     
   54.400000000000006        3.0750514926847217E-005  0.99876526111955066       0.99873451060462382     
   54.500000000000007        2.6438950242457793E-005  0.99873451060462393       0.99870807165438147     
   54.600000000000001        2.2773199503500763E-005  0.99870807165438114       0.99868529845487763     
   54.700000000000003        1.9754590995790799E-005  0.99868529845487686       0.99866554386388107     
   54.800000000000004        1.7296872098060412E-005  0.99866554386388140       0.99864824699178334     
   54.900000000000006        1.5277715885386733E-005  0.99864824699178378       0.99863296927589840     
   55.000000000000007        1.3569162961579728E-005  0.99863296927589806       0.99861940011293648     
   55.100000000000001        1.2064835961389520E-005  0.99861940011293637       0.99860733527697498     
   55.200000000000003        1.0697258062242199E-005  0.99860733527697509       0.99859663801891285     
   55.300000000000004        9.4379740813721469E-006  0.99859663801891274       0.99858720004483137     
   55.400000000000006        8.2817917764765880E-006  0.99858720004483159       0.99857891825305511     
   55.500000000000007        7.2259108000460870E-006  0.99857891825305467       0.99857169234225462     
   55.600000000000001        6.2572600857402350E-006  0.99857169234225418       0.99856543508216844     
   55.700000000000003        5.3542769786751876E-006  0.99856543508216855       0.99856008080518988     
   55.800000000000004        4.4990217380469488E-006  0.99856008080518965       0.99855558178345161     
   55.900000000000006        3.6913724978937523E-006  0.99855558178345150       0.99855189041095360     
   56.000000000000007        2.9567134236518910E-006  0.99855189041095371       0.99854893369753006     
   56.100000000000001        2.3371937657445940E-006  0.99854893369752984       0.99854659650376409     
   56.200000000000003        1.8718192655864385E-006  0.99854659650376421       0.99854472468449862     
   56.300000000000004        1.5912975986909217E-006  0.99854472468449851       0.99854313338689982     
   56.400000000000006        1.5419736039135046E-006  0.99854313338690004       0.99854159141329613     
   56.500000000000007        1.8412988824767496E-006  0.99854159141329590       0.99853975011441343     
   56.600000000000001        2.7592120802610864E-006  0.99853975011441354       0.99853699090233328     
   56.700000000000003        4.7996772261083009E-006  0.99853699090233305       0.99853219122510695     
   56.800000000000004        8.7760986395846174E-006  0.99853219122510684       0.99852341512646725     
   56.900000000000006        1.5822938223886140E-005  0.99852341512646792       0.99850759218824403     
   57.000000000000007        2.6912193775152637E-005  0.99850759218824414       0.99848067999446899     
   57.100000000000001        4.1427407603267241E-005  0.99848067999446921       0.99843925258686594     
   57.200000000000003        5.5449087047465540E-005  0.99843925258686594       0.99838380349981848     
   57.300000000000004        6.3239149747928991E-005  0.99838380349981792       0.99832056435006999     
   57.400000000000006        6.2894395763901656E-005  0.99832056435007022       0.99825766995430631     
   57.500000000000007        5.7344834185957261E-005  0.99825766995430676       0.99820032512012080     
   57.600000000000001        4.9951670614056809E-005  0.99820032512012113       0.99815037344950708     
   57.700000000000003        4.2413430871635072E-005  0.99815037344950708       0.99810796001863544     
   57.800000000000004        3.5395806862181800E-005  0.99810796001863511       0.99807256421177293     
   57.900000000000006        2.9217150010585335E-005  0.99807256421177215       0.99804334706176157     
   58.000000000000007        2.4034018850871419E-005  0.99804334706176090       0.99801931304291003     
   58.100000000000001        1.9864278048231654E-005  0.99801931304290947       0.99799944876486124     
   58.200000000000003        1.6624602478310102E-005  0.99799944876486169       0.99798282416238338     
   58.300000000000004        1.4187246669683518E-005  0.99798282416238349       0.99796863691571380     
   58.400000000000006        1.2422213799490045E-005  0.99796863691571325       0.99795621470191376     
   58.500000000000007        1.1208171896148755E-005  0.99795621470191331       0.99794500653001716     
   58.600000000000001        1.0420503338992582E-005  0.99794500653001728       0.99793458602667828     
   58.700000000000003        9.9181234095579995E-006  0.99793458602667806       0.99792466790326850     
   58.800000000000004        9.5479428117162257E-006  0.99792466790326828       0.99791511996045656     
   58.900000000000006        9.1720935676553594E-006  0.99791511996045668       0.99790594786688902     
   59.000000000000007        8.7063225792105570E-006  0.99790594786688902       0.99789724154430981     
   59.100000000000001        8.1458691979507947E-006  0.99789724154430970       0.99788909567511175     
   59.200000000000003        7.5557869599895966E-006  0.99788909567511186       0.99788153988815187     
   59.300000000000004        7.0201927532265174E-006  0.99788153988815176       0.99787451969539853     
   59.400000000000006        6.5712094003966826E-006  0.99787451969539853       0.99786794848599814     
   59.500000000000007        6.1618783743222494E-006  0.99786794848599825       0.99786178660762392     
   59.600000000000001        5.7652489893200709E-006  0.99786178660762381       0.99785602135863449     
   59.700000000000003        5.5694039318154864E-006  0.99785602135863394       0.99785045195470212     
   59.800000000000004        6.1509979432106121E-006  0.99785045195470201       0.99784430095675880     
   59.900000000000006        8.5809082936982861E-006  0.99784430095675836       0.99783572004846466     
   60.000000000000007        1.4488044784988219E-005  0.99783572004846477       0.99782123200367978     
   60.100000000000001        2.5632186408053315E-005  0.99782123200368023       0.99779559981727217     
