   0.0000000000000000       0.99999999999334011     
  0.10000000000000001       0.99999999955742402     
  0.20000000000000001       0.99999999822651064     
  0.30000000000000004       0.99999999633883663     
  0.40000000000000002       0.99999999465611145     
  0.50000000000000000       0.99999999367470171     
  0.60000000000000009       0.99999999333875644     
  0.70000000000000007       0.99999999327641631     
  0.80000000000000004       0.99999999316513311     
  0.90000000000000002       0.99999999289831898     
   1.0000000000000000       0.99999999254654359     
   1.1000000000000001       0.99999999224140113     
   1.2000000000000002       0.99999999206484846     
   1.3000000000000000       0.99999999199201961     
   1.4000000000000001       0.99999999191911049     
   1.5000000000000000       0.99999999174822662     
   1.6000000000000001       0.99999999145569707     
   1.7000000000000002       0.99999999110049143     
   1.8000000000000000       0.99999999078227819     
   1.9000000000000001       0.99999999057617484     
   2.0000000000000000       0.99999999047724708     
   2.1000000000000001       0.99999999040071896     
   2.2000000000000002       0.99999999025722297     
   2.3000000000000003       0.99999999003940920     
   2.4000000000000004       0.99999998981638760     
   2.5000000000000000       0.99999998963738557     
   2.6000000000000001       0.99999998948012170     
   2.7000000000000002       0.99999998929378908     
   2.8000000000000003       0.99999998898240461     
   2.9000000000000004       0.99999998831113401     
   3.0000000000000000       0.99999998704435700     
   3.1000000000000001       0.99999998531752210     
   3.2000000000000002       0.99999998364967990     
   3.3000000000000003       0.99999998244935018     
   3.4000000000000004       0.99999998170768389     
   3.5000000000000000       0.99999998118354472     
   3.6000000000000001       0.99999998063596363     
   3.7000000000000002       0.99999997988994327     
   3.8000000000000003       0.99999997889976711     
   3.9000000000000004       0.99999997779549699     
   4.0000000000000000       0.99999997678762920     
   4.1000000000000005       0.99999997600755652     
   4.2000000000000002       0.99999997544424846     
   4.2999999999999998       0.99999997499653503     
   4.4000000000000004       0.99999997455930167     
   4.5000000000000000       0.99999997408686803     
   4.6000000000000005       0.99999997361371062     
   4.7000000000000002       0.99999997322029066     
   4.8000000000000007       0.99999997295858767     
   4.9000000000000004       0.99999997279388297     
   5.0000000000000000       0.99999997261708740     
   5.1000000000000005       0.99999997232558624     
   5.2000000000000002       0.99999997191382106     
   5.3000000000000007       0.99999997149551600     
   5.4000000000000004       0.99999997120562167     
   5.5000000000000000       0.99999997102773597     
   5.6000000000000005       0.99999997072077340     
   5.7000000000000002       0.99999996998606655     
   5.8000000000000007       0.99999996876469366     
   5.9000000000000004       0.99999996737582575     
   6.0000000000000000       0.99999996632476240     
   6.1000000000000005       0.99999996588507389     
   6.2000000000000002       0.99999996579338657     
   6.3000000000000007       0.99999996540806291     
   6.4000000000000004       0.99999996428774773     
   6.5000000000000000       0.99999996262886393     
   6.6000000000000005       0.99999996106839983     
   6.7000000000000002       0.99999996006552583     
   6.8000000000000007       0.99999995954174914     
   6.9000000000000004       0.99999995909475592     
   7.0000000000000000       0.99999995843523815     
   7.1000000000000005       0.99999995756789217     
   7.2000000000000002       0.99999995666255925     
   7.3000000000000007       0.99999995587879154     
   7.4000000000000004       0.99999995529839836     
   7.5000000000000000       0.99999995491760318     
   7.6000000000000005       0.99999995465408154     
   7.7000000000000002       0.99999995439631850     
   7.8000000000000007       0.99999995408079034     
   7.9000000000000004       0.99999995372298667     
   8.0000000000000000       0.99999995337836523     
   8.0999999999999996       0.99999995308944278     
   8.2000000000000011       0.99999995286578469     
   8.3000000000000007       0.99999995268348885     
   8.4000000000000004       0.99999995248384144     
   8.5000000000000000       0.99999995218922111     
   8.5999999999999996       0.99999995175169021     
   8.7000000000000011       0.99999995120173324     
   8.8000000000000007       0.99999995063940939     
   8.9000000000000004       0.99999995011229947     
   9.0000000000000000       0.99999994938846259     
   9.0999999999999996       0.99999994787723812     
   9.2000000000000011       0.99999994505471002     
   9.3000000000000007       0.99999994111967327     
   9.4000000000000004       0.99999993698506462     
   9.5000000000000000       0.99999993348768701     
   9.6000000000000014       0.99999993078910820     
   9.7000000000000011       0.99999992846995311     
   9.8000000000000007       0.99999992590842124     
   9.9000000000000004       0.99999992263912885     
   10.000000000000000       0.99999991863433546     
   10.100000000000001       0.99999991430329249     
   10.200000000000001       0.99999991015516720     
   10.300000000000001       0.99999990646823889     
   10.400000000000000       0.99999990327720945     
   10.500000000000000       0.99999990057314136     
   10.600000000000001       0.99999989840842485     
   10.700000000000001       0.99999989681096491     
   10.800000000000001       0.99999989567662051     
   10.900000000000000       0.99999989479592755     
   11.000000000000000       0.99999989397193711     
   11.100000000000001       0.99999989309623971     
   11.200000000000001       0.99999989214762164     
   11.300000000000001       0.99999989116931409     
   11.400000000000000       0.99999989024084102     
   11.500000000000000       0.99999988941832507     
   11.600000000000001       0.99999988868198253     
   11.700000000000001       0.99999988795219108     
   11.800000000000001       0.99999988713255961     
   11.900000000000000       0.99999988613303747     
   12.000000000000000       0.99999988493698000     
   12.100000000000001       0.99999988369359927     
   12.200000000000001       0.99999988266377660     
   12.300000000000001       0.99999988199575573     
   12.400000000000000       0.99999988153825314     
   12.500000000000000       0.99999988086155911     
   12.600000000000001       0.99999987947318092     
   12.700000000000001       0.99999987706384985     
   12.800000000000001       0.99999987358148767     
   12.900000000000000       0.99999986910891880     
   13.000000000000000       0.99999986375997485     
   13.100000000000001       0.99999985775108602     
   13.200000000000001       0.99999985150509818     
   13.300000000000001       0.99999984556626820     
   13.400000000000000       0.99999984037108480     
   13.500000000000000       0.99999983610550491     
   13.600000000000001       0.99999983273089998     
   13.700000000000001       0.99999983006562376     
   13.800000000000001       0.99999982784940344     
   13.900000000000000       0.99999982583666613     
   14.000000000000000       0.99999982392191766     
   14.100000000000001       0.99999982218576533     
   14.200000000000001       0.99999982078620531     
   14.300000000000001       0.99999981978185548     
   14.400000000000000       0.99999981904664759     
   14.500000000000000       0.99999981833437301     
   14.600000000000001       0.99999981741219457     
   14.700000000000001       0.99999981615722755     
   14.800000000000001       0.99999981459088627     
   14.900000000000000       0.99999981288297868     
   15.000000000000000       0.99999981130580196     
   15.100000000000001       0.99999981003333449     
   15.200000000000001       0.99999980879276951     
   15.300000000000001       0.99999980676142208     
   15.400000000000000       0.99999980316337400     
   15.500000000000000       0.99999979811900730     
   15.600000000000001       0.99999979259251615     
   15.700000000000001       0.99999978739127060     
   15.800000000000001       0.99999978249822408     
   15.900000000000000       0.99999977730643752     
   16.000000000000000       0.99999977112290039     
   16.100000000000001       0.99999976347665154     
   16.199999999999999       0.99999975427175203     
   16.300000000000001       0.99999974377789291     
   16.400000000000002       0.99999973243170437     
   16.500000000000000       0.99999972064357068     
   16.600000000000001       0.99999970882036593     
   16.699999999999999       0.99999969753147988     
   16.800000000000001       0.99999968753622148     
   16.900000000000002       0.99999967951303936     
   17.000000000000000       0.99999967365377262     
   17.100000000000001       0.99999966947370433     
   17.199999999999999       0.99999966603955237     
   17.300000000000001       0.99999966246711902     
   17.400000000000002       0.99999965833373738     
   17.500000000000000       0.99999965377117395     
   17.600000000000001       0.99999964926407003     
   17.699999999999999       0.99999964529653496     
   17.800000000000001       0.99999964200157077     
   17.900000000000002       0.99999963905155997     
   18.000000000000000       0.99999963597140262     
   18.100000000000001       0.99999963260781310     
   18.199999999999999       0.99999962922770125     
   18.300000000000001       0.99999962621658411     
   18.400000000000002       0.99999962380579555     
   18.500000000000000       0.99999962198460457     
   18.600000000000001       0.99999962047509283     
   18.699999999999999       0.99999961872840826     
   18.800000000000001       0.99999961592038467     
   18.900000000000002       0.99999961093465761     
   19.000000000000000       0.99999960244813357     
   19.100000000000001       0.99999958924803722     
   19.200000000000003       0.99999957075304291     
   19.300000000000001       0.99999954749933806     
   19.400000000000002       0.99999952121657332     
   19.500000000000000       0.99999949429292223     
   19.600000000000001       0.99999946890286073     
   19.700000000000003       0.99999944634137650     
   19.800000000000001       0.99999942685114995     
   19.900000000000002       0.99999940983357460     
   20.000000000000000       0.99999939426070794     
   20.100000000000001       0.99999937920341730     
   20.200000000000003       0.99999936431415548     
   20.300000000000001       0.99999934996313089     
   20.400000000000002       0.99999933687287312     
   20.500000000000000       0.99999932549410664     
   20.600000000000001       0.99999931559795330     
   20.700000000000003       0.99999930637403756     
   20.800000000000001       0.99999929691886869     
   20.900000000000002       0.99999928675040695     
   21.000000000000000       0.99999927605145777     
   21.100000000000001       0.99999926557954966     
   21.200000000000003       0.99999925633741904     
   21.300000000000001       0.99999924907149351     
   21.400000000000002       0.99999924365131765     
   21.500000000000000       0.99999923870545215     
   21.600000000000001       0.99999923216170505     
   21.700000000000003       0.99999922246317585     
   21.800000000000001       0.99999920898924266     
   21.900000000000002       0.99999919124765924     
   22.000000000000000       0.99999916850509074     
   22.100000000000001       0.99999914058207651     
   22.200000000000003       0.99999910828764271     
   22.300000000000001       0.99999907271609301     
   22.400000000000002       0.99999903443055738     
   22.500000000000000       0.99999899335648046     
   22.600000000000001       0.99999894918338950     
   22.700000000000003       0.99999890179689432     
   22.800000000000001       0.99999885152196466     
   22.900000000000002       0.99999879916923451     
   23.000000000000000       0.99999874591468285     
   23.100000000000001       0.99999869302515021     
   23.200000000000003       0.99999864146553652     
   23.300000000000001       0.99999859151490567     
   23.400000000000002       0.99999854261722598     
   23.500000000000000       0.99999849366380633     
   23.600000000000001       0.99999844367043522     
   23.700000000000003       0.99999839250177935     
   23.800000000000001       0.99999834118555153     
   23.900000000000002       0.99999829158313580     
   24.000000000000000       0.99999824557079753     
   24.100000000000001       0.99999820418977425     
   24.200000000000003       0.99999816733467706     
   24.300000000000001       0.99999813426786788     
   24.400000000000002       0.99999810445814208     
   24.500000000000000       0.99999807783180528     
   24.600000000000001       0.99999805437839662     
   24.700000000000003       0.99999803380015373     
   24.800000000000001       0.99999801527593846     
   24.900000000000002       0.99999799699998626     
   25.000000000000000       0.99999797578539029     
   25.100000000000001       0.99999794732421465     
   25.200000000000003       0.99999790712394165     
   25.300000000000001       0.99999785150452714     
   25.400000000000002       0.99999777815967361     
   25.500000000000000       0.99999768646041176     
   25.600000000000001       0.99999757785056054     
   25.700000000000003       0.99999745609285395     
   25.800000000000001       0.99999732677946962     
   25.900000000000002       0.99999719600071979     
   26.000000000000000       0.99999706872032534     
   26.100000000000001       0.99999694758373492     
   26.200000000000003       0.99999683267819295     
   26.300000000000001       0.99999672235947801     
   26.400000000000002       0.99999661468071965     
   26.500000000000000       0.99999650853083899     
   26.600000000000001       0.99999640380696631     
   26.700000000000003       0.99999630071986190     
   26.800000000000001       0.99999619897171066     
   26.900000000000002       0.99999609753817509     
   27.000000000000000       0.99999599525407568     
   27.100000000000001       0.99999589182315685     
   27.200000000000003       0.99999578862299021     
   27.300000000000001       0.99999568882883705     
   27.400000000000002       0.99999559674757332     
   27.500000000000000       0.99999551654372143     
   27.600000000000001       0.99999545058658723     
   27.700000000000003       0.99999539771967560     
   27.800000000000001       0.99999535225670866     
   27.900000000000002       0.99999530443522777     
   28.000000000000000       0.99999524121550953     
   28.100000000000001       0.99999514612882390     
   28.200000000000003       0.99999500078808423     
   28.300000000000001       0.99999479153768689     
   28.400000000000002       0.99999451831957975     
   28.500000000000000       0.99999419657219546     
   28.600000000000001       0.99999384802876135     
   28.700000000000003       0.99999348945757272     
   28.800000000000001       0.99999312908646432     
   28.900000000000002       0.99999276930618031     
   29.000000000000000       0.99999240966180891     
   29.100000000000001       0.99999204800047037     
   29.200000000000003       0.99999168102210911     
   29.300000000000001       0.99999130538002212     
   29.400000000000002       0.99999091917437655     
   29.500000000000000       0.99999052304221303     
   29.600000000000001       0.99999012025194434     
   29.700000000000003       0.99998971581119944     
   29.800000000000001       0.99998931517503165     
   29.900000000000002       0.99998892335894762     
   30.000000000000000       0.99998854491910827     
   30.100000000000001       0.99998818452862348     
   30.200000000000003       0.99998784732433499     
   30.300000000000001       0.99998753835589949     
   30.400000000000002       0.99998726127670379     
   30.500000000000000       0.99998701719240612     
   30.600000000000001       0.99998680454822719     
   30.700000000000003       0.99998661991081039     
   30.800000000000001       0.99998645860018587     
   30.900000000000002       0.99998631464045240     
   31.000000000000000       0.99998618015216745     
   31.100000000000001       0.99998604382007561     
   31.200000000000003       0.99998588865052274     
   31.300000000000001       0.99998569121686709     
   31.400000000000002       0.99998542470422347     
   31.500000000000000       0.99998506532486309     
   31.600000000000001       0.99998459881240875     
   31.700000000000003       0.99998402371389150     
   31.800000000000001       0.99998335087893120     
   31.900000000000002       0.99998260086843382     
   32.000000000000000       0.99998180091441891     
   32.100000000000001       0.99998098163099536     
   32.200000000000003       0.99998017303708131     
   32.300000000000004       0.99997940012163056     
   32.399999999999999       0.99997867918524896     
   32.500000000000000       0.99997801637211980     
   32.600000000000001       0.99997740878492292     
   32.700000000000003       0.99997684723124225     
   32.800000000000004       0.99997631926613950     
   32.899999999999999       0.99997581182235673     
   33.000000000000000       0.99997531326153133     
   33.100000000000001       0.99997481469185401     
   33.200000000000003       0.99997431051615548     
   33.300000000000004       0.99997379864390445     
   33.399999999999999       0.99997328094150550     
   33.500000000000000       0.99997276391098799     
   33.600000000000001       0.99997225885640195     
   33.700000000000003       0.99997178068796777     
   33.800000000000004       0.99997134505883811     
   33.899999999999999       0.99997096407203656     
   34.000000000000000       0.99997064114751211     
   34.100000000000001       0.99997036661632954     
   34.200000000000003       0.99997011569330818     
   34.300000000000004       0.99996984617861584     
   34.399999999999999       0.99996949071066865     
   34.500000000000000       0.99996894907238087     
   34.600000000000001       0.99996810304383121     
   34.700000000000003       0.99996687025997033     
   34.800000000000004       0.99996526701960675     
   34.899999999999999       0.99996341194481519     
   35.000000000000000       0.99996145428883954     
   35.100000000000001       0.99995950091382457     
   35.200000000000003       0.99995759955843178     
   35.300000000000004       0.99995575934299208     
   35.399999999999999       0.99995397187749835     
   35.500000000000000       0.99995222220412350     
   35.600000000000001       0.99995049479565346     
   35.700000000000003       0.99994877897562140     
   35.800000000000004       0.99994707352841750     
   35.899999999999999       0.99994538855771575     
   36.000000000000000       0.99994374356959526     
   36.100000000000001       0.99994216253342383     
   36.200000000000003       0.99994066810495241     
   36.300000000000004       0.99993927754444123     
   36.399999999999999       0.99993800176688308     
   36.500000000000000       0.99993684690635198     
   36.600000000000001       0.99993581623619721     
   36.700000000000003       0.99993491060516815     
   36.800000000000004       0.99993412737011145     
   36.899999999999999       0.99993345921191046     
   37.000000000000000       0.99993289385190964     
   37.100000000000001       0.99993241423110613     
   37.200000000000003       0.99993199777928521     
   37.300000000000004       0.99993161308227629     
   37.399999999999999       0.99993121252067452     
   37.500000000000000       0.99993072233666525     
   37.600000000000001       0.99993003560988458     
   37.700000000000003       0.99992901443364157     
   37.800000000000004       0.99992750708109346     
   37.899999999999999       0.99992538693694644     
   38.000000000000000       0.99992260854629211     
   38.100000000000001       0.99991924571074531     
   38.200000000000003       0.99991547531421088     
   38.300000000000004       0.99991152015520446     
   38.400000000000006       0.99990759360906589     
   38.500000000000000       0.99990386743919302     
   38.600000000000001       0.99990045864142363     
   38.700000000000003       0.99989742699007034     
   38.800000000000004       0.99989477996791132     
   38.900000000000006       0.99989248418524557     
   39.000000000000000       0.99989048103363420     
   39.100000000000001       0.99988870258114759     
   39.200000000000003       0.99988708389669190     
   39.300000000000004       0.99988556980991838     
   39.400000000000006       0.99988411646595654     
   39.500000000000000       0.99988269012401609     
   39.600000000000001       0.99988126645213526     
   39.700000000000003       0.99987983224433197     
   39.800000000000004       0.99987838876604584     
   39.900000000000006       0.99987695384240660     
   40.000000000000000       0.99987555982302478     
   40.100000000000001       0.99987424657615342     
   40.200000000000003       0.99987305108650282     
   40.300000000000004       0.99987199639500590     
   40.400000000000006       0.99987108302968974     
   40.500000000000000       0.99987028422945134     
   40.600000000000001       0.99986953758880215     
   40.700000000000003       0.99986872101914559     
   40.800000000000004       0.99986761037112570     
   40.900000000000006       0.99986583809172547     
   41.000000000000000       0.99986293501358292     
   41.100000000000001       0.99985855560047210     
   41.200000000000003       0.99985277510462145     
   41.300000000000004       0.99984611952531099     
   41.400000000000006       0.99983923570666544     
   41.500000000000000       0.99983256696678580     
   41.600000000000001       0.99982629511505194     
   41.700000000000003       0.99982044072936227     
   41.800000000000004       0.99981495953298394     
   41.900000000000006       0.99980979188004659     
   42.000000000000000       0.99980488441775373     
   42.100000000000001       0.99980020192798180     
   42.200000000000003       0.99979573396780064     
   42.300000000000004       0.99979149499697928     
   42.400000000000006       0.99978751730961746     
   42.500000000000000       0.99978383902364032     
   42.600000000000001       0.99978049180731843     
   42.700000000000003       0.99977749319701281     
   42.800000000000004       0.99977484564304964     
   42.900000000000006       0.99977254027839790     
   43.000000000000000       0.99977056110891849     
   43.100000000000001       0.99976888681061082     
   43.200000000000003       0.99976749051468305     
   43.300000000000004       0.99976633934295678     
   43.400000000000006       0.99976539439427770     
   43.500000000000000       0.99976460956182311     
   43.600000000000001       0.99976392493721755     
   43.700000000000003       0.99976325037637603     
   43.800000000000004       0.99976243949896593     
   43.900000000000006       0.99976125976916497     
   44.000000000000000       0.99975936391006959     
   44.100000000000001       0.99975626635683212     
   44.200000000000003       0.99975135824632078     
   44.300000000000004       0.99974406882355671     
   44.400000000000006       0.99973422172553994     
   44.500000000000000       0.99972230312112320     
   44.600000000000001       0.99970929117105956     
   44.700000000000003       0.99969621992190294     
   44.800000000000004       0.99968388588461343     
   44.900000000000006       0.99967278140570437     
   45.000000000000000       0.99966313054238054     
   45.100000000000001       0.99965494753125406     
   45.200000000000003       0.99964810148740146     
   45.300000000000004       0.99964238276939188     
   45.400000000000006       0.99963756016267646     
   45.500000000000000       0.99963341793816984     
   45.600000000000001       0.99962977029649447     
   45.700000000000003       0.99962646051215576     
   45.800000000000004       0.99962335633977772     
   45.900000000000006       0.99962035036107622     
   46.000000000000000       0.99961736710559224     
   46.100000000000001       0.99961437246252294     
   46.200000000000003       0.99961137817013879     
   46.300000000000004       0.99960843571012736     
   46.400000000000006       0.99960561876278076     
   46.500000000000000       0.99960299933693941     
   46.600000000000001       0.99960062643068870     
   46.700000000000003       0.99959851610953143     
   46.800000000000004       0.99959665487133276     
   46.900000000000006       0.99959499548841613     
   47.000000000000000       0.99959341228249921     
   47.100000000000001       0.99959160927635249     
   47.200000000000003       0.99958898444932598     
   47.300000000000004       0.99958448458736238     
   47.400000000000006       0.99957671721915775     
   47.500000000000000       0.99956466998877003     
   47.600000000000001       0.99954867969844963     
   47.700000000000003       0.99953051533926918     
   47.800000000000004       0.99951223532353561     
   47.900000000000006       0.99949514157387964     
   48.000000000000000       0.99947969019415928     
   48.100000000000001       0.99946586497488166     
   48.200000000000003       0.99945347656812578     
   48.300000000000004       0.99944230200662043     
   48.400000000000006       0.99943214130141045     
   48.500000000000000       0.99942284354747857     
   48.600000000000001       0.99941431687616478     
   48.700000000000003       0.99940652310076283     
   48.800000000000004       0.99939945912657047     
   48.900000000000006       0.99939313220021686     
   49.000000000000000       0.99938753886496079     
   49.100000000000001       0.99938265523387526     
   49.200000000000003       0.99937843946977600     
   49.300000000000004       0.99937484058743320     
   49.400000000000006       0.99937180600032172     
   49.500000000000000       0.99936928382560519     
   49.600000000000001       0.99936722022216073     
   49.700000000000003       0.99936555471068511     
   49.800000000000004       0.99936421640593831     
   49.900000000000006       0.99936311785809162     
   50.000000000000000       0.99936213736169566     
   50.100000000000001       0.99936108281291791     
   50.200000000000003       0.99935963282866980     
   50.300000000000004       0.99935725263923803     
   50.400000000000006       0.99935308213323482     
   50.500000000000000       0.99934579924514633     
   50.600000000000001       0.99933360109460345     
   50.700000000000003       0.99931474934249076     
   50.800000000000004       0.99928891163740508     
   50.900000000000006       0.99925811234311535     
   51.000000000000000       0.99922573151353711     
   51.100000000000001       0.99919466867455087     
   51.200000000000003       0.99916661294654707     
   51.300000000000004       0.99914227939011901     
   51.400000000000006       0.99912176960666310     
   51.500000000000000       0.99910480643138377     
   51.600000000000001       0.99909089997734213     
   51.700000000000003       0.99907948190425910     
   51.800000000000004       0.99907000007264968     
   51.900000000000006       0.99906196592685759     
   52.000000000000000       0.99905496470108712     
   52.100000000000001       0.99904864976460639     
   52.200000000000003       0.99904274020290451     
   52.300000000000004       0.99903702929364557     
   52.400000000000006       0.99903139871795243     
   52.500000000000000       0.99902582565747267     
   52.600000000000001       0.99902037060566584     
   52.700000000000003       0.99901514237189315     
   52.800000000000004       0.99901024970273666     
   52.900000000000006       0.99900575926386781     
   53.000000000000000       0.99900168146835777     
   53.100000000000001       0.99899799350436869     
   53.200000000000003       0.99899466540213344     
   53.300000000000004       0.99899161302077344     
   53.400000000000006       0.99898854188424635     
   53.500000000000000       0.99898470204701184     
   53.600000000000001       0.99897855457958962     
   53.700000000000003       0.99896748758473974     
   53.800000000000004       0.99894830613243124     
   53.900000000000006       0.99891910726901900     
   54.000000000000000       0.99888147337395239     
   54.100000000000001       0.99884033358016067     
   54.200000000000003       0.99880071644088875     
   54.300000000000004       0.99876526111955011     
   54.400000000000006       0.99873451060462382     
   54.500000000000000       0.99870807165438147     
   54.600000000000001       0.99868529845487763     
   54.700000000000003       0.99866554386388096     
   54.800000000000004       0.99864824699178334     
   54.900000000000006       0.99863296927589829     
   55.000000000000000       0.99861940011293648     
   55.100000000000001       0.99860733527697498     
   55.200000000000003       0.99859663801891274     
   55.300000000000004       0.99858720004483148     
   55.400000000000006       0.99857891825305511     
   55.500000000000000       0.99857169234225462     
   55.600000000000001       0.99856543508216844     
   55.700000000000003       0.99856008080518988     
   55.800000000000004       0.99855558178345161     
   55.900000000000006       0.99855189041095371     
   56.000000000000000       0.99854893369753006     
   56.100000000000001       0.99854659650376409     
   56.200000000000003       0.99854472468449862     
   56.300000000000004       0.99854313338689982     
   56.400000000000006       0.99854159141329613     
   56.500000000000000       0.99853975011441354     
   56.600000000000001       0.99853699090233339     
   56.700000000000003       0.99853219122510695     
   56.800000000000004       0.99852341512646725     
   56.900000000000006       0.99850759218824403     
   57.000000000000000       0.99848067999446910     
   57.100000000000001       0.99843925258686594     
   57.200000000000003       0.99838380349981859     
   57.300000000000004       0.99832056435006988     
   57.400000000000006       0.99825766995430631     
   57.500000000000000       0.99820032512012091     
   57.600000000000001       0.99815037344950719     
   57.700000000000003       0.99810796001863533     
   57.800000000000004       0.99807256421177293     
   57.900000000000006       0.99804334706176157     
   58.000000000000000       0.99801931304291014     
   58.100000000000001       0.99799944876486113     
   58.200000000000003       0.99798282416238326     
   58.300000000000004       0.99796863691571369     
   58.400000000000006       0.99795621470191376     
   58.500000000000000       0.99794500653001705     
   58.600000000000001       0.99793458602667817     
   58.700000000000003       0.99792466790326839     
   58.800000000000004       0.99791511996045656     
   58.900000000000006       0.99790594786688902     
   59.000000000000000       0.99789724154430992     
   59.100000000000001       0.99788909567511175     
   59.200000000000003       0.99788153988815187     
   59.300000000000004       0.99787451969539853     
   59.400000000000006       0.99786794848599814     
   59.500000000000000       0.99786178660762381     
   59.600000000000001       0.99785602135863438     
   59.700000000000003       0.99785045195470212     
   59.800000000000004       0.99784430095675891     
   59.900000000000006       0.99783572004846477     
   60.000000000000000       0.99782123200367978     
