   0.0000000000000000        2.0000000000399649        9.2769171197023235E-017
  0.10000000000000001        1.9900091045825596       -1.7480680725545708E-003
  0.20000000000000001        1.9601454015166642       -6.9425677077502449E-003
  0.30000000000000004        1.9107339295655679       -1.5435792862553734E-002
  0.40000000000000002        1.8423101585055999       -2.6986507543622237E-002
  0.50000000000000000        1.7556109551931343       -4.1267855572627826E-002
  0.60000000000000009        1.6515625923756769       -5.7878826210168981E-002
  0.70000000000000007        1.5312663487944327       -7.6358908638285886E-002
  0.80000000000000004        1.3959822812434579       -9.6205200090506884E-002
  0.90000000000000002        1.2471117286889453      -0.11689111915948677     
   1.0000000000000000        1.0861790530530029      -0.13788584385951702     
   1.1000000000000001       0.91481304451581646      -0.15867348914056614     
   1.2000000000000002       0.73472832840150726      -0.17877096827101085     
   1.3000000000000000       0.54770701337896510      -0.19774362710648680     
   1.4000000000000001       0.35558072841238730      -0.21521806374779837     
   1.5000000000000000       0.16021312012211472      -0.23089184770786894     
   1.6000000000000001       -3.6517171039206750E-002 -0.24454002666046193     
   1.7000000000000002      -0.23273306805528637      -0.25601841219517019     
   1.8000000000000000      -0.42657517122837230      -0.26526373821240751     
   1.9000000000000001      -0.61621744623172525      -0.27229087573540062     
   2.0000000000000000      -0.79988248487790081      -0.27718733924360767     
   2.1000000000000001      -0.97585630850195493      -0.28010535948951609     
   2.2000000000000002       -1.1425026506571219      -0.28125187343717967     
   2.3000000000000003       -1.2982766239686909      -0.28087689076446481     
   2.4000000000000004       -1.4417376507036301      -0.27926078275215632     
   2.5000000000000000       -1.5715615214028977      -0.27670105683046192     
   2.6000000000000001       -1.6865514433492566      -0.27349914132297892     
   2.7000000000000002       -1.7856479534993486      -0.26994767000648645     
   2.8000000000000003       -1.8679376008296495      -0.26631876761854445     
   2.9000000000000004       -1.9326603498584853      -0.26285385109248510     
   3.0000000000000000       -1.9792157156486272      -0.25975534549757318     
   3.1000000000000001       -2.0071676986018669      -0.25718038137473481     
   3.2000000000000002       -2.0162486178674843      -0.25523613276580831     
   3.3000000000000003       -2.0063619146802054      -0.25397631607272775     
   3.4000000000000004       -1.9775839107033155      -0.25339869611852545     
   3.5000000000000000       -1.9301643995982796      -0.25344399783236055     
   3.6000000000000001       -1.8645258699356069      -0.25399693325375028     
   3.7000000000000002       -1.7812611368647850      -0.25488990926807720     
   3.8000000000000003       -1.6811292073159840      -0.25590955908999041     
   3.9000000000000004       -1.5650492984119369      -0.25680583614580138     
   4.0000000000000000       -1.4340930359498885      -0.25730317413998338     
   4.1000000000000005       -1.2894749530602296      -0.25711313746160286     
   4.2000000000000002       -1.1325414776663387      -0.25594798596900392     
   4.2999999999999998      -0.96475863841981435      -0.25353459669061545     
   4.4000000000000004      -0.78769873278655678      -0.24962819687901641     
   4.5000000000000000      -0.60302619081430719      -0.24402537453984738     
   4.6000000000000005      -0.41248283847444783      -0.23657586552167220     
   4.7000000000000002      -0.21787272062258489      -0.22719267923509456     
   4.8000000000000007       -2.1046590939718359E-002 -0.21586019456909775     
   4.9000000000000004       0.17611387998308162      -0.20263989412494698     
   5.0000000000000000       0.37171218159130703      -0.18767339777770944     
   5.1000000000000005       0.56385337502241584      -0.17118244572872568     
   5.2000000000000002       0.75066092064510925      -0.15346552030551719     
   5.3000000000000007       0.93029401082490504      -0.13489090080529681     
   5.4000000000000004        1.1009654737817665      -0.11588610863775375     
   5.5000000000000000        1.2609602535820139       -9.6923944163148881E-002
   5.6000000000000005        1.4086543740415152       -7.8505666086254741E-002
   5.7000000000000002        1.5425341713117942       -6.1142232663170225E-002
   5.8000000000000007        1.6612154493608817       -4.5334735910473822E-002
   5.9000000000000004        1.7634620922414976       -3.1555151371614708E-002
   6.0000000000000000        1.8482035699346431       -2.0228408443824106E-002
   6.1000000000000005        1.9145507130928525       -1.1716636449201123E-002
   6.2000000000000002        1.9618091226667485       -6.3061820289708227E-003
   6.3000000000000007        1.9894896391429031       -4.1976001132303983E-003
   6.4000000000000004        1.9973154263880024       -5.4985018306136675E-003
   6.5000000000000000        1.9852254093197144       -1.0219148949310714E-002
   6.6000000000000005        1.9533740095909373       -1.8270989637797354E-002
   6.7000000000000002        1.9021273160585581       -2.9468606795436308E-002
   6.8000000000000007        1.8320559845952533       -4.3535478842578329E-002
   6.9000000000000004        1.7439252724525114       -6.0113534688189141E-002
   7.0000000000000000        1.6386826713331522       -7.8776022197747431E-002
   7.1000000000000005        1.5174436156912190       -9.9042974271413856E-002
   7.2000000000000002        1.3814757225688068      -0.12039852659087970     
   7.3000000000000007        1.2321819814140127      -0.14230931581543158     
   7.4000000000000004        1.0710832649330579      -0.16424309098457243     
   7.5000000000000000       0.89980047757884307      -0.18568662709869771     
   7.6000000000000005       0.72003659970620648      -0.20616214997808530     
   7.7000000000000002       0.53355882822849576      -0.22524170561817439     
   7.8000000000000007       0.34218096400583431      -0.24255909475928919     
   7.9000000000000004       0.14774615490173096      -0.25781909373832129     
   8.0000000000000000       -4.7889927758765292E-002 -0.27080375386703182     
   8.0999999999999996      -0.24287542272029006      -0.28137566929756985     
   8.2000000000000011      -0.43537807729725791      -0.28947821819357228     
   8.3000000000000007      -0.62360046923714496      -0.29513288508531460     
   8.4000000000000004      -0.80579460807840109      -0.29843387068670396     
   8.5000000000000000      -0.98027586786606591      -0.29954031484269966     
   8.5999999999999996       -1.1454362010023729      -0.29866658954504294     
   8.7000000000000011       -1.2997565864021485      -0.29607121064841191     
   8.8000000000000007       -1.4418186752734050      -0.29204492730292897     
   8.9000000000000004       -1.5703156142272419      -0.28689849660870836     
   9.0000000000000000       -1.6840620465833667      -0.28095060264836869     
   9.0999999999999996       -1.7820033171902423      -0.27451635525339302     
   9.2000000000000011       -1.8632239332383096      -0.26789671415531047     
   9.3000000000000007       -1.9269553587391535      -0.26136892258988004     
   9.4000000000000004       -1.9725832223556654      -0.25517770055868538     
   9.5000000000000000       -1.9996539654648493      -0.24952686323843412     
   9.6000000000000014       -2.0078808435166455      -0.24457138396334790     
   9.7000000000000011       -1.9971490538953518      -0.24041048108358479     
   9.8000000000000007       -1.9675196475089849      -0.23708264330827525     
   9.9000000000000004       -1.9192318303775135      -0.23456342780174624     
   10.000000000000000       -1.8527032956679768      -0.23276650440582880     
   10.100000000000001       -1.7685283330149906      -0.23154800190686936     
   10.200000000000001       -1.6674736041175473      -0.23071387111428479     
   10.300000000000001       -1.5504716168528947      -0.23002975507743165     
   10.400000000000000       -1.4186120528089761      -0.22923274938905971     
   10.500000000000000       -1.2731311934153740      -0.22804442620631460     
   10.600000000000001       -1.1153997434192129      -0.22618454744691269     
   10.700000000000001      -0.94690936989031627      -0.22338496076673700     
   10.800000000000001      -0.76925826667029962      -0.21940322382404970     
   10.900000000000000      -0.58413602433952283      -0.21403553161096767     
   11.000000000000000      -0.39330803868466940      -0.20712854065160977     
   11.100000000000001      -0.19859962985973251      -0.19858969863600220     
   11.200000000000001       -1.8799739317307703E-003 -0.18839568316110383     
   11.300000000000001       0.19495412685385144      -0.17659851241730806     
   11.400000000000000       0.38999468225784983      -0.16332883619612970     
   11.500000000000000       0.58133926890567222      -0.14879591112184873     
   11.600000000000001       0.76710824351908269      -0.13328385990236968     
   11.700000000000001       0.94546254635535976      -0.11714400670301109     
   11.800000000000001        1.1146221642936800      -0.10078335482684268     
   11.900000000000000        1.2728852107987145       -8.4649647591879804E-002
   12.000000000000000        1.4186474329601440       -6.9213892754442161E-002
   12.100000000000001        1.5504217974205845       -5.4951554990931871E-002
   12.200000000000001        1.6668576624778046       -4.2323656311025380E-002
   12.300000000000001        1.7667589351512005       -3.1758813339960536E-002
   12.400000000000000        1.8491005596115440       -2.3636949804156961E-002
   12.500000000000000        1.9130427040533278       -1.8275130696696552E-002
   12.600000000000001        1.9579421118262379       -1.5915705285988714E-002
   12.700000000000001        1.9833602443322569       -1.6716836325606523E-002
   12.800000000000001        1.9890680351421872       -2.0745621390750826E-002
   12.900000000000000        1.9750472596301392       -2.7974252787175739E-002
   13.000000000000000        1.9414886746048328       -3.8279738068017530E-002
   13.100000000000001        1.8887871860075700       -5.1447462322217023E-002
   13.200000000000001        1.8175343603292440       -6.7178449092942280E-002
   13.300000000000001        1.7285086156674558       -8.5099838288404742E-002
   13.400000000000000        1.6226634251494643      -0.10477797325388336     
   13.500000000000000        1.5011138528952046      -0.12573348034971979     
   13.600000000000001        1.3651217293487421      -0.14745769623540117     
   13.700000000000001        1.2160797603092099      -0.16942974134677177     
   13.800000000000001        1.0554948503629535      -0.19113353194643096     
   13.900000000000000       0.88497090445987092      -0.21207409876881114     
   14.000000000000000       0.70619135020836321      -0.23179268458355637     
   14.100000000000001       0.52090159900025101      -0.24988016672207203     
   14.200000000000001       0.33089163856537451      -0.26598839284837317     
   14.300000000000001       0.13797892532585562      -0.27983906681288928     
   14.400000000000000       -5.6008276637220362E-002 -0.29122989960201268     
   14.500000000000000      -0.24924698201133605      -0.30003784328644756     
   14.600000000000001      -0.43993488556002347      -0.30621934765697151     
   14.700000000000001      -0.62630498674456025      -0.30980772835908937     
   14.800000000000001      -0.80663937011501352      -0.31090791179391858     
   14.900000000000000      -0.97928210599474685      -0.30968899131661914     
   15.000000000000000       -1.1426512766526440      -0.30637513681009071     
   15.100000000000001       -1.2952501794257187      -0.30123541889548888     
   15.200000000000001       -1.4356778038767524      -0.29457306573572301     
   15.300000000000001       -1.5626387179119960      -0.28671459750814687     
   15.400000000000000       -1.6749525241889778      -0.27799914585131602     
   15.500000000000000       -1.7715630619595018      -0.26876799289276293     
   15.600000000000001       -1.8515475173323068      -0.25935403612270003     
   15.700000000000001       -1.9141255362583436      -0.25007079487208067     
   15.800000000000001       -1.9586682941635050      -0.24120093105262397     
   15.900000000000000       -1.9847072914862911      -0.23298487158752509     
   16.000000000000000       -1.9919424675716813      -0.22561057169938811     
   16.100000000000001       -1.9802491087901510      -0.21920551660005624     
   16.199999999999999       -1.9496830072803255      -0.21383179614692041     
   16.300000000000001       -1.9004834066915439      -0.20948468116986363     
   16.400000000000002       -1.8330734187648443      -0.20609471726063847     
   16.500000000000000       -1.7480577671536228      -0.20353301627249018     
   16.600000000000001       -1.6462178791197519      -0.20161921665848873     
   16.699999999999999       -1.5285044815363393      -0.20013150954080136     
   16.800000000000001       -1.3960279563669036      -0.19881815751172238     
   16.900000000000002       -1.2500467726194460      -0.19741001631752469     
   17.000000000000000       -1.0919543418918274      -0.19563365476117187     
   17.100000000000001      -0.92326464910786510      -0.19322472025278561     
   17.199999999999999      -0.74559699293572756      -0.18994120636767423     
   17.300000000000001      -0.56066013325973263      -0.18557625755712542     
   17.400000000000002      -0.37023608673199460      -0.17997011296745571     
   17.500000000000000      -0.17616373780577355      -0.17302074719159977     
   17.600000000000001        1.9677654315251817E-002 -0.16469269631253999     
   17.699999999999999       0.21538506591487871      -0.15502346961600744     
   17.800000000000001       0.40904853699159921      -0.14412689877412815     
   17.900000000000002       0.59876837955102624      -0.13219283993219788     
   18.000000000000000       0.78267293841461749      -0.11948283377364506     
   18.100000000000001       0.95893702044147100      -0.10632161199128240     
   18.199999999999999        1.1258009866729941       -9.3084732370904699E-002
   18.300000000000001        1.2815903345110582       -8.0183139811986687E-002
   18.400000000000002        1.4247354138342341       -6.8045890960515498E-002
   18.500000000000000        1.5537907590039297       -5.7102343305088669E-002
   18.600000000000001        1.6674534129692595       -4.7764793661306232E-002
   18.699999999999999        1.7645795945441998       -4.0412174290154278E-002
   18.800000000000001        1.8441991243211429       -3.5375194336474750E-002
   18.900000000000002        1.9055271660395223       -3.2923227397074463E-002
   19.000000000000000        1.9479730253927749       -3.3253254154638735E-002
   19.100000000000001        1.9711459350210456       -3.6481273909188622E-002
   19.200000000000003        1.9748579052535129       -4.2636704470475024E-002
   19.300000000000001        1.9591238137064662       -5.1660221090183374E-002
   19.400000000000002        1.9241589434160864       -6.3405187111187103E-002
   19.500000000000000        1.8703741759460171       -7.7642458264275918E-002
   19.600000000000001        1.7983690261408951       -9.4068109162555591E-002
   19.700000000000003        1.7089226886665339      -0.11231358868330488     
   19.800000000000001        1.6029832640788271      -0.13195785020691556     
   19.900000000000002        1.4816553453892296      -0.15254101126704386     
   20.000000000000000        1.3461861695176676      -0.17357906679977833     
   20.100000000000001        1.1979505626164832      -0.19457915857257335     
   20.200000000000003        1.0384349261350330      -0.21505490933265606     
   20.300000000000001       0.86922051959306146      -0.23454134362686227     
   20.400000000000002       0.69196629907483431      -0.25260892144188662     
   20.500000000000000       0.50839156920865280      -0.26887621308818749     
   20.600000000000001       0.32025869959422026      -0.28302075873281857     
   20.700000000000003       0.12935614346851362      -0.29478769016381157     
   20.800000000000001       -6.2518021837933022E-002 -0.30399575252205463     
   20.900000000000002      -0.25357183605663697      -0.31054046960400250     
   21.000000000000000      -0.44203431321274239      -0.31439436930247755     
   21.100000000000001      -0.62616929458858761      -0.31560441723665189     
   21.200000000000003      -0.80428824116462383      -0.31428704177698236     
   21.300000000000001      -0.97476199147042475      -0.31062129813273009     
   21.400000000000002       -1.1360316020697485      -0.30484076945001021     
   21.500000000000000       -1.2866184727839145      -0.29722474201783144     
   21.600000000000001       -1.4251340232415715      -0.28808902454988333     
   21.700000000000003       -1.5502892255259788      -0.27777648894077939     
   21.800000000000001       -1.6609042995331884      -0.26664704304843184     
   21.900000000000002       -1.7559188168187427      -0.25506653120415262     
   22.000000000000000       -1.8344023181952644      -0.24339425596503189     
   22.100000000000001       -1.8955653423569951      -0.23196941098464910     
   22.200000000000003       -1.9387705184782664      -0.22109736877681516     
   22.300000000000001       -1.9635431593335289      -0.21103711567184602     
   22.400000000000002       -1.9695806837443248      -0.20199105411333532     
   22.500000000000000       -1.9567602242157560      -0.19409801276003988     
   22.600000000000001       -1.9251439024133901      -0.18742980825418398     
   22.700000000000003       -1.8749814312353965      -0.18199125734104279     
   22.800000000000001       -1.8067098841426557      -0.17772324627835906     
   22.900000000000002       -1.7209506320594796      -0.17450834569574525     
   23.000000000000000       -1.6185035755063206      -0.17217846947632454     
   23.100000000000001       -1.5003388951609984      -0.17052415097706061     
   23.200000000000003       -1.3675866110963426      -0.16930509545275468     
   23.300000000000001       -1.2215242831592148      -0.16826173064409417     
   23.400000000000002       -1.0635632057532129      -0.16712750189224132     
   23.500000000000000      -0.89523345168032586      -0.16564164231791659     
   23.600000000000001      -0.71816810120106866      -0.16356210417274120     
   23.700000000000003      -0.53408695176892718      -0.16067828014920202     
   23.800000000000001      -0.34477993936962215      -0.15682307653522259     
   23.900000000000002      -0.15209041566866269      -0.15188380896643974     
   24.000000000000000        4.2101677550449725E-002 -0.14581127009480624     
   24.100000000000001       0.23589680112909472      -0.13862621178425519     
   24.200000000000003       0.42739312935378121      -0.13042248181240740     
   24.300000000000001       0.61470436508364545      -0.12136620810875957     
   24.400000000000002       0.79597820236883843      -0.11169070738979242     
   24.500000000000000       0.96941545279153840      -0.10168721001598327     
   24.600000000000001        1.1332896629647378       -9.1692070538746867E-002
   24.700000000000003        1.2859668437777705       -8.2071672320566808E-002
   24.800000000000001        1.4259247612238539       -7.3206323239250609E-002
   24.900000000000002        1.5517711492072350       -6.5474043238705953E-002
   25.000000000000000        1.6622602186196374       -5.9234746474168702E-002
   25.100000000000001        1.7563069518570560       -5.4815237898933881E-002
   25.200000000000003        1.8329988595739291       -5.2495515089185152E-002
   25.300000000000001        1.8916050861591402       -5.2496890640488091E-002
   25.400000000000002        1.9315829267298301       -5.4972441480307596E-002
   25.500000000000000        1.9525819227474959       -6.0000264237412122E-002
   25.600000000000001        1.9544457278289045       -6.7579872671107447E-002
   25.700000000000003        1.9372119009159507       -7.7631772504834634E-002
   25.800000000000001        1.9011097243017878       -8.9999929161589554E-002
   25.900000000000002        1.8465560899255240      -0.10445669246029698     
   26.000000000000000        1.7741494698887548      -0.12070979416811235     
   26.100000000000001        1.6846619948375388      -0.13841115840576995     
   26.200000000000003        1.5790297015176440      -0.15716732374473003     
   26.300000000000001        1.4583410620406023      -0.17655124244165513     
   26.400000000000002        1.3238239541028991      -0.19611515067718710     
   26.500000000000000        1.1768312672694357      -0.21540414212107800     
   26.600000000000001        1.0188253734898454      -0.23397003497760066     
   26.700000000000003       0.85136172734162874      -0.25138509284586419     
   26.800000000000001       0.67607189596305262      -0.26725513765189857     
   26.900000000000002       0.49464633719537987      -0.28123157316876951     
   27.000000000000000       0.30881724401473770      -0.29302181744765254     
   27.100000000000001       0.12034176065212975      -0.30239764046223766     
   27.200000000000003       -6.9014144778761069E-002 -0.30920096362552502     
   27.300000000000001      -0.25749089910419881      -0.31334684140587638     
   27.400000000000002      -0.44334943710782110      -0.31482361044460444     
   27.500000000000000      -0.62488409788021859      -0.31369049895749640     
   27.600000000000001      -0.80043431437442714      -0.31007324062347547     
   27.700000000000003      -0.96839524854359638      -0.30415833640354745     
   27.800000000000001       -1.1272276577792684      -0.29618649910615102     
   27.900000000000002       -1.2754673717524292      -0.28644550912722255     
   28.000000000000000       -1.4117348095718918      -0.27526230263022439     
   28.100000000000001       -1.5347449708755612      -0.26299378222529202     
   28.200000000000003       -1.6433182306415242      -0.25001577818070719     
   28.300000000000001       -1.7363920411659299      -0.23670992897456347     
   28.400000000000002       -1.8130334115733604      -0.22344895093016831     
   28.500000000000000       -1.8724518009734821      -0.21058149825976680     
   28.600000000000001       -1.9140117366386185      -0.19841814873431052     
   28.700000000000003       -1.9372442759425885      -0.18721983095313327     
   28.800000000000001       -1.9418565720556598      -0.17718944221921581     
   28.900000000000002       -1.9277390618217209      -0.16846682342128905     
   29.000000000000000       -1.8949699830948787      -0.16112686446444030     
   29.100000000000001       -1.8438170731076078      -0.15518033550790578     
   29.200000000000003       -1.7747364255690135      -0.15057701372535209     
   29.300000000000001       -1.6883685873802670      -0.14721073417024366     
   29.400000000000002       -1.5855320588660387      -0.14492608263527787     
   29.500000000000000       -1.4672144282846440      -0.14352652905866062     
   29.600000000000001       -1.3345614218701751      -0.14278384799598115     
   29.700000000000003       -1.1888641851281774      -0.14244867758170582     
   29.800000000000001       -1.0315451315833422      -0.14226203296521231     
   29.900000000000002      -0.86414270102760382      -0.14196752883393240     
   30.000000000000000      -0.68829535416974863      -0.14132399486502245     
   30.100000000000001      -0.50572508569622465      -0.14011809064408809     
   30.200000000000003      -0.31822065970089075      -0.13817642560501611     
   30.300000000000001      -0.12762066698399263      -0.13537654714632325     
   30.400000000000002        6.4203611431603427E-002 -0.13165600064027710     
   30.500000000000000       0.25536565288337809      -0.12701857652980147     
   30.600000000000001       0.44398162951970244      -0.12153693520400691     
   30.700000000000003       0.62818898346219310      -0.11535105497385970     
   30.800000000000001       0.80616566405901502      -0.10866237161831475     
   30.900000000000002       0.97614983998197036      -0.10172409667960169     
   31.000000000000000        1.1364596661864150       -9.4828824374322565E-002
   31.100000000000001        1.2855125080280507       -8.8294665281067733E-002
   31.200000000000003        1.4218429565151933       -8.2450691265493870E-002
   31.300000000000001        1.5441190275341514       -7.7622090160537657E-002
   31.400000000000002        1.6511561130393604       -7.4115530758396206E-002
   31.500000000000000        1.7419284995754538       -7.2205473252062474E-002
   31.600000000000001        1.8155785142293521       -7.2122138185212611E-002
   31.700000000000003        1.8714235221502440       -7.4041653824298226E-002
   31.800000000000001        1.9089610362786138       -7.8078732323677180E-002
   31.900000000000002        1.9278721293964272       -8.4282057588645334E-002
   32.000000000000000        1.9280232348655277       -9.2632323681306764E-002
   32.100000000000001        1.9094663367717739      -0.10304261918487745     
   32.200000000000003        1.8724374887622828      -0.11536076711345314     
   32.300000000000004        1.8173535661923499      -0.12937333738884152     
   32.399999999999999        1.7448071603307056      -0.14481122615271166     
   32.500000000000000        1.6555595653304500      -0.16135679686227872     
   32.600000000000001        1.5505318672625188      -0.17865255449077713     
   32.700000000000003        1.4307942008717296      -0.19631122511070648     
   32.800000000000004        1.2975532968270405      -0.21392700726219185     
   32.899999999999999        1.1521385098743300      -0.23108768083280787     
   33.000000000000000       0.99598658650374228      -0.24738720144484114     
   33.100000000000001       0.83062547909707607      -0.26243836380613400     
   33.200000000000003       0.65765754176053504      -0.27588507641212379     
   33.300000000000004       0.47874246707628826      -0.28741373952330707     
   33.399999999999999       0.29558034365968650      -0.29676316285596260     
   33.500000000000000       0.10989521403076678      -0.30373244832617974     
   33.600000000000001       -7.6580521008559319E-002 -0.30818637181654940     
   33.700000000000003      -0.26212057036558067      -0.31005806199782127     
   33.800000000000004      -0.44501790994953938      -0.30934914335602470     
   33.899999999999999      -0.62359658780499638      -0.30612785716030227     
   34.000000000000000      -0.79622232311339769      -0.30052583368409330     
   34.100000000000001      -0.96131224524679637      -0.29273403015611094     
   34.200000000000003       -1.1173442633119219      -0.28299790118788914     
   34.300000000000004       -1.2628665950368458      -0.27161138576313598     
   34.399999999999999       -1.3965079393780635      -0.25890904663407682     
   34.500000000000000       -1.5169886954039262      -0.24525575969625318     
   34.600000000000001       -1.6231333859793184      -0.23103376284559729     
   34.700000000000003       -1.7138839772628527      -0.21662764924816202     
   34.800000000000004       -1.7883137151173252      -0.20240868310305293     
   34.899999999999999       -1.8456412962589570      -0.18872009572136864     
   35.000000000000000       -1.8852444342358234      -0.17586469854551087     
   35.100000000000001       -1.9066712990623187      -0.16409551980184356     
   35.200000000000003       -1.9096491615298250      -0.15360951982140156     
   35.300000000000004       -1.8940903435715732      -0.14454404407905322     
   35.399999999999999       -1.8600955518848212      -0.13697560396202546     
   35.500000000000000       -1.8079545518807170      -0.13092065611708939     
   35.600000000000001       -1.7381441829643358      -0.12633813624991549     
   35.700000000000003       -1.6513237994677465      -0.12313357243519713     
   35.800000000000004       -1.5483282853896412      -0.12116466754871454     
   35.899999999999999       -1.4301588422046654      -0.12024829127081363     
   36.000000000000000       -1.2979717951332017      -0.12016884029901623     
   36.100000000000001       -1.1530657046420509      -0.12068789721176305     
   36.200000000000003      -0.99686710284953584      -0.12155504592085645     
   36.300000000000004      -0.83091518967833622      -0.12251960625307953     
   36.399999999999999      -0.65684580579104479      -0.12334295335895716     
   36.500000000000000      -0.47637493545812398      -0.12381098245014739     
   36.600000000000001      -0.29128188563321417      -0.12374613606945703     
   36.700000000000003      -0.10339216220208797      -0.12301822791727249     
   36.800000000000004        8.5440045334214565E-002 -0.12155314522154352     
   36.899999999999999       0.27334992239545985      -0.11933849936003535     
   37.000000000000000       0.45848076678193672      -0.11642547115573573     
   37.100000000000001       0.63900341653186410      -0.11292646640564838     
   37.200000000000003       0.81313615357273883      -0.10900881134858435     
   37.300000000000004       0.97916460995489729      -0.10488542389836383     
   37.399999999999999        1.1354610143163923      -0.10080360069322568     
   37.500000000000000        1.2805020628487966       -9.7032566905963527E-002
   37.600000000000001        1.4128848005183516       -9.3850068057087940E-002
   37.700000000000003        1.5313401467299437       -9.1528603494510474E-002
   37.800000000000004        1.6347439978294056       -9.0322317937283111E-002
   37.899999999999999        1.7221260643699259       -9.0455451658443695E-002
   38.000000000000000        1.7926768699977245       -9.2112789057821179E-002
   38.100000000000001        1.8457536023637919       -9.5432203958838113E-002
   38.200000000000003        1.8808851777504716      -0.10049930528715938     
   38.300000000000004        1.8977761779583351      -0.10734413558139037     
   38.400000000000006        1.8963092121009015      -0.11593972552545372     
   38.500000000000000        1.8765456216843632      -0.12620220683112998     
   38.600000000000001        1.8387245869683453      -0.13799227367724876     
   38.700000000000003        1.7832605691119114      -0.15111796655871082     
   38.800000000000004        1.7107389220319213      -0.16533887207908554     
   38.900000000000006        1.6219095315376986      -0.18037183125660380     
   39.000000000000000        1.5176784370772107      -0.19589816565560450     
   39.100000000000001        1.3990975045978171      -0.21157232683508204     
   39.200000000000003        1.2673523157618889      -0.22703178494925191     
   39.300000000000004        1.1237484997577334      -0.24190789322904985     
   39.400000000000006       0.96969676198332466      -0.25583738347956092     
   39.500000000000000       0.80669689672585154      -0.26847407166576293     
   39.600000000000001       0.63632114121264893      -0.27950029239732571     
   39.700000000000003       0.46019731119967011      -0.28863752025942008     
   39.800000000000004       0.27999219459499652      -0.29565557305396284     
   39.900000000000006        9.7395645866702490E-002 -0.30037980398573333     
   40.000000000000000       -8.5894255090460669E-002 -0.30269588847007201     
   40.100000000000001      -0.26818471767548485      -0.30255221235946245     
   40.200000000000003      -0.44780030573058105      -0.29996032428328961     
   40.300000000000004      -0.62309363633561088      -0.29499416390914829     
   40.400000000000006      -0.79245506270971888      -0.28778857461031004     
   40.500000000000000      -0.95432194532043169      -0.27853698720922426     
   40.600000000000001       -1.1071882337677144      -0.26748760079492329     
   40.700000000000003       -1.2496149286954044      -0.25493727094167318     
   40.800000000000004       -1.3802416636736450      -0.24122248416779918     
   40.900000000000006       -1.4977996021557243      -0.22670725967838101     
   41.000000000000000       -1.6011255611810917      -0.21176873295512624     
   41.100000000000001       -1.6891759232615844      -0.19678195421159209     
   41.200000000000003       -1.7610397396608399      -0.18210542814375316     
   41.300000000000004       -1.8159533323047492      -0.16806834817764166     
   41.400000000000006       -1.8533157212739606      -0.15496014941927919     
   41.500000000000000       -1.8727003131781115      -0.14302287762312632     
   41.600000000000001       -1.8738616930493974      -0.13244626852839780     
   41.700000000000003       -1.8567394886731901      -0.12336494576768396     
   41.800000000000004       -1.8214602841693228      -0.11585727096937018     
   41.900000000000006       -1.7683373969557383      -0.10994566793754949     
   42.000000000000000       -1.6978682787054984      -0.10559836978692837     
   42.100000000000001       -1.6107295251773561      -0.10273256456469552     
   42.200000000000003       -1.5077696047713907      -0.10121893911119603     
   42.300000000000004       -1.3899994758369039      -0.10088765206787870     
   42.400000000000006       -1.2585813144716489      -0.10153577422582412     
   42.500000000000000       -1.1148156258739477      -0.10293618685867204     
   42.600000000000001      -0.96012705091657102      -0.10484782038342591     
   42.700000000000003      -0.79604918906269462      -0.10702697901331662     
   42.800000000000004      -0.62420872083175993      -0.10923936683433545     
   42.900000000000006      -0.44630901695257580      -0.11127229477092193     
   43.000000000000000      -0.26411328481124974      -0.11294637395563720     
   43.100000000000001       -7.9427176398862376E-002 -0.11412582255967488     
   43.200000000000003       0.10591928279033354      -0.11472643783280044     
   43.300000000000004       0.29009056054912447      -0.11472037973755572     
   43.400000000000006       0.47126526699898669      -0.11413717179681444     
   43.500000000000000       0.64765633370889431      -0.11306083357680882     
   43.600000000000001       0.81753118717391471      -0.11162379657937437     
   43.700000000000003       0.97923117785352864      -0.10999859301568123     
   43.800000000000004        1.1311894823141491      -0.10838783302975323     
   43.900000000000006        1.2719468103155853      -0.10701262073989805     
   44.000000000000000        1.4001645942645253      -0.10610007205412006     
   44.100000000000001        1.5146359161477434      -0.10587121428728369     
   44.200000000000003        1.6142944367577836      -0.10653042604985724     
   44.300000000000004        1.6982205512041701      -0.10825693135519332     
   44.400000000000006        1.7656450050131869      -0.11119811026487374     
   44.500000000000000        1.8159538382449341      -0.11546387936061708     
   44.600000000000001        1.8486966737014416      -0.12112182665985671     
   44.700000000000003        1.8635942730658708      -0.12819363374116624     
   44.800000000000004        1.8605418428187912      -0.13665313544590180     
   44.900000000000006        1.8396090435938490      -0.14642577586922442     
   45.000000000000000        1.8010385416914532      -0.15738925336809609     
   45.100000000000001        1.7452434788237396      -0.16937540919667998     
   45.200000000000003        1.6728034183870688      -0.18217347606486259     
   45.300000000000004        1.5844583806524311      -0.19553474538583485     
   45.400000000000006        1.4811008454945536      -0.20917865970040017     
   45.500000000000000        1.3637657785737756      -0.22280029255381639     
   45.600000000000001        1.2336188213917887      -0.23607910302184859     
   45.700000000000003        1.0919428397435338      -0.24868873407624739     
   45.800000000000004       0.94012309029015928      -0.26030749691824512     
   45.900000000000006       0.77963135645456183      -0.27062909738162422     
   46.000000000000000       0.61200950651174013      -0.27937311528734221     
   46.100000000000001       0.43885299276479561      -0.28629468889674209     
   46.200000000000003       0.26179480536658084      -0.29119279124604031     
   46.300000000000004        8.2490327305491662E-002 -0.29391655572992559     
   46.400000000000006       -9.7396560552526115E-002 -0.29436945983414747     
   46.500000000000000      -0.27620590222289465      -0.29251173451753237     
   46.600000000000001      -0.45229259253400633      -0.28836177220914000     
   46.700000000000003      -0.62403608409173894      -0.28199709766280534     
   46.800000000000004      -0.78984951677725190      -0.27355460481794719     
   46.900000000000006      -0.94818921856816307      -0.26322907538799833     
   47.000000000000000       -1.0975655024249040      -0.25126912098011872     
   47.100000000000001       -1.2365549765244657      -0.23796995338357166     
   47.200000000000003       -1.3638139335262733      -0.22366263751127027     
   47.300000000000004       -1.4780931668395321      -0.20870062765475017     
   47.400000000000006       -1.5782537735443400      -0.19344567750691768     
   47.500000000000000       -1.6632786889509241      -0.17825489081557136     
   47.600000000000001       -1.7322795761373013      -0.16346918921881365     
   47.700000000000003       -1.7845114971421718      -0.14940238667748706     
   47.800000000000004       -1.8193959114441767      -0.13633109251039194     
   47.900000000000006       -1.8365355481441346      -0.12448733887902332     
   48.000000000000000       -1.8357174838797847      -0.11405441418803755     
   48.100000000000001       -1.8169127614035443      -0.10516466998604321     
   48.200000000000003       -1.7802762410979578       -9.7898410641895348E-002
   48.300000000000004       -1.7261456506454336       -9.2283758867553675E-002
   48.400000000000006       -1.6550386804666857       -8.8297653327840120E-002
   48.500000000000000       -1.5676478133170695       -8.5868116653870979E-002
   48.600000000000001       -1.4648329516931966       -8.4877901210494891E-002
   48.700000000000003       -1.3476120058311332       -8.5169617101071446E-002
   48.800000000000004       -1.2171496577884016       -8.6552431742597011E-002
   48.900000000000006       -1.0747445728133964       -8.8810360415711567E-002
   49.000000000000000      -0.92181536859486124       -9.1712029130838188E-002
   49.100000000000001      -0.75988564816080129       -9.5021618377973766E-002
   49.200000000000003      -0.59056833114222085       -9.8510527185251245E-002
   49.300000000000004      -0.41554938068182423      -0.10196912681534887     
   49.400000000000006      -0.23657086488941168      -0.10521780478903908     
   49.500000000000000       -5.5413191429981128E-002 -0.10811641023726241     
   49.600000000000001       0.12612363368449950      -0.11057126923602130     
   49.700000000000003       0.30623973358023704      -0.11253909769028655     
   49.800000000000004       0.48315581810992214      -0.11402743855174458     
   49.900000000000006       0.65513377393981509      -0.11509185532063464     
   50.000000000000000       0.82049653207435858      -0.11583059507395890     
   50.100000000000001       0.97764632766879955      -0.11637713291110457     
   50.200000000000003        1.1250805967448934      -0.11689067942290154     
   50.300000000000004        1.2614049762485648      -0.11754531700989419     
   50.400000000000006        1.3853437474309400      -0.11851913823950286     
   50.500000000000000        1.4957496807678898      -0.11998469842185744     
   50.600000000000001        1.5916133275246283      -0.12210168587509183     
   50.700000000000003        1.6720646961706864      -0.12501217583639543     
   50.800000000000004        1.7363660536942742      -0.12883717504966272     
   50.900000000000006        1.7839148041795054      -0.13367134352517573     
   51.000000000000000        1.8142653643400752      -0.13957539669110697     
   51.100000000000001        1.8271484329323089      -0.14657023088083460     
   51.200000000000003        1.8224733963212487      -0.15463473471657807     
   51.300000000000004        1.8003226183716234      -0.16370557377196682     
   51.400000000000006        1.7609467001868770      -0.17367777522009789     
   51.500000000000000        1.7047613565967394      -0.18440622554361796     
   51.600000000000001        1.6323437937218956      -0.19570832396191212     
   51.700000000000003        1.5444272924850646      -0.20736786561370527     
   51.800000000000004        1.4418936394189499      -0.21914019894490025     
   51.900000000000006        1.3257634395873221      -0.23075869766610782     
   52.000000000000000        1.1971844782301246      -0.24194249615635549     
   52.100000000000001        1.0574183764254237      -0.25240526958316017     
   52.200000000000003       0.90782587293291761      -0.26186468100335536     
   52.300000000000004       0.74985116891623815      -0.27005204033813829     
   52.400000000000006       0.58500586971215440      -0.27672169808090352     
   52.500000000000000       0.41485309460026021      -0.28165964444425129     
   52.600000000000001       0.24099227420777350      -0.28469074350103135     
   52.700000000000003        6.5045044377395569E-002 -0.28568422137505822     
   52.800000000000004      -0.11135748480681246      -0.28455758303609729     
   52.900000000000006      -0.28658596676780912      -0.28127975513649250     
   53.000000000000000      -0.45902271356408875      -0.27587418190013313     
   53.100000000000001      -0.62707081751635485      -0.26842145303912018     
   53.200000000000003      -0.78916354648960030      -0.25906008075423198     
   53.300000000000004      -0.94377533617341358      -0.24798457690300862     
   53.400000000000006       -1.0894350607590515      -0.23544047965165546     
   53.500000000000000       -1.2247405895248131      -0.22171560772825402     
   53.600000000000001       -1.3483736534757009      -0.20712775045249565     
   53.700000000000003       -1.4591170384020269      -0.19201132018138339     
   53.800000000000004       -1.5558712200817830      -0.17670614256428188     
   53.900000000000006       -1.6376555195327951      -0.16154892133935234     
   54.000000000000000       -1.7035997012927195      -0.14686516269459990     
   54.100000000000001       -1.7529644500902368      -0.13295819160379832     
   54.200000000000003       -1.7851872573777328      -0.12009609320886219     
   54.300000000000004       -1.7999042712937212      -0.10850311033756169     
   54.400000000000006       -1.7969427781317855       -9.8356767067237075E-002
   54.500000000000000       -1.7763114445493038       -8.9786998993001452E-002
   54.600000000000001       -1.7381971443469526       -8.2875375394359185E-002
   54.700000000000003       -1.6829638471208161       -7.7654601035092113E-002
   54.800000000000004       -1.6111500457816419       -7.4108861715380892E-002
   54.900000000000006       -1.5234638437949486       -7.2175373345943830E-002
   55.000000000000000       -1.4207757476515095       -7.1747327966073429E-002
   55.100000000000001       -1.3041093638425896       -7.2678365010227258E-002
   55.200000000000003       -1.1746302447889347       -7.4788670820126579E-002
   55.300000000000004       -1.0336331940459964       -7.7872744157303039E-002
   55.400000000000006      -0.88252839057545063       -8.1708707920147963E-002
   55.500000000000000      -0.72282666537843221       -8.6068826976584939E-002
   55.600000000000001      -0.55612412566190117       -9.0730672098597490E-002
   55.700000000000003      -0.38408610038544666       -9.5488180735635336E-002
   55.800000000000004      -0.20843018386704540      -0.10016176652576823     
   55.900000000000006       -3.0908098358958622E-002 -0.10460671881827908     
   56.000000000000000       0.14671377887004119      -0.10871933406544350     
   56.100000000000001       0.32267506673465818      -0.11244032638142847     
   56.200000000000003       0.49524257218437734      -0.11575524802136956     
   56.300000000000004       0.66273094890384732      -0.11869208712604493     
   56.400000000000006       0.82352169533490227      -0.12131632915747545     
   56.500000000000000       0.97607970932123500      -0.12372367496848168     
   56.600000000000001        1.1189667918228172      -0.12603110862469222     
   56.700000000000003        1.2508515590869933      -0.12836755603566372     
   56.800000000000004        1.3705175764022046      -0.13086528835690533     
   56.900000000000006        1.4768756415977207      -0.13365312972421542     
   57.000000000000000        1.5689766400115968      -0.13685306192947758     
   57.100000000000001        1.6460002253211763      -0.14058073341171218     
   57.200000000000003        1.7072222211990076      -0.14494528791287251     
   57.300000000000004        1.7520215643567540      -0.15004027391703764     
   57.400000000000006        1.7799401369469647      -0.15592783073039226     
   57.500000000000000        1.7907216808199857      -0.16263029553664532     
   57.600000000000001        1.7843015761405712      -0.17013115587096683     
   57.700000000000003        1.7607855141338840      -0.17837724217539730     
   57.800000000000004        1.7204394393938136      -0.18727966605016139     
   57.900000000000006        1.6636868396276243      -0.19671486133617871     
   58.000000000000000        1.5911065240204396      -0.20652653730437137     
   58.100000000000001        1.5034282476165453      -0.21652872810126392     
   58.200000000000003        1.4015258314949333      -0.22651007256174538     
   58.300000000000004        1.2864079485605107      -0.23623942174949156     
   58.400000000000006        1.1592067780141901      -0.24547269155318785     
   58.500000000000000        1.0211647961198063      -0.25396066364577230     
   58.600000000000001       0.87362012840994174      -0.26145731855220861     
   58.700000000000003       0.71799107041119714      -0.26772829115565311     
   58.800000000000004       0.55576049282220885      -0.27255906112487321     
   58.900000000000006       0.38846080648966180      -0.27576242207979879     
   59.000000000000000       0.21765997252585778      -0.27718476145849541     
   59.100000000000001        4.4948788984675379E-002 -0.27671106510847193     
   59.200000000000003      -0.12807051076126164      -0.27426932904973389     
   59.300000000000004      -0.29979445204427646      -0.26983530675539175     
   59.400000000000006      -0.46862771413057508      -0.26343718543169176     
   59.500000000000000      -0.63299268861409153      -0.25515833680450922     
   59.600000000000001      -0.79134067569502409      -0.24513733833041648     
   59.700000000000003      -0.94216593496073919      -0.23356551373086412     
   59.800000000000004       -1.0840218391658782      -0.22068093554249352     
   59.900000000000006       -1.2155364398611963      -0.20675801922471873     
   60.000000000000000       -1.3354281945107909      -0.19209463409901581     
