  0.10000000000000001       -2.4999907073093919        8.5896498964597672E-010
  0.10000000000000001       -1.6699503734044527        5.9754195973119881E-007
  0.10000000000000001      -0.96716692790560321        5.6421464049859873E-005
  0.10000000000000001      -0.32573248617385797        1.5673575035215184E-003
  0.10000000000000001       0.28000742481351115        1.7365774491785758E-002
  0.10000000000000001       0.86388441478907940        8.9417795397846056E-002
  0.10000000000000001        1.4349304167444243       0.23246229360513004     
  0.10000000000000001        2.0000000000000000       0.31825951825350424     
  0.10000000000000001        2.5650695832555757       0.23246229360512999     
  0.10000000000000001        3.1361155852109208        8.9417795397845959E-002
  0.10000000000000001        3.7199925751864891        1.7365774491785751E-002
  0.10000000000000001        4.3257324861738580        1.5673575035215182E-003
  0.10000000000000001        4.9671669279056037        5.6421464049859527E-005
  0.10000000000000001        5.6699503734044523        5.9754195973117975E-007
  0.10000000000000001        6.4999907073093919        8.5896498964605934E-010

   6.0999999999999996       -2.4636163234370736        1.3935372480409765E-009
   6.0999999999999996       -1.6682848094918354        6.0751898814857949E-007
   6.0999999999999996      -0.99488883238951797        5.3268467428398138E-005
   6.0999999999999996      -0.38027649995128088        1.5281157602329985E-003
   6.0999999999999996       0.20013389793404901        1.7358388100035309E-002
   6.0999999999999996       0.75959559085009487        8.9801035471348462E-002
   6.0999999999999996        1.3067628340741257       0.23241777412442222     
   6.0999999999999996        1.8482035674668860       0.31739338576138709     
   6.0999999999999996        2.3896443008596462       0.23271774337704854     
   6.0999999999999996        2.9368115440836773        8.9964696765743923E-002
   6.0999999999999996        3.4962732369997229        1.7261781163838096E-002
   6.0999999999999996        4.0766836348850530        1.4583911777140100E-003
   6.0999999999999996        4.6912959673232901        4.4338711316366907E-005
   6.0999999999999996        5.3646919444256076        4.0355057862844356E-007
   6.0999999999999996        6.1600234583708451        1.2992447030162566E-009

   12.100000000000000       -2.5935914751931186        9.5397733731777987E-009
   12.100000000000000       -1.8535188089904526        2.7275042472565229E-007
   12.100000000000000       -1.2269097190121876        2.4192574581832181E-005
   12.100000000000000      -0.65500004414933066        1.2521894654795502E-003
   12.100000000000000      -0.11491598722068441        1.6823585071067574E-002
   12.100000000000000       0.40567486006107401        9.0517600669120082E-002
   12.100000000000000       0.91482546386759322       0.23423744363002924     
   12.100000000000000        1.4186474300877032       0.31685602235061894     
   12.100000000000000        1.9224693963078132       0.23097401704347323     
   12.100000000000000        2.4316200001143322        8.9878957944513366E-002
   12.100000000000000        2.9522108473960911        1.7752178754582005E-002
   12.100000000000000        3.4922949043247371        1.6189747912687654E-003
   12.100000000000000        4.0642045791875940        6.2899022668560383E-005
   12.100000000000000        4.6908136691658591        1.4088679579229505E-006
   12.100000000000000        5.4308863353685251        1.7391751614990565E-008

   18.100000000000001       -3.4065445193500161        1.8527470304632339E-007
   18.100000000000001       -2.6338274914798103        1.2651627601643530E-005
   18.100000000000001       -1.9795788808280212        2.1142062248023354E-004
   18.100000000000001       -1.3824424584848352        2.1787225128930858E-003
   18.100000000000001      -0.81853547160565510        1.7525156297953513E-002
   18.100000000000001      -0.27498153343354470        8.6868371323440163E-002
   18.100000000000001       0.25662753588986598       0.23111575495779482     
   18.100000000000001       0.78267292317716686       0.32195975842106755     
   18.100000000000001        1.3087183104644677       0.23370344191465878     
   18.100000000000001        1.8403273797878783        8.7618070926549080E-002
   18.100000000000001        2.3838813179599887        1.6918397709481243E-002
   18.100000000000001        2.9477883048391691        1.7661452615058042E-003
   18.100000000000001        3.5449247271823552        1.1618307121259287E-004
   18.100000000000001        4.1991733378341438        4.9437097999637332E-006
   18.100000000000001        4.9718903657043496        6.8305140895266928E-008

   24.100000000000001       -4.9408547754836460        9.4366677798995254E-007
   24.100000000000001       -4.0217297214399492        3.7707141398614554E-005
   24.100000000000001       -3.2435194996712275        5.0321276535097981E-004
   24.100000000000001       -2.5332426108981347        3.9563920602221237E-003
   24.100000000000001       -1.8624911959597223        2.0684297188128694E-002
   24.100000000000001       -1.2159491569223442        8.1455335997269521E-002
   24.100000000000001      -0.58361520160788616       0.21870055966138130     
   24.100000000000001        4.2100911252373717E-002  0.32933940671636019     
   24.100000000000001       0.66781702411263355       0.24466991891734241     
   24.100000000000001        1.3001509794270918        8.5087196698595477E-002
   24.100000000000001        1.9466930184644700        1.4228516198188639E-002
   24.100000000000001        2.6174444334028819        1.2712811726766932E-003
   24.100000000000001        3.3277213221759747        6.0065770066698703E-005
   24.100000000000001        4.1059315439446964        1.6159828062852339E-006
   24.100000000000001        5.0250565979883932        4.1201466209842324E-008

   30.100000000000001       -6.5366997176297197        1.3381307580995005E-006
   30.100000000000001       -5.4579403839567515        1.6881296281473398E-005
   30.100000000000001       -4.5445700687865518        2.8088272014065862E-004
   30.100000000000001       -3.7109317952075762        3.4214099144415137E-003
   30.100000000000001       -2.9236838072914928        2.1600762661774690E-002
   30.100000000000001       -2.1648498965466714        8.4958884765985621E-002
   30.100000000000001       -1.4226917394028156       0.21544730825561467     
   30.100000000000001      -0.68830081620045158       0.32491427852738308     
   30.100000000000001        4.6090107001912406E-002  0.24791234959811095     
   30.100000000000001       0.78824826414576821        8.6980044547717184E-002
   30.100000000000001        1.5470821748905896        1.3564482355476862E-002
   30.100000000000001        2.3343301628066730        8.5880513171983591E-004
   30.100000000000001        3.1679684363856486        1.9209442015643036E-005
   30.100000000000001        4.0813387515558475        3.6227697756036685E-007
   30.100000000000001        5.1600980852288156        9.0338393162267089E-008

   36.100000000000001       -7.5161541628111941        1.9731658976092118E-006
   36.100000000000001       -6.3691899434463242        8.8934626347161666E-006
   36.100000000000001       -5.3980715133852435        4.2320261499728739E-005
   36.100000000000001       -4.5117262074005717        1.3075007457626863E-003
   36.100000000000001       -3.6747042269442085        1.6903914727483389E-002
   36.100000000000001       -2.8678928122965761        9.3851551330883007E-002
   36.100000000000001       -2.0788114808234095       0.22985182487027372     
   36.100000000000001       -1.2979884690108423       0.31080106824444675     
   36.100000000000001      -0.51716545719827534       0.23853273748335085     
   36.100000000000001       0.27191587427489172        9.1312607589597319E-002
   36.100000000000001        1.0787272889225239        1.6187475956819367E-002
   36.100000000000001        1.9157492693788871        1.0676005668788691E-003
   36.100000000000001        2.8020945753635584        1.7286552810928937E-005
   36.100000000000001        3.7732130054246400        4.2034479195493465E-007
   36.100000000000001        4.9201772247895086        3.1499418017137564E-007

   42.100000000000001       -7.5253743503420214        2.5068616272260497E-006
   42.100000000000001       -6.4504744038560462        1.5692603595883536E-005
   42.100000000000001       -5.5403717773920445        5.7762397829851692E-006
   42.100000000000001       -4.7097159418520365        1.9408614397337069E-004
   42.100000000000001       -3.9252844253236949        8.2877511201356439E-003
   42.100000000000001       -3.1691653312954182        9.2818678592244908E-002
   42.100000000000001       -2.4296623314169472       0.26726533978654604     
   42.100000000000001       -1.6978987772956933       0.29943651774680946     
   42.100000000000001      -0.96613522317443923       0.21105757111050802     
   42.100000000000001      -0.22663222329596833        9.6359752466430054E-002
   42.100000000000001       0.52948687073230816        2.1835780928465075E-002
   42.100000000000001        1.3139183872606497        2.1994430045291211E-003
   42.100000000000001        2.1445742228006575        1.2635001263312042E-004
   42.100000000000001        3.0546768492646601        3.2422623827369690E-006
   42.100000000000001        4.1295767957506353        1.3180192596484158E-006

   48.100000000000001       -6.6355716312930815        2.3989532962473948E-006
   48.100000000000001       -5.7502180156049709        1.2217916833056157E-005
   48.100000000000001       -5.0006015944475211        2.5221163171009691E-005
   48.100000000000001       -4.3164224298731826        3.2993701976007377E-004
   48.100000000000001       -3.6703164535090496        6.8728652362837345E-003
   48.100000000000001       -3.0475303272493552        7.6383260954393489E-002
   48.100000000000001       -2.4384302366827848       0.28681355867553560     
   48.100000000000001       -1.8357048289943509       0.33026636132914122     
   48.100000000000001       -1.2329794213059171       0.17584468618995902     
   48.100000000000001      -0.62387933073934665        8.5962933002877912E-002
   48.100000000000001       -1.0932044796523321E-003   3.0888174708181365E-002
   48.100000000000001       0.64501277188448092        5.1844012041373684E-003
   48.100000000000001        1.3291919364588189        3.4702707624889194E-004
   48.100000000000001        2.0788083576162686        2.0498534016034235E-005
   48.100000000000001        2.9641619733043791        6.1091401409172071E-006

   54.100000000000001       -5.5079594129496625        1.8627969728990808E-006
   54.100000000000001       -4.8061734476352829        1.3283921040206945E-005
   54.100000000000001       -4.2119811673805492        5.1470798127372318E-005
   54.100000000000001       -3.6696584988436287        1.4809646037501367E-003
   54.100000000000001       -3.1575149911157228        1.4289480292774786E-002
   54.100000000000001       -2.6638562370800587        8.2140878997333466E-002
   54.100000000000001       -2.1810458803401591       0.23390029649108676     
   54.100000000000001       -1.7032884910224677       0.34838730192627426     
   54.100000000000001       -1.2255311017047763       0.22732413417041925     
   54.100000000000001      -0.74272074496487661        5.6095767087843633E-002
   54.100000000000001      -0.24906199092921266        2.3385632820655186E-002
   54.100000000000001       0.26308151679869307        9.8729641386011060E-003
   54.100000000000001       0.80540418533561375        7.7035311046181536E-004
   54.100000000000001        1.3995964655903470        3.4915566067655349E-005
   54.100000000000001        2.1013824309047271        1.4891121718851664E-005

   60.100000000000001       -5.3575384712859915        2.9112993361867811E-007
   60.100000000000001       -4.6156121881293215        2.1931995855238131E-005
   60.100000000000001       -3.9874336668157833        2.4466975646014733E-004
   60.100000000000001       -3.4140915630606052        1.6492185101950221E-003
   60.100000000000001       -2.8726547890134535        1.3876454360420894E-002
   60.100000000000001       -2.3507600481213924        7.4303724225551593E-002
   60.100000000000001       -1.8403342044168773       0.22952477177038469     
   60.100000000000001       -1.3352503446273458       0.36720824051640272     
   60.100000000000001      -0.83016648483781430       0.23404165233363006     
   60.100000000000001      -0.31974064113329925        4.4484280811675304E-002
   60.100000000000001       0.20215409975876186        1.2529308011613149E-002
   60.100000000000001       0.74359087380591382        1.3278733010677472E-002
   60.100000000000001        1.3169329775610914        3.9763104373177855E-003
   60.100000000000001        1.9451114988746296        4.8455655066923680E-004
   60.100000000000001        2.6870377820313003        2.3067609993665904E-005

