   0.0000000000000000        1.0000000000704796       0.99999999999054323     
  0.10000000000000001       0.99999759401777522       0.99999787921238525     
  0.20000000000000001       0.99996198989697249       0.99997111945832995     
  0.30000000000000004       0.99981192303156396       0.99986234880582292     
  0.40000000000000002       0.99942459010905049       0.99958791311019735     
  0.50000000000000000       0.99865334529980465       0.99905321004838987     
  0.60000000000000009       0.99734981910758613       0.99816966947849817     
  0.70000000000000007       0.99538771095322587       0.99687040731870902     
  0.80000000000000004       0.99268492095822558       0.99512218795906271     
  0.90000000000000002       0.98922061669846773       0.99293227204071999     
   1.0000000000000000       0.98504447550749352       0.99034982576814201     
   1.1000000000000001       0.98027666795872437       0.98746257576574148     
   1.2000000000000002       0.97509883863539515       0.98438998289907176     
   1.3000000000000000       0.96973790721436803       0.98127426132991835     
   1.4000000000000001       0.96444550524512240       0.97827030700154727     
   1.5000000000000000       0.95947606585226108       0.97553530980747316     
   1.6000000000000001       0.95506608292833550       0.97321858620977864     
   1.7000000000000002       0.95141616043832655       0.97145192916172773     
   1.8000000000000000       0.94867654365768839       0.97034053594073955     
   1.9000000000000001       0.94693614121740954       0.96995443594918518     
   2.0000000000000000       0.94621474651799742       0.97032038425952649     
   2.1000000000000001       0.94645825623683111       0.97141442989269322     
   2.2000000000000002       0.94753707832131007       0.97315577084647020     
   2.3000000000000003       0.94924847606617380       0.97540300002370672     
   2.4000000000000004       0.95132410690361624       0.97795433579966173     
   2.5000000000000000       0.95344422736023171       0.98055378732731524     
   2.6000000000000001       0.95525966867614576       0.98290521281620646     
   2.7000000000000002       0.95642153468874336       0.98469556748913978     
   2.8000000000000003       0.95661666405857504       0.98562697988876180     
   2.9000000000000004       0.95560465026207331       0.98545460625407921     
   3.0000000000000000       0.95325043937599629       0.98402415413872557     
   3.1000000000000001       0.94954617059811308       0.98130100900297379     
   3.2000000000000002       0.94461754266939524       0.97738361309893618     
   3.3000000000000003       0.93871329549738480       0.97249744086840006     
   3.4000000000000004       0.93218026889451011       0.96697101621278203     
   3.5000000000000000       0.92542950837297511       0.96119965665901386     
   3.6000000000000001       0.91890002093610279       0.95560468160164092     
   3.7000000000000002       0.91302592902134927       0.95059553568745203     
   3.8000000000000003       0.90821062391175367       0.94654008851025839     
   3.9000000000000004       0.90480906464188982       0.94374516499095018     
   4.0000000000000000       0.90311737376095813       0.94244638552944937     
   4.1000000000000005       0.90336769088191082       0.94280463758146471     
   4.2000000000000002       0.90572583189274314       0.94490614928634487     
   4.2999999999999998       0.91028944988669536       0.94876372374056728     
   4.4000000000000004       0.91708487289345131       0.95431762202264836     
   4.5000000000000000       0.92606145697235853       0.96143549545346541     
   4.6000000000000005       0.93708310041331211       0.96991158586398996     
   4.7000000000000002       0.94991755392944788       0.97946619411421287     
   4.8000000000000007       0.96422539052666356       0.98974718274446882     
   4.9000000000000004       0.97955195054962685        1.0003359112655408     
   5.0000000000000000       0.99532703566131164        1.0107602417144796     
   5.1000000000000005        1.0108780538914750        1.0205167716907737     
   5.2000000000000002        1.0254618506550197        1.0291029909793608     
   5.3000000000000007        1.0383176675283408        1.0360575955588920     
   5.4000000000000004        1.0487382001791208        1.0410041651230295     
   5.5000000000000000        1.0561486238442455        1.0436908213943521     
   5.6000000000000005        1.0601774767129044        1.0440176156256542     
   5.7000000000000002        1.0607019349163469        1.0420450710166509     
   5.8000000000000007        1.0578552954852534        1.0379812931488956     
   5.9000000000000004        1.0519949967816100        1.0321501247160541     
   6.0000000000000000        1.0436406999504513        1.0249472690647357     
   6.1000000000000005        1.0333988948475628        1.0167936210544741     
   6.2000000000000002        1.0218909061525858        1.0080945343592365     
   6.3000000000000007        1.0096963326203134       0.99921093424219365     
   6.4000000000000004       0.99731710962277276       0.99044438406471580     
   6.5000000000000000       0.98516150924510837       0.98203476456472971     
   6.6000000000000005       0.97354390179746686       0.97416696370196321     
   6.7000000000000002       0.96269495227132162       0.96698219070150404     
   6.8000000000000007       0.95277733671395648       0.96059003477154015     
   6.9000000000000004       0.94390318251824712       0.95507863843457708     
   7.0000000000000000       0.93615065694633581       0.95052170906414768     
   7.1000000000000005       0.92957814663827198       0.94698215485891479     
   7.2000000000000002       0.92423520831933703       0.94451284162542326     
   7.3000000000000007       0.92016996147120922       0.94315537868168975     
   7.4000000000000004       0.91743290054714333       0.94293792868258797     
   7.5000000000000000       0.91607727979223674       0.94387277054598695     
   7.6000000000000005       0.91615630096102230       0.94595387161182287     
   7.7000000000000002       0.91771733337536898       0.94915430881138840     
   7.8000000000000007       0.92079333883051451       0.95342318231967649     
   7.9000000000000004       0.92539160119009234       0.95868166093474538     
   8.0000000000000000       0.93147983980572113       0.96481789365171100     
   8.0999999999999996       0.93896991223135740       0.97168070982024768     
   8.2000000000000011       0.94769970268817072       0.97907239837233995     
   8.3000000000000007       0.95741457275337560       0.98674148885481405     
   8.4000000000000004       0.96775100384659607       0.99437734383623200     
   8.5000000000000000       0.97822672813084754        1.0016093637661254     
   8.5999999999999996       0.98824335811528075        1.0080143785565976     
   8.7000000000000011       0.99710843957236051        1.0131358500556622     
   8.8000000000000007        1.0040826468929835        1.0165172461528142     
   8.9000000000000004        1.0084531922656028        1.0177489757430582     
   9.0000000000000000        1.0096262141655332        1.0165238123867510     
   9.0999999999999996        1.0072211325848137        1.0126909510577056     
   9.2000000000000011        1.0011434635243472        1.0062958116334544     
   9.3000000000000007       0.99161444057226089       0.99759371057662916     
   9.4000000000000004       0.97914739175290944       0.98703158486659015     
   9.5000000000000000       0.96447757345595642       0.97520124186857249     
   9.6000000000000014       0.94846587181188169       0.96277575440463214     
   9.7000000000000011       0.93200124836756593       0.95044375607755527     
   9.8000000000000007       0.91592168213211267       0.93885403881585827     
   9.9000000000000004       0.90096320402748176       0.92857741887379497     
   10.000000000000000       0.88773692067682353       0.92008709877368733     
   10.100000000000001       0.87672788784136801       0.91375444721117571     
   10.200000000000001       0.86830767581121804       0.90985491691199127     
   10.300000000000001       0.86275318170203197       0.90857856710687301     
   10.400000000000000       0.86026611971548506       0.91004064638169846     
   10.500000000000000       0.86098954649311499       0.91428909834156635     
   10.600000000000001       0.86501922496139749       0.92130711334422100     
   10.700000000000001       0.87240848756839429       0.93100978108896792     
   10.800000000000001       0.88316563901690004       0.94323461114231022     
   10.900000000000000       0.89724304372583785       0.95772644711100896     
   11.000000000000000       0.91451713454763695       0.97411841193186266     
   11.100000000000001       0.93475899227645354       0.99191222663329870     
   11.200000000000001       0.95759632238939552        1.0104635628380245     
   11.300000000000001       0.98247012334803840        1.0289805923530033     
   11.400000000000000        1.0085935284860019        1.0465454663279681     
   11.500000000000000        1.0349260537157194        1.0621672569502814     
   11.600000000000001        1.0601822131601835        1.0748689992471496     
   11.700000000000001        1.0828953690904790        1.0838004402008152     
   11.800000000000001        1.1015502027936270        1.0883549257834568     
   11.900000000000000        1.1147764126450099        1.0882601995229106     
   12.000000000000000        1.1215659901935893        1.0836156296486703     
   12.100000000000001        1.1214518775202507        1.0748638958003491     
   12.200000000000001        1.1145866239667213        1.0627067137553399     
   12.300000000000001        1.1016929598358316        1.0479909660396036     
   12.400000000000000        1.0839075246595793        1.0315961964952620     
   12.500000000000000        1.0625750291035516        1.0143469895101658     
   12.600000000000001        1.0390548352394824       0.99696039419583304     
   12.700000000000001        1.0145804714747040       0.98002629702682931     
   12.800000000000001       0.99018356824305453       0.96401153421005481     
   12.900000000000000       0.96667248964262620       0.94927691713044116     
   13.000000000000000       0.94464722598583539       0.93609835755725346     
   13.100000000000001       0.92453277429493597       0.92468661126779772     
   13.200000000000001       0.90661809940725535       0.91520313638831097     
   13.300000000000001       0.89109307930507053       0.90777149688761560     
   13.400000000000000       0.87807990025227189       0.90248471399359120     
   13.500000000000000       0.86765788443440606       0.89940934217360202     
   13.600000000000001       0.85988201539443321       0.89858708008480459     
   13.700000000000001       0.85479590275479500       0.90003451874215223     
   13.800000000000001       0.85243994195704786       0.90374126495847118     
   13.900000000000000       0.85285519510265551       0.90966630707567664     
   14.000000000000000       0.85608316068534485       0.91773225031954375     
   14.100000000000001       0.86216116785508468       0.92781698448341932     
   14.200000000000001       0.87111265732519771       0.93974243414720326     
   14.300000000000001       0.88293113856304128       0.95326029681401203     
   14.400000000000000       0.89755623556248521       0.96803522436566836     
   14.500000000000000       0.91484016252804945       0.98362696417051310     
   14.600000000000001       0.93450362224900263       0.99947473641415663     
   14.700000000000001       0.95608218988411553        1.0148895466399603     
   14.800000000000001       0.97886866126868277        1.0290626753994714     
   14.900000000000000        1.0018643445314626        1.0410999179476308     
   15.000000000000000        1.0237622411437250        1.0500891544226918     
   15.100000000000001        1.0429935593165838        1.0552014683499966     
   15.200000000000001        1.0578672785775858        1.0558132622764889     
   15.300000000000001        1.0668096153128572        1.0516227055874878     
   15.400000000000000        1.0686636233763058        1.0427263371458997     
   15.500000000000000        1.0629581918650368        1.0296281583276181     
   15.600000000000001        1.0500397071687169        1.0131743956899908     
   15.700000000000001        1.0310059822964444       0.99443274755556998     
   15.800000000000001        1.0074698657328669       0.97455161483441233     
   15.900000000000000       0.98124980167562625       0.95463489454979378     
   16.000000000000000       0.95409350335723830       0.93565475885670135     
   16.100000000000001       0.92749791582934960       0.91840807099613364     
   16.199999999999999       0.90263430155919844       0.90350957868108650     
   16.300000000000001       0.88035265252898909       0.89140940796042101     
   16.400000000000002       0.86123039087365294       0.88242236070740099     
   16.500000000000000       0.84563674567033897       0.87675943948076862     
   16.600000000000001       0.83379521000463219       0.87455557930904049     
   16.699999999999999       0.82583582173413006       0.87589043274063283     
   16.800000000000001       0.82183488229604895       0.88080081146816602     
   16.900000000000002       0.82184258973486779       0.88928415814281203     
   17.000000000000000       0.82589995075183231       0.90129254337549325     
   17.100000000000001       0.83404612405465550       0.91671653702745481     
   17.199999999999999       0.84631658129475618       0.93535829337517762     
   17.300000000000001       0.86273144922681833       0.95689380396818491     
   17.400000000000002       0.88327229848165500       0.98082614155242243     
   17.500000000000000       0.90784468691021936        1.0064353523906828     
   17.600000000000001       0.93622338014861994        1.0327368490296547     
   17.699999999999999       0.96797822680774415        1.0584678769100440     
   17.800000000000001        1.0023826635047997        1.0821274811128510     
   17.900000000000002        1.0383157909534535        1.1020927786546333     
   18.000000000000000        1.0741843386324499        1.1168158786336684     
   18.100000000000001        1.1079104545143998        1.1250707374538471     
   18.199999999999999        1.1370445814018126        1.1261818649315305     
   18.300000000000001        1.1590488573371118        1.1201539308163921     
   18.400000000000002        1.1717355541843832        1.1076515757240100     
   18.500000000000000        1.1737472813786034        1.0898399219787238     
   18.600000000000001        1.1648931470041912        1.0681502937113914     
   18.699999999999999        1.1461856489673283        1.0440510138330703     
   18.800000000000001        1.1195624400780739        1.0188796393601520     
   18.900000000000002        1.0874274701126168       0.99375439503988061     
   19.000000000000000        1.0521988536879614       0.96955251283760790     
   19.100000000000001        1.0159931246367704       0.94693071233908277     
   19.200000000000003       0.98047835385040494       0.92636450401434678     
   19.300000000000001       0.94686025000946150       0.90819055910715230     
   19.400000000000002       0.91594416632680176       0.89264411499593999     
   19.500000000000000       0.88822533510697776       0.87988870560665822     
   19.600000000000001       0.86397831211768694       0.87003827760486430     
   19.700000000000003       0.84333247828067004       0.86317280242073902     
   19.800000000000001       0.82633026775589413       0.85934864510513942     
   19.900000000000002       0.81296955116347702       0.85860469257227745     
   20.000000000000000       0.80323323365036059       0.86096480747052484     
   20.100000000000001       0.79710917356580657       0.86643668695028320     
   20.200000000000003       0.79460290720700522       0.87500675156802876     
   20.300000000000001       0.79574482584127781       0.88663030571672297     
   20.400000000000002       0.80059256321267191       0.90121590676494245     
   20.500000000000000       0.80922843250247889       0.91860270376577635     
   20.600000000000001       0.82175073364648688       0.93852963445694326     
   20.700000000000003       0.83825653772971109       0.96059618652667345     
   20.800000000000001       0.85881209153785409       0.98421656472903540     
   20.900000000000002       0.88340538884289110        1.0085733266249057     
   21.000000000000000       0.91187426321561371        1.0325833117456420     
   21.100000000000001       0.94380399532138226        1.0548970769117774     
   21.200000000000003       0.97839385929403611        1.0739591816069092     
   21.300000000000001        1.0143070475612210        1.0881528302546635     
   21.400000000000002        1.0495477459661569        1.0960299343655373     
   21.500000000000000        1.0814500692976443        1.0965861222000144     
   21.600000000000001        1.1068919203384768        1.0894976632226763     
   21.700000000000003        1.1228096395326694        1.0752268640954616     
   21.800000000000001        1.1269404454017904        1.0549456786476652     
   21.900000000000002        1.1185112667646626        1.0303050021000850     
   22.000000000000000        1.0985122220441035        1.0031385441730405     
   22.100000000000001        1.0693890889099076       0.97519832389495209     
   22.200000000000003        1.0343335669222886       0.94798091640686444     
   22.300000000000001       0.99653807629493363       0.92265431428256528     
   22.400000000000002       0.95869231943547784       0.90006236757718505     
   22.500000000000000       0.92278644472985261       0.88077361746612848     
   22.600000000000001       0.89013824612104409       0.86514634155584580     
   22.700000000000003       0.86152817655955738       0.85339187920348736     
   22.800000000000001       0.83735713109984622       0.84562753095881094     
   22.900000000000002       0.81778421868009010       0.84191633979104741     
   23.000000000000000       0.80283130557843696       0.84229404993841461     
   23.100000000000001       0.79245586391143985       0.84678445667410485     
   23.200000000000003       0.78659870883256799       0.85540409382032423     
   23.300000000000001       0.78521349428850440       0.86815634524791918     
   23.400000000000002       0.78828333317847332       0.88501396529500520     
   23.500000000000000       0.79582798936622789       0.90588792836290311     
   23.600000000000001       0.80790322050378816       0.93057990522303335     
   23.700000000000003       0.82459206698446030       0.95871625839529895     
   23.800000000000001       0.84598605460165888       0.98966462864207894     
   23.900000000000002       0.87215226997952722        1.0224418590396209     
   24.000000000000000       0.90308009676464773        1.0556357074449871     
   24.100000000000001       0.93859953145888497        1.0873810499604928     
   24.200000000000003       0.97826289426100610        1.1154452056067516     
   24.300000000000001        1.0211867272748452        1.1374679668318395     
   24.400000000000002        1.0658665632408868        1.1513503617529948     
   24.500000000000000        1.1100108950977499        1.1556977030718554     
   24.600000000000001        1.1504919098113682        1.1501502718712293     
   24.700000000000003        1.1835543977041876        1.1354521207098853     
   24.800000000000001        1.2053962710533357        1.1132286590262865     
   24.900000000000002        1.2130647607670035        1.0855844060732556     
   25.000000000000000        1.2053431830852590        1.0546909668665907     
   25.100000000000001        1.1831639290554585        1.0224902644312268     
   25.200000000000003        1.1492960995767234       0.99054965405261775     
   25.300000000000001        1.1074965570223239       0.96003946074593605     
   25.400000000000002        1.0615824475132405       0.93178115787984894     
   25.500000000000000        1.0147902258168469       0.90632216015887801     
   25.600000000000001       0.96951645264835573       0.88401057782633619     
   25.700000000000003       0.92734134992385098       0.86505813999686587     
   25.800000000000001       0.88918925386420233       0.84958851109179734     
   25.900000000000002       0.85551875308409930       0.83767240660254738     
   26.000000000000000       0.82648885972772890       0.82935218885817452     
   26.100000000000001       0.80208488082021157       0.82465847469319364     
   26.200000000000003       0.78220610548881386       0.82362059539080457     
   26.300000000000001       0.76672368301911287       0.82627195706330303     
   26.400000000000002       0.75551746193124414       0.83265061110538863     
   26.500000000000000       0.74849884938803657       0.84279464256850356     
   26.600000000000001       0.74562467207762184       0.85673123924682315     
   26.700000000000003       0.74690519021555535       0.87445746176338557     
   26.800000000000001       0.75240791554842490       0.89590983541393909     
   26.900000000000002       0.76225755776120663       0.92091915664830892     
   27.000000000000000       0.77663102670977657       0.94914695043554720     
   27.100000000000001       0.79574466798427879       0.98000208593873095     
   27.200000000000003       0.81982849457713369        1.0125423057614151     
   27.300000000000001       0.84907881252414930        1.0453785268386959     
   27.400000000000002       0.88357633323547480        1.0766207977690840     
   27.500000000000000       0.92315269754130092        1.1039280041503632     
   27.600000000000001       0.96718817660381839        1.1247296158209630     
   27.700000000000003        1.0143366919562495        1.1366463914742104     
   27.800000000000001        1.0622183352627652        1.1380330268405165     
   27.900000000000002        1.1072109044752807        1.1284452834921923     
   28.000000000000000        1.1445905372322158        1.1088050874159019     
   28.100000000000001        1.1692977677788137        1.0811680687469238     
   28.200000000000003        1.1773364184068691        1.0482087564009195     
   28.300000000000001        1.1672417132241966        1.0126605050935169     
   28.400000000000002        1.1406991035802672       0.97690574923603735     
   28.500000000000000        1.1018590853219701       0.94278326138604973     
   28.600000000000001        1.0558443781809690       0.91157354686841485     
   28.700000000000003        1.0073700875793565       0.88408523038891651     
   28.800000000000001       0.96001366282934808       0.86077589771923879     
   28.900000000000002       0.91610389288815131       0.84186760059748800     
   29.000000000000000       0.87694541450944619       0.82744027175500190     
   29.100000000000001       0.84313162004784159       0.81750009742132279     
   29.200000000000003       0.81481953429387277       0.81202600494567667     
   29.300000000000001       0.79193012192946510       0.81099894617077273     
   29.400000000000002       0.77427971808452722       0.81441800139118137     
   29.500000000000000       0.76166048278195120       0.82230584679844876     
   29.600000000000001       0.75388705460596173       0.83470440169334792     
   29.700000000000003       0.75082218495768416       0.85165966390195802     
   29.800000000000001       0.75238973219830363       0.87319287100741161     
   29.900000000000002       0.75857994006448992       0.89925330263285697     
   30.000000000000000       0.76944934990059888       0.92964678094208952     
   30.100000000000001       0.78511563463260903       0.96393461520487689     
   30.200000000000003       0.80574566662715852        1.0013031543102582     
   30.300000000000001       0.83153280971655530        1.0404184916529133     
   30.400000000000002       0.86265635641304417        1.0793078811820276     
   30.500000000000000       0.89921199359089032        1.1153455416295930     
   30.600000000000001       0.94109762223292714        1.1454436810886159     
   30.700000000000003       0.98783612942610499        1.1665151347910843     
   30.800000000000001        1.0383224700861839        1.1761460569520217     
   30.900000000000002        1.0905105739709842        1.1732404432674428     
   31.000000000000000        1.1411257141237019        1.1583238143532331     
   31.100000000000001        1.1856044742180147        1.1333432038293580     
   31.200000000000003        1.2185611572405666        1.1010846771945011     
   31.300000000000001        1.2349735730266886        1.0645078458664763     
   31.400000000000002        1.2318114595302971        1.0262510760532846     
   31.500000000000000        1.2092499091268112       0.98839333919388939     
   31.600000000000001        1.1706282336485765       0.95242391104302171     
   31.700000000000003        1.1211739096574582       0.91932674598513953     
   31.800000000000001        1.0663551779350966       0.88970293455727678     
   31.900000000000002        1.0107147694673901       0.86388784224305970     
   32.000000000000000       0.95744004427537277       0.84204580050570299     
   32.100000000000001       0.90845778975698799       0.82423995790138005     
   32.200000000000003       0.86474640264241631       0.81048110354886227     
   32.300000000000004       0.82666291321425966       0.80076073407732773     
   32.399999999999999       0.79420209977807743       0.79507295057276250     
   32.500000000000000       0.76717531655625060       0.79342842333519670     
   32.600000000000001       0.74532399440091857       0.79586235840646591     
   32.700000000000003       0.72838766221046847       0.80243732146357838     
   32.800000000000004       0.71614300489676963       0.81324079576027952     
   32.899999999999999       0.70842559730349053       0.82837625830703654     
   33.000000000000000       0.70514182597260111       0.84794518445605682     
   33.100000000000001       0.70627551472772931       0.87201564974744816     
   33.200000000000003       0.71189165007614519       0.90057115309204583     
   33.300000000000004       0.72213797662053381       0.93343141755841108     
   33.399999999999999       0.73724370990915322       0.97013674309742459     
   33.500000000000000       0.75751275327291634        1.0097925109982420     
   33.600000000000001       0.78330605024923328        1.0508870183038748     
   33.700000000000003       0.81500335067415464        1.0911315029547184     
   33.800000000000004       0.85292797407578425        1.1274257163596983     
   33.899999999999999       0.89720898363702684        1.1560973574819740     
   34.000000000000000       0.94754612727951715        1.1735268315073137     
   34.100000000000001        1.0028444461850918        1.1770765950699109     
   34.200000000000003        1.0607247030008313        1.1659567026219986     
   34.300000000000004        1.1170393938563645        1.1415412813052199     
   34.399999999999999        1.1657567457680011        1.1069260186424008     
   34.500000000000000        1.1997767964683714        1.0659937821515875     
   34.600000000000001        1.2129781230037004        1.0224886587415265     
   34.700000000000003        1.2027442683822946       0.97944125643906832     
   34.800000000000004        1.1712331185599894       0.93899099850338574     
   34.899999999999999        1.1243237616621347       0.90247185647107020     
   35.000000000000000        1.0691312014739074       0.87060650445913279     
   35.100000000000001        1.0118537420443796       0.84370762124665499     
   35.200000000000003       0.95683633690964964       0.82184217472592835     
   35.300000000000004       0.90662183477317682       0.80494968479065010     
   35.399999999999999       0.86242006942053218       0.79292076137178291     
   35.500000000000000       0.82460543161566369       0.78564614590415449     
   35.600000000000001       0.79309518569714565       0.78304546024580457     
   35.700000000000003       0.76759541823346911       0.78508229823107023     
   35.800000000000004       0.74774644850973626       0.79176961335222851     
   35.899999999999999       0.73320297015957669       0.80316694863086091     
   36.000000000000000       0.72367543343084462       0.81936883694154361     
   36.100000000000001       0.71894983372378352       0.84048143087620042     
   36.200000000000003       0.71889613459977086       0.86658189974463085     
   36.300000000000004       0.72347098451703118       0.89765244105196373     
   36.399999999999999       0.73271744150321627       0.93347875247944001     
   36.500000000000000       0.74676235828757598       0.97350401495066130     
   36.600000000000001       0.76581026929417761        1.0166391485017834     
   36.700000000000003       0.79013046540485465        1.0610565127030884     
   36.800000000000004       0.82003080305790788        1.1040436794197759     
   36.899999999999999       0.85580697216218649        1.1420552732730531     
   37.000000000000000       0.89764890564161592        1.1711214864370367     
   37.100000000000001       0.94547731075751706        1.1876618720801593     
   37.200000000000003       0.99867725200502111        1.1894823915931583     
   37.300000000000004        1.0557061384527382        1.1764776602371865     
   37.399999999999999        1.1136113022191549        1.1506250040830091     
   37.500000000000000        1.1676402907149253        1.1152858916523769     
   37.600000000000001        1.2113575014982696        1.0742392247555570     
   37.700000000000003        1.2377872906617082        1.0309039351412759     
   37.800000000000004        1.2416475432428908       0.98794773117475088     
   37.899999999999999        1.2216392829775313       0.94722701707156465     
   38.000000000000000        1.1811265016818306       0.90990939248840053     
   38.100000000000001        1.1266185756328877       0.87665364716431093     
   38.200000000000003        1.0652656600453603       0.84777832619758298     
   38.300000000000004        1.0029754973316187       0.82339377085101206     
   38.400000000000006       0.94373617198723281       0.80349598575482928     
   38.500000000000000       0.88979515831784617       0.78802966900834714     
   38.600000000000001       0.84215486677615903       0.77692922170209400     
   38.700000000000003       0.80105419566286662       0.77014502474654900     
   38.800000000000004       0.76632336427570436       0.76766002852239390     
   38.900000000000006       0.73761129014782945       0.76949971982708665     
   39.000000000000000       0.71451902684893542       0.77573703566830754     
   39.100000000000001       0.69667304475359615       0.78649258537391109     
   39.200000000000003       0.68376314522367809       0.80192925846942520     
   39.300000000000004       0.67556096810083788       0.82223859878974270     
   39.400000000000006       0.67192864523488716       0.84761395740260093     
   39.500000000000000       0.67282299823591829       0.87820221020637501     
   39.600000000000001       0.67829807743322434       0.91402180614416362     
   39.700000000000003       0.68850710972628082       0.95483114839217409     
   39.800000000000004       0.70370346856213295       0.99993151202024766     
   39.900000000000006       0.72423853071146360        1.0479019429223457     
   40.000000000000000       0.75055158266218436        1.0963059988975459     
   40.100000000000001       0.78314236210029753        1.1414971492808623     
   40.200000000000003       0.82250907654875938        1.1787619294716967     
   40.300000000000004       0.86902251888663862        1.2030658866422674     
   40.400000000000006       0.92269070689672206        1.2104164804736510     
   40.500000000000000       0.98275645684728641        1.1993139511299953     
   40.600000000000001        1.0470917200136258        1.1714004341999353     
   40.700000000000003        1.1114751330428230        1.1308292264275379     
   40.800000000000004        1.1691464539550580        1.0827969147162388     
   40.900000000000006        1.2114396197455104        1.0321402897276666     
   41.000000000000000        1.2302115993617209       0.98256243114368691     
   41.100000000000001        1.2213978508532173       0.93648980159661310     
   41.200000000000003        1.1871775750518585       0.89528711149025175     
   41.300000000000004        1.1347776821265931       0.85957571468602034     
   41.400000000000006        1.0730314288349341       0.82951888179586852     
   41.500000000000000        1.0094195960610346       0.80503164970184238     
   41.600000000000001       0.94892267800366215       0.78591936624764058     
   41.700000000000003       0.89423830943396854       0.77196284036249341     
   41.800000000000004       0.84648172565531532       0.76296766637875124     
   41.900000000000006       0.80584423005989536       0.75879102754151007     
   42.000000000000000       0.77205357908993666       0.75935481042700070     
   42.100000000000001       0.74465182445394651       0.76465015237689438     
   42.200000000000003       0.72314784251303321       0.77473563464349249     
   42.300000000000004       0.70709469551007442       0.78972891345692664     
   42.400000000000006       0.69612549849322969       0.80978921361914680     
   42.500000000000000       0.68996794173136300       0.83508536625444152     
   42.600000000000001       0.68844875853368381       0.86574067769067387     
   42.700000000000003       0.69149411291914331       0.90174209221218049     
   42.800000000000004       0.69912875363897420       0.94279844942061775     
   42.900000000000006       0.71147480814093023       0.98813575912828733     
   43.000000000000000       0.72874950560925389        1.0362360003521236     
   43.100000000000001       0.75125925186046572        1.0845741150841555     
   43.200000000000003       0.77938461244253543        1.1294922130469440     
   43.300000000000004       0.81354600671899757        1.1664353013370552     
   43.400000000000006       0.85413218549969017        1.1907437881579499     
   43.500000000000000       0.90136201501068358        1.1989162328959178     
   43.600000000000001       0.95503619989689370        1.1898012424952438     
   43.700000000000003        1.0141293096265953        1.1649989150385602     
   43.800000000000004        1.0762050080159815        1.1282081510566071     
   43.900000000000006        1.1367730361537145        1.0839740267129470     
   44.000000000000000        1.1890060833930984        1.0365490380339086     
   44.100000000000001        1.2245679391723667       0.98926829498638724     
   44.200000000000003        1.2360854218705151       0.94441826394610073     
   44.300000000000004        1.2204209204964855       0.90338861217265054     
   44.400000000000006        1.1803867484422734       0.86691554299712326     
   44.500000000000000        1.1233397553823241       0.83531013950134003     
   44.600000000000001        1.0578932766606466       0.80863354361777739     
   44.700000000000003       0.99121678273968306       0.78681732273740801     
   44.800000000000004       0.92803691757672024       0.76974118405737380     
   44.900000000000006       0.87088607376720339       0.75728161231311930     
   45.000000000000000       0.82078267157937956       0.74934193005084526     
   45.100000000000001       0.77786255881911093       0.74587083080128225     
   45.200000000000003       0.74182013618701848       0.74687371003535097     
   45.300000000000004       0.71217543082177615       0.75241915013854588     
   45.400000000000006       0.68842152052044503       0.76264145961838503     
   45.500000000000000       0.67009992107610228       0.77773881013898138     
   45.600000000000001       0.65683604139000862       0.79796476946022044     
   45.700000000000003       0.64835403440487294       0.82360842390067235     
   45.800000000000004       0.64448199063475353       0.85495437254242712     
   45.900000000000006       0.64515342599714842       0.89220827409684555     
   46.000000000000000       0.65040812420844862       0.93536655897645249     
   46.100000000000001       0.66039360885919085       0.98400303336891148     
   46.200000000000003       0.67536712504243490        1.0369495696914348     
   46.300000000000004       0.69569641408368044        1.0918846400375406     
   46.400000000000006       0.72185508295882872        1.1449462280613998     
   46.500000000000000       0.75440397106430646        1.1906666703302335     
   46.600000000000001       0.79394201768444483        1.2226734962570829     
   46.700000000000003       0.84099671502047024        1.2353920414392434     
   46.800000000000004       0.89580418888241919        1.2261897520846108     
   46.900000000000006       0.95790743403223222        1.1966007614365617     
   47.000000000000000        1.0255046377911123        1.1516569771801290     
   47.100000000000001        1.0945818351804342        1.0978518925456136     
   47.200000000000003        1.1581889955962239        1.0411558445786464     
   47.300000000000004        1.2067722748230829       0.98598140310248916     
   47.400000000000006        1.2306548401170216       0.93506471713485095     
   47.500000000000000        1.2243153447759521       0.88981675300798679     
   47.600000000000001        1.1894933847762708       0.85077245650375877     
   47.700000000000003        1.1341806632572144       0.81796268264610750     
   47.800000000000004        1.0684775907928283       0.79116875829514011     
   47.900000000000006        1.0008824013856166       0.77007854747246274     
   48.000000000000000       0.93689660263602415       0.75437598848796938     
   48.100000000000001       0.87935831759664185       0.74378976445612499     
   48.200000000000003       0.82932806325240915       0.73811794508911743     
   48.300000000000004       0.78687426765758628       0.73723901477636944     
   48.400000000000006       0.75159610681545641       0.74111526845679476     
   48.500000000000000       0.72292453264432166       0.74979135546843323     
   48.600000000000001       0.70027954866736386       0.76338825325284054     
   48.700000000000003       0.68314533250110321       0.78209064525199012     
   48.800000000000004       0.67110208951856687       0.80612301374830120     
   48.900000000000006       0.66383683138315241       0.83570622719998455     
   49.000000000000000       0.66114503409888836       0.87098174424840058     
   49.100000000000001       0.66292930838039910       0.91188541292806702     
   49.200000000000003       0.66919797836612460       0.95795035940668471     
   49.300000000000004       0.68006456602502141        1.0080272151809149     
   49.400000000000006       0.69574776636434443        1.0599468107083492     
   49.500000000000000       0.71656988201760319        1.1102361093289521     
   49.600000000000001       0.74294915081753443        1.1541270452437506     
   49.700000000000003       0.77537701829886307        1.1861726593823756     
   49.800000000000004       0.81436384099463721        1.2015925842802726     
   49.900000000000006       0.86032407412816658        1.1979074783507975     
   50.000000000000000       0.91335411909991537        1.1759100243554177     
   50.100000000000001       0.97283879608349344        1.1392876616948355     
   50.200000000000003        1.0368325867224621        1.0931922060966865     
   50.300000000000004        1.1012688270923889        1.0427021531870111     
   50.400000000000006        1.1593590428062583       0.99187849809437456     
   50.500000000000000        1.2020286188834732       0.94350266639570468     
   50.600000000000001        1.2203194545772005       0.89923493868192605     
   50.700000000000003        1.2093303131593283       0.85991879502914859     
   50.800000000000004        1.1709910815859612       0.82587429531450740     
   50.900000000000006        1.1130813529476904       0.79712357964421754     
   51.000000000000000        1.0453671419673787       0.77354218201133484     
   51.100000000000001       0.97608369815336060       0.75495161126803234     
   51.200000000000003       0.91057430350081503       0.74117448005651843     
   51.300000000000004       0.85159429955231281       0.73206781393375642     
   51.400000000000006       0.80016465890516153       0.72754328588427686     
   51.500000000000000       0.75633552908248391       0.72757952425249950     
   51.600000000000001       0.71969692627830872       0.73222961300839584     
   51.700000000000003       0.68967441339481517       0.74162527720947624     
   51.800000000000004       0.66568476827679390       0.75597778910669400     
   51.900000000000006       0.64721112294480254       0.77557395879399371     
   52.000000000000000       0.63383531500781853       0.80076306777583606     
   52.100000000000001       0.62524915972989792       0.83192655624094569     
   52.200000000000003       0.62125649336415167       0.86941593287118146     
   52.300000000000004       0.62177224954354360       0.91343520579220927     
   52.400000000000006       0.62682174573332083       0.96383327483619496     
   52.500000000000000       0.63654155174589633        1.0197663479863015     
   52.600000000000001       0.65118198724024912        1.0792127303014150     
   52.700000000000003       0.67110984530977569        1.1384187487374076     
   52.800000000000004       0.69680767356789530        1.1915753542218774     
   52.900000000000006       0.72886179242097771        1.2313037443261632     
   53.000000000000000       0.76792352389638452        1.2504779263147601     
   53.100000000000001       0.81461456224441420        1.2450009317304380     
   53.200000000000003       0.86932599384061915        1.2158084138141443     
   53.300000000000004       0.93183397464310380        1.1684330182859464     
   53.400000000000006        1.0006453548400545        1.1104973734412484     
   53.500000000000000        1.0720630930786674        1.0490839455609662     
   53.600000000000001        1.1392655352857552       0.98935328575201875     
   53.700000000000003        1.1923222608767285       0.93440328910107606     
   53.800000000000004        1.2205101533780471       0.88573980139153397     
   53.900000000000006        1.2169932229053739       0.84385063903282687     
   54.000000000000000        1.1827840360125466       0.80866410014192169     
   54.100000000000001        1.1261917926952416       0.77985242463622095     
   54.200000000000003        1.0582346514878858       0.75700771272249734     
   54.300000000000004       0.98822521255538687       0.73973447269182135     
   54.400000000000006       0.92209556343852017       0.72769650710854927     
   54.500000000000000       0.86280900476809663       0.72063956768400972     
   54.600000000000001       0.81139681993212920       0.71840076555908938     
   54.700000000000003       0.76784502426727308       0.72091098685808674     
   54.800000000000004       0.73166510533867934       0.72819348404931494     
   54.900000000000006       0.70221227431354960       0.74035937348880287     
   55.000000000000000       0.67884620024321085       0.75759860268518486     
   55.100000000000001       0.66100454693630128       0.78016250784538643     
   55.200000000000003       0.64823198871189791       0.80833072106926507     
   55.300000000000004       0.64018833508602591       0.84235036008417663     
   55.400000000000006       0.63664817120505746       0.88232912349376491     
   55.500000000000000       0.63749824959964518       0.92805785007128072     
   55.600000000000001       0.64273555224425660       0.97873864787010700     
   55.700000000000003       0.65246708407397791        1.0326175381259588     
   55.800000000000004       0.66691116715313659        1.0865926343707828     
   55.900000000000006       0.68639857797505355        1.1360103761450191     
   56.000000000000000       0.71136959742637618        1.1750193193513625     
   56.100000000000001       0.74235903096180733        1.1978034487391516     
   56.200000000000003       0.77995410253941055        1.2004887446108063     
   56.300000000000004       0.82469757059486681        1.1827177720146242     
   56.400000000000006       0.87688854260806914        1.1477683138138624     
   56.500000000000000       0.93620977534539018        1.1011382905888152     
   56.600000000000001        1.0011045589528087        1.0486440818088869     
   56.700000000000003        1.0679051325530293       0.99509000493724431     
   56.800000000000004        1.1300049770484470       0.94380514464977339     
   56.900000000000006        1.1779365311688859       0.89677219427270394     
   57.000000000000000        1.2015806548477650       0.85498130033872166     
   57.100000000000001        1.1945285975246258       0.81878551688955936     
   57.200000000000003        1.1578021264378691       0.78817911576339905     
   57.300000000000004        1.0994417828364413       0.76298917354632878     
   57.400000000000006        1.0301983815704103       0.74298884320946135     
   57.500000000000000       0.95920538491605134       0.72795602660616843     
   57.600000000000001       0.89227500209336619       0.71770661180337680     
   57.700000000000003       0.83229011817744281       0.71211616555526169     
   57.800000000000004       0.78023334785117071       0.71113366334427752     
   57.900000000000006       0.73606471464376455       0.71478991428607908     
   58.000000000000000       0.69928354355182309       0.72320283975013822     
   58.100000000000001       0.66924088323513831       0.73658025156209550     
   58.200000000000003       0.64529726374612595       0.75521907663523247     
   58.300000000000004       0.62689488898701307       0.77949770830497522     
   58.400000000000006       0.61358597037691398       0.80985436248788800     
   58.500000000000000       0.60504032892435877       0.84673791590539305     
   58.600000000000001       0.60104454302575294       0.89050766750557075     
   58.700000000000003       0.60149901560825703       0.94124466499444426     
   58.800000000000004       0.60641616788620223       0.99842418554771961     
   58.900000000000006       0.61592113902176515        1.0604055355982147     
   59.000000000000000       0.63025506906654161        1.1237707673713189     
   59.100000000000001       0.64977969118578083        1.1827665731272086     
   59.200000000000003       0.67497985317542675        1.2294762437872886     
   59.300000000000004       0.70645665053411855        1.2555118373180396     
   59.400000000000006       0.74489653239215148        1.2551929431553979     
   59.500000000000000       0.79098873946703963        1.2283867776348381     
   59.600000000000001       0.84524199892685337        1.1806162087115903     
   59.700000000000003       0.90762232241363883        1.1203210458429360     
   59.800000000000004       0.97691289370222689        1.0555983664187347     
   59.900000000000006        1.0497442274735895       0.99238031550861439     
   60.000000000000000        1.1195121063735269       0.93419214109017701     
